84829, 1
84892, 2
84924, 3
84963, 4
84992, 5
85021, 6
85055, 7
85091, 8
85120, 9
85160, 10
85204, 11
85231, 12
85261, 13
85291, 14
85338, 15
85366, 16
85394, 17
85420, 18
85490, 19
85516, 20
85539, 21
85576, 22
85604, 23
85646, 24
85676, 25
85707, 26
85745, 27
85772, 28
85815, 29
85844, 30
85871, 31
85911, 32
85937, 33
85978, 34
86016, 35
86044, 36
86074, 37
86112, 38
86140, 39
86168, 40
86215, 41
86261, 42
86286, 43
86329, 44
86359, 45
86384, 46
86426, 47
86454, 48
86479, 49
86520, 50
86563, 51
86592, 52
86621, 53
86665, 54
86691, 55
86717, 56
86757, 57
86786, 58
86822, 59
86864, 60
86897, 61
86921, 62
86953, 63
86979, 64
87039, 65
87069, 66
87099, 67
87124, 68
87150, 69
87202, 70
87220, 71
87257, 72
87295, 73
87322, 74
87363, 75
87387, 76
87428, 77
87471, 78
87500, 79
87529, 80
87557, 81
87585, 82
87635, 83
87665, 84
87695, 85
87726, 86
87754, 87
87809, 88
87827, 89
87863, 90
87905, 91
87923, 92
87974, 93
88005, 94
88034, 95
88070, 96
88111, 97
88139, 98
88166, 99
88207, 100
88240, 101
88264, 102
88302, 103
88340, 104
88368, 105
88409, 106
88442, 107
88465, 108
88509, 109
88538, 110
88560, 111
88629, 112
88653, 113
88691, 114
88720, 115
88747, 116
88785, 117
88816, 118
88850, 119
88892, 120
88921, 121
88947, 122
88989, 123
89013, 124
89042, 125
89085, 126
89122, 127
89145, 128
89197, 129
89224, 130
89255, 131
89281, 132
89318, 133
89362, 134
89422, 135
89444, 136
89470, 137
89509, 138
89550, 139
89576, 140
89604, 141
89643, 142
89675, 143
89712, 144
89741, 145
89779, 146
89808, 147
89850, 148
89879, 149
89907, 150
89947, 151
89974, 152
90015, 153
90065, 154
90088, 155
90127, 156
90166, 157
90197, 158
90222, 159
90262, 160
90290, 161
90316, 162
90364, 163
90391, 164
90415, 165
90458, 166
90495, 167
90527, 168
90563, 169
90590, 170
90632, 171
90674, 172
90701, 173
90745, 174
90769, 175
90808, 176
90837, 177
90871, 178
90914, 179
90940, 180
90968, 181
91008, 182
91037, 183
91076, 184
91105, 185
91131, 186
91176, 187
91199, 188
91241, 189
91284, 190
91314, 191
91340, 192
91386, 193
91411, 194
91448, 195
91489, 196
91518, 197
91538, 198
91580, 199
91619, 200
91648, 201
91676, 202
91718, 203
91749, 204
91773, 205
91814, 206
91855, 207
91884, 208
91914, 209
91939, 210
92003, 211
92022, 212
92059, 213
92087, 214
92113, 215
92157, 216
92183, 217
92213, 218
92250, 219
92290, 220
92316, 221
92358, 222
92386, 223
92415, 224
92453, 225
92495, 226
92521, 227
92551, 228
92605, 229
92632, 230
92686, 231
92715, 232
92739, 233
92783, 234
92819, 235
92849, 236
92874, 237
92912, 238
92956, 239
92983, 240
93010, 241
93056, 242
93082, 243
93124, 244
93153, 245
93193, 246
93226, 247
93265, 248
93284, 249
93334, 250
93363, 251
93388, 252
93430, 253
93458, 254
93488, 255
93538, 256
93565, 257
93591, 258
93630, 259
93673, 260
93697, 261
93748, 262
93777, 263
93804, 264
93831, 265
93873, 266
93903, 267
93930, 268
93971, 269
94000, 270
94039, 271
94065, 272
94105, 273
94135, 274
94176, 275
94218, 276
94244, 277
94269, 278
94307, 279
94349, 280
94377, 281
94403, 282
94445, 283
94474, 284
94513, 285
94532, 286
94587, 287
94612, 288
94638, 289
94680, 290
94697, 291
94752, 292
94798, 293
94822, 294
94847, 295
94889, 296
94917, 297
94945, 298
94985, 299
95026, 300
95042, 301
95082, 302
95124, 303
95152, 304
95180, 305
95228, 306
95252, 307
95289, 308
95328, 309
95358, 310
95411, 311
95452, 312
95481, 313
95519, 314
95561, 315
95590, 316
95613, 317
95654, 318
95682, 319
95723, 320
95739, 321
95789, 322
95817, 323
95852, 324
95882, 325
95922, 326
95950, 327
95991, 328
96025, 329
96046, 330
96091, 331
96120, 332
96141, 333
96193, 334
96211, 335
96261, 336
96288, 337
96330, 338
96354, 339
96383, 340
96422, 341
96463, 342
96491, 343
96519, 344
96562, 345
96607, 346
96632, 347
96669, 348
96708, 349
96735, 350
96762, 351
96813, 352
96830, 353
96869, 354
96911, 355
96939, 356
96964, 357
97005, 358
97032, 359
97078, 360
97101, 361
97142, 362
97173, 363
97213, 364
97253, 365
97281, 366
97321, 367
97345, 368
97383, 369
97416, 370
97443, 371
97492, 372
97519, 373
97548, 374
97576, 375
97617, 376
97645, 377
97688, 378
97714, 379
97757, 380
97785, 381
97826, 382
97845, 383
97896, 384
97921, 385
97950, 386
97987, 387
98028, 388
98044, 389
98100, 390
98127, 391
98147, 392
98187, 393
98227, 394
98255, 395
98284, 396
98322, 397
98359, 398
98384, 399
98427, 400
98457, 401
98517, 402
98539, 403
98588, 404
98617, 405
98640, 406
98692, 407
98718, 408
98746, 409
98790, 410
98817, 411
98860, 412
98885, 413
98912, 414
98955, 415
98982, 416
99023, 417
99051, 418
99087, 419
99114, 420
99168, 421
99195, 422
99221, 423
99259, 424
99297, 425
99315, 426
99359, 427
99382, 428
99422, 429
99459, 430
99489, 431
99525, 432
99556, 433
99596, 434
99622, 435
99663, 436
99691, 437
99717, 438
99746, 439
99816, 440
99841, 441
99868, 442
99911, 443
99935, 444
99963, 445
100014, 446
100040, 447
100068, 448
100111, 449
100140, 450
100165, 451
100194, 452
100237, 453
100277, 454
100303, 455
100344, 456
100372, 457
100398, 458
100441, 459
100473, 460
100508, 461
100547, 462
100589, 463
100617, 464
100647, 465
100684, 466
100723, 467
100752, 468
100778, 469
100805, 470
100851, 471
100888, 472
100914, 473
100952, 474
100993, 475
101021, 476
101048, 477
101083, 478
101123, 479
101153, 480
101186, 481
101216, 482
101243, 483
101296, 484
101325, 485
101351, 486
101391, 487
101409, 488
101456, 489
101484, 490
101509, 491
101563, 492
101589, 493
101616, 494
101641, 495
101683, 496
101727, 497
101753, 498
101782, 499
101823, 500
101867, 501
101893, 502
101922, 503
101952, 504
101978, 505
102033, 506
102060, 507
102087, 508
102131, 509
102159, 510
102186, 511
102230, 512
102257, 513
102284, 514
102327, 515
102351, 516
102394, 517
102422, 518
102450, 519
102495, 520
102551, 521
102576, 522
102617, 523
102632, 524
102675, 525
102715, 526
102741, 527
102783, 528
102811, 529
102839, 530
102873, 531
102909, 532
102936, 533
102977, 534
103007, 535
103048, 536
103078, 537
103106, 538
103146, 539
103188, 540
103229, 541
103246, 542
103287, 543
103317, 544
103344, 545
103396, 546
103422, 547
103440, 548
103493, 549
103520, 550
103564, 551
103592, 552
103620, 553
103647, 554
103690, 555
103720, 556
103761, 557
103789, 558
103817, 559
103857, 560
103899, 561
103931, 562
103956, 563
103996, 564
104037, 565
104063, 566
104103, 567
104123, 568
104171, 569
104199, 570
104225, 571
104267, 572
104291, 573
104330, 574
104375, 575
104399, 576
104429, 577
104468, 578
104512, 579
104535, 580
104573, 581
104601, 582
104645, 583
104672, 584
104698, 585
104727, 586
104776, 587
104794, 588
104835, 589
104880, 590
104904, 591
104930, 592
104981, 593
105006, 594
105032, 595
105073, 596
105125, 597
105151, 598
105182, 599
105205, 600
105247, 601
105283, 602
105313, 603
105340, 604
105367, 605
105419, 606
105447, 607
105484, 608
105511, 609
105551, 610
105577, 611
105617, 612
105644, 613
105681, 614
105715, 615
105740, 616
105803, 617
105834, 618
105856, 619
105882, 620
105918, 621
105962, 622
105989, 623
106017, 624
106054, 625
106092, 626
106122, 627
106161, 628
106187, 629
106225, 630
106252, 631
106293, 632
106321, 633
106362, 634
106393, 635
106420, 636
106447, 637
106529, 638
106553, 639
106585, 640
106611, 641
106650, 642
106678, 643
106704, 644
106755, 645
106788, 646
106813, 647
106848, 648
106889, 649
106916, 650
106944, 651
106987, 652
107017, 653
107042, 654
107071, 655
107117, 656
107154, 657
107182, 658
107209, 659
107251, 660
107292, 661
107321, 662
107351, 663
107378, 664
107420, 665
107460, 666
107487, 667
107515, 668
107558, 669
107586, 670
107615, 671
107658, 672
107686, 673
107726, 674
107776, 675
107798, 676
107838, 677
107863, 678
107909, 679
107932, 680
107972, 681
107999, 682
108037, 683
108064, 684
108104, 685
108134, 686
108172, 687
108201, 688
108243, 689
108273, 690
108300, 691
108337, 692
108380, 693
108411, 694
108451, 695
108480, 696
108509, 697
108546, 698
108590, 699
108616, 700
108634, 701
108687, 702
108716, 703
108743, 704
108788, 705
108812, 706
108854, 707
108881, 708
108909, 709
108952, 710
108968, 711
109011, 712
109064, 713
109079, 714
109119, 715
109149, 716
109182, 717
109220, 718
109245, 719
109288, 720
109315, 721
109346, 722
109371, 723
109422, 724
109450, 725
109472, 726
109519, 727
109541, 728
109583, 729
109620, 730
109647, 731
109688, 732
109721, 733
109742, 734
109797, 735
109825, 736
109848, 737
109887, 738
109917, 739
109955, 740
109984, 741
110025, 742
110050, 743
110092, 744
110121, 745
110150, 746
110191, 747
110217, 748
110262, 749
110290, 750
110318, 751
110378, 752
110401, 753
110456, 754
110480, 755
110513, 756
110554, 757
110579, 758
110621, 759
110649, 760
110678, 761
110721, 762
110749, 763
110776, 764
110815, 765
110853, 766
110875, 767
110921, 768
110949, 769
110986, 770
111016, 771
111054, 772
111071, 773
111125, 774
111155, 775
111182, 776
111211, 777
111248, 778
111290, 779
111318, 780
111347, 781
111387, 782
111405, 783
111447, 784
111496, 785
111517, 786
111550, 787
111590, 788
111618, 789
111656, 790
111686, 791
111711, 792
111753, 793
111792, 794
111819, 795
111867, 796
111892, 797
111916, 798
111955, 799
111996, 800
112024, 801
112051, 802
112090, 803
112129, 804
112170, 805
112190, 806
112242, 807
112269, 808
112299, 809
112322, 810
112374, 811
112392, 812
112427, 813
112464, 814
112506, 815
112550, 816
112575, 817
112616, 818
112645, 819
112671, 820
112708, 821
112746, 822
112788, 823
112814, 824
112841, 825
112879, 826
112907, 827
112948, 828
112978, 829
113005, 830
113047, 831
113103, 832
113126, 833
113172, 834
113199, 835
113221, 836
113265, 837
113304, 838
113332, 839
113360, 840
113385, 841
113440, 842
113466, 843
113492, 844
113534, 845
113563, 846
113608, 847
113630, 848
113671, 849
113710, 850
113741, 851
113781, 852
113808, 853
113839, 854
113865, 855
113907, 856
113949, 857
113977, 858
114007, 859
114038, 860
114087, 861
114117, 862
114143, 863
114169, 864
114210, 865
114250, 866
114277, 867
114302, 868
114341, 869
114382, 870
114409, 871
114441, 872
114465, 873
114509, 874
114565, 875
114590, 876
114619, 877
114644, 878
114689, 879
114715, 880
114742, 881
114784, 882
114823, 883
114852, 884
114896, 885
114919, 886
114959, 887
114977, 888
115028, 889
115055, 890
115079, 891
115146, 892
115163, 893
115190, 894
115220, 895
115248, 896
115285, 897
115326, 898
115354, 899
115384, 900
115426, 901
115457, 902
115480, 903
115526, 904
115552, 905
115591, 906
115647, 907
115673, 908
115705, 909
115745, 910
115773, 911
115806, 912
115845, 913
115872, 914
115898, 915
115941, 916
115981, 917
116008, 918
116041, 919
116080, 920
116109, 921
116157, 922
116190, 923
116236, 924
116263, 925
116289, 926
116331, 927
116359, 928
116385, 929
116426, 930
116469, 931
116499, 932
116527, 933
116552, 934
116594, 935
116643, 936
116664, 937
116694, 938
116733, 939
116768, 940
116789, 941
116826, 942
116871, 943
116898, 944
116926, 945
116966, 946
116992, 947
117032, 948
117059, 949
117101, 950
117142, 951
117165, 952
117206, 953
117246, 954
117273, 955
117301, 956
117339, 957
117367, 958
117405, 959
117433, 960
117479, 961
117507, 962
117531, 963
117580, 964
117605, 965
117645, 966
117682, 967
117708, 968
117735, 969
117780, 970
117805, 971
117832, 972
117874, 973
117902, 974
117943, 975
117973, 976
118001, 977
118041, 978
118068, 979
118097, 980
118147, 981
118190, 982
118210, 983
118248, 984
118275, 985
118305, 986
118348, 987
118376, 988
118416, 989
118454, 990
118483, 991
118510, 992
118551, 993
118587, 994
118620, 995
118644, 996
118710, 997
118727, 998
118753, 999
118783, 1000
118813, 1001
118837, 1002
118889, 1003
118917, 1004
118953, 1005
118984, 1006
119010, 1007
119058, 1008
119085, 1009
119113, 1010
119174, 1011
119198, 1012
119221, 1013
119262, 1014
119304, 1015
119332, 1016
119356, 1017
119392, 1018
119431, 1019
119470, 1020
119498, 1021
119525, 1022
119568, 1023
119594, 1024
119647, 1025
119676, 1026
119714, 1027
119741, 1028
119781, 1029
119819, 1030
119848, 1031
119874, 1032
119911, 1033
119950, 1034
119979, 1035
120006, 1036
120049, 1037
120076, 1038
120131, 1039
120159, 1040
120184, 1041
120212, 1042
120240, 1043
120281, 1044
120309, 1045
120346, 1046
120374, 1047
120413, 1048
120452, 1049
120480, 1050
120509, 1051
120547, 1052
120603, 1053
120620, 1054
120648, 1055
120690, 1056
120718, 1057
120747, 1058
120774, 1059
120825, 1060
120852, 1061
120882, 1062
120924, 1063
120952, 1064
120983, 1065
121010, 1066
121067, 1067
121088, 1068
121126, 1069
121157, 1070
121186, 1071
121226, 1072
121252, 1073
121294, 1074
121321, 1075
121359, 1076
121385, 1077
121426, 1078
121458, 1079
121481, 1080
121538, 1081
121564, 1082
121593, 1083
121633, 1084
121660, 1085
121697, 1086
121712, 1087
121767, 1088
121800, 1089
121824, 1090
121862, 1091
121900, 1092
121927, 1093
121969, 1094
121997, 1095
122039, 1096
122079, 1097
122106, 1098
122151, 1099
122177, 1100
122205, 1101
122246, 1102
122274, 1103
122303, 1104
122344, 1105
122371, 1106
122414, 1107
122441, 1108
122483, 1109
122509, 1110
122528, 1111
122593, 1112
122620, 1113
122645, 1114
122683, 1115
122710, 1116
122750, 1117
122778, 1118
122821, 1119
122850, 1120
122873, 1121
122925, 1122
122955, 1123
122977, 1124
123019, 1125
123077, 1126
123102, 1127
123137, 1128
123178, 1129
123205, 1130
123247, 1131
123276, 1132
123304, 1133
123346, 1134
123374, 1135
123402, 1136
123446, 1137
123471, 1138
123514, 1139
123552, 1140
123582, 1141
123608, 1142
123650, 1143
123680, 1144
123719, 1145
123736, 1146
123787, 1147
123815, 1148
123841, 1149
123891, 1150
123919, 1151
123946, 1152
124007, 1153
124030, 1154
124054, 1155
124093, 1156
124133, 1157
124160, 1158
124198, 1159
124226, 1160
124266, 1161
124293, 1162
124322, 1163
124364, 1164
124391, 1165
124433, 1166
124464, 1167
124497, 1168
124518, 1169
124569, 1170
124594, 1171
124636, 1172
124662, 1173
124689, 1174
124728, 1175
124767, 1176
124801, 1177
124836, 1178
124864, 1179
124906, 1180
124934, 1181
124982, 1182
125003, 1183
125043, 1184
125080, 1185
125097, 1186
125149, 1187
125182, 1188
125205, 1189
125243, 1190
125282, 1191
125299, 1192
125339, 1193
125382, 1194
125411, 1195
125436, 1196
125476, 1197
125509, 1198
125545, 1199
125601, 1200
125627, 1201
125657, 1202
125684, 1203
125713, 1204
125755, 1205
125786, 1206
125812, 1207
125851, 1208
125879, 1209
125922, 1210
125951, 1211
125979, 1212
126020, 1213
126048, 1214
126103, 1215
126133, 1216
126163, 1217
126191, 1218
126227, 1219
126252, 1220
126297, 1221
126322, 1222
126363, 1223
126393, 1224
126420, 1225
126462, 1226
126486, 1227
126528, 1228
126574, 1229
126596, 1230
126635, 1231
126675, 1232
126702, 1233
126731, 1234
126771, 1235
126789, 1236
126843, 1237
126870, 1238
126900, 1239
126926, 1240
126969, 1241
127008, 1242
127048, 1243
127078, 1244
127119, 1245
127136, 1246
127178, 1247
127218, 1248
127247, 1249
127278, 1250
127304, 1251
127343, 1252
127382, 1253
127414, 1254
127440, 1255
127481, 1256
127512, 1257
127569, 1258
127593, 1259
127618, 1260
127661, 1261
127687, 1262
127714, 1263
127756, 1264
127797, 1265
127823, 1266
127848, 1267
127898, 1268
127915, 1269
127951, 1270
127991, 1271
128019, 1272
128092, 1273
128109, 1274
128132, 1275
128173, 1276
128211, 1277
128240, 1278
128267, 1279
128317, 1280
128343, 1281
128376, 1282
128404, 1283
128443, 1284
128482, 1285
128513, 1286
128544, 1287
128567, 1288
128607, 1289
128650, 1290
128678, 1291
128708, 1292
128734, 1293
128776, 1294
128805, 1295
128846, 1296
128874, 1297
128917, 1298
128947, 1299
128986, 1300
129013, 1301
129068, 1302
129098, 1303
129123, 1304
129154, 1305
129194, 1306
129222, 1307
129253, 1308
129291, 1309
129320, 1310
129366, 1311
129390, 1312
129420, 1313
129459, 1314
129508, 1315
129530, 1316
129571, 1317
129597, 1318
129630, 1319
129667, 1320
129709, 1321
129737, 1322
129765, 1323
129808, 1324
129837, 1325
129864, 1326
129903, 1327
129942, 1328
129960, 1329
130013, 1330
130041, 1331
130069, 1332
130114, 1333
130141, 1334
130168, 1335
130200, 1336
130239, 1337
130268, 1338
130307, 1339
130333, 1340
130380, 1341
130428, 1342
130446, 1343
130484, 1344
130523, 1345
130552, 1346
130576, 1347
130626, 1348
130656, 1349
130686, 1350
130714, 1351
130765, 1352
130791, 1353
130828, 1354
130855, 1355
130900, 1356
130941, 1357
130964, 1358
130991, 1359
131033, 1360
131061, 1361
131089, 1362
131117, 1363
131159, 1364
131198, 1365
131225, 1366
131266, 1367
131296, 1368
131326, 1369
131365, 1370
131405, 1371
131431, 1372
131456, 1373
131499, 1374
131522, 1375
131564, 1376
131589, 1377
131628, 1378
131671, 1379
131699, 1380
131728, 1381
131757, 1382
131796, 1383
131829, 1384
131869, 1385
131910, 1386
131934, 1387
131976, 1388
132013, 1389
132041, 1390
132078, 1391
132108, 1392
132134, 1393
132187, 1394
132214, 1395
132241, 1396
132270, 1397
132311, 1398
132349, 1399
132380, 1400
132417, 1401
132470, 1402
132497, 1403
132526, 1404
132565, 1405
132592, 1406
132633, 1407
132650, 1408
132704, 1409
132734, 1410
132761, 1411
132787, 1412
132827, 1413
132868, 1414
132928, 1415
132949, 1416
132989, 1417
133017, 1418
133053, 1419
133094, 1420
133111, 1421
133163, 1422
133193, 1423
133220, 1424
133259, 1425
133287, 1426
133327, 1427
133361, 1428
133401, 1429
133422, 1430
133466, 1431
133504, 1432
133532, 1433
133557, 1434
133595, 1435
133635, 1436
133653, 1437
133702, 1438
133729, 1439
133761, 1440
133801, 1441
133827, 1442
133856, 1443
133923, 1444
133952, 1445
133976, 1446
134001, 1447
134027, 1448
134053, 1449
134096, 1450
134138, 1451
134166, 1452
134207, 1453
134235, 1454
134262, 1455
134306, 1456
134336, 1457
134360, 1458
134402, 1459
134439, 1460
134468, 1461
134507, 1462
134534, 1463
134558, 1464
134609, 1465
134640, 1466
134666, 1467
134707, 1468
134739, 1469
134764, 1470
134807, 1471
134845, 1472
134872, 1473
134904, 1474
134950, 1475
134972, 1476
135028, 1477
135053, 1478
135081, 1479
135122, 1480
135150, 1481
135177, 1482
135219, 1483
135256, 1484
135286, 1485
135315, 1486
135352, 1487
135391, 1488
135422, 1489
135483, 1490
135503, 1491
135553, 1492
135581, 1493
135608, 1494
135650, 1495
135679, 1496
135707, 1497
135748, 1498
135778, 1499
135803, 1500
135842, 1501
135883, 1502
135910, 1503
135951, 1504
135975, 1505
136028, 1506
136057, 1507
136084, 1508
136124, 1509
136150, 1510
136177, 1511
136231, 1512
136258, 1513
136285, 1514
136323, 1515
136367, 1516
136408, 1517
136432, 1518
136459, 1519
136503, 1520
136531, 1521
136559, 1522
136588, 1523
136630, 1524
136668, 1525
136696, 1526
136725, 1527
136768, 1528
136794, 1529
136825, 1530
136864, 1531
136903, 1532
136920, 1533
136975, 1534
137003, 1535
137031, 1536
137074, 1537
137102, 1538
137130, 1539
137172, 1540
137200, 1541
137227, 1542
137269, 1543
137297, 1544
137329, 1545
137368, 1546
137423, 1547
137463, 1548
137492, 1549
137519, 1550
137560, 1551
137602, 1552
137629, 1553
137657, 1554
137702, 1555
137729, 1556
137755, 1557
137797, 1558
137825, 1559
137870, 1560
137895, 1561
137937, 1562
137978, 1563
138004, 1564
138034, 1565
138074, 1566
138102, 1567
138137, 1568
138179, 1569
138209, 1570
138238, 1571
138280, 1572
138303, 1573
138340, 1574
138370, 1575
138425, 1576
138452, 1577
138479, 1578
138521, 1579
138549, 1580
138575, 1581
138620, 1582
138646, 1583
138688, 1584
138717, 1585
138745, 1586
138789, 1587
138817, 1588
138842, 1589
138886, 1590
138921, 1591
138963, 1592
138992, 1593
139016, 1594
139042, 1595
139093, 1596
139121, 1597
139149, 1598
139192, 1599
139217, 1600
139245, 1601
139288, 1602
139331, 1603
139360, 1604
139385, 1605
139427, 1606
139470, 1607
139496, 1608
139514, 1609
139568, 1610
139596, 1611
139622, 1612
139663, 1613
139697, 1614
139721, 1615
139761, 1616
139805, 1617
139835, 1618
139860, 1619
139890, 1620
139926, 1621
140001, 1622
140024, 1623
140050, 1624
140081, 1625
140125, 1626
140147, 1627
140189, 1628
140214, 1629
140255, 1630
140282, 1631
140309, 1632
140361, 1633
140387, 1634
140414, 1635
140452, 1636
140510, 1637
140536, 1638
140558, 1639
140587, 1640
140611, 1641
140655, 1642
140680, 1643
140719, 1644
140759, 1645
140786, 1646
140826, 1647
140851, 1648
140893, 1649
140920, 1650
140948, 1651
140999, 1652
141023, 1653
141056, 1654
141081, 1655
141123, 1656
141164, 1657
141197, 1658
141218, 1659
141257, 1660
141283, 1661
141326, 1662
141352, 1663
141388, 1664
141432, 1665
141458, 1666
141503, 1667
141529, 1668
141556, 1669
141597, 1670
141640, 1671
141668, 1672
141695, 1673
141735, 1674
141776, 1675
141802, 1676
141829, 1677
141868, 1678
141895, 1679
141934, 1680
141979, 1681
142012, 1682
142033, 1683
142058, 1684
142111, 1685
142140, 1686
142168, 1687
142208, 1688
142236, 1689
142264, 1690
142308, 1691
142342, 1692
142363, 1693
142405, 1694
142432, 1695
142479, 1696
142539, 1697
142571, 1698
142594, 1699
142626, 1700
142661, 1701
142701, 1702
142729, 1703
142770, 1704
142797, 1705
142825, 1706
142853, 1707
142895, 1708
142936, 1709
142963, 1710
143002, 1711
143033, 1712
143062, 1713
143112, 1714
143142, 1715
143165, 1716
143207, 1717
143243, 1718
143271, 1719
143301, 1720
143341, 1721
143370, 1722
143410, 1723
143438, 1724
143467, 1725
143527, 1726
143551, 1727
143576, 1728
143621, 1729
143642, 1730
143685, 1731
143719, 1732
143744, 1733
143782, 1734
143820, 1735
143850, 1736
143875, 1737
143923, 1738
143941, 1739
144007, 1740
144038, 1741
144064, 1742
144093, 1743
144120, 1744
144150, 1745
144173, 1746
144226, 1747
144243, 1748
144285, 1749
144309, 1750
144360, 1751
144389, 1752
144416, 1753
144453, 1754
144512, 1755
144539, 1756
144563, 1757
144603, 1758
144639, 1759
144681, 1760
144711, 1761
144737, 1762
144774, 1763
144800, 1764
144843, 1765
144871, 1766
144897, 1767
144940, 1768
144967, 1769
145044, 1770
145069, 1771
145095, 1772
145132, 1773
145158, 1774
145199, 1775
145226, 1776
145265, 1777
145290, 1778
145334, 1779
145359, 1780
145398, 1781
145429, 1782
145455, 1783
145508, 1784
145537, 1785
145561, 1786
145601, 1787
145627, 1788
145668, 1789
145698, 1790
145724, 1791
145773, 1792
145802, 1793
145831, 1794
145858, 1795
145900, 1796
145927, 1797
145965, 1798
146006, 1799
146032, 1800
146069, 1801
146098, 1802
146135, 1803
146163, 1804
146206, 1805
146232, 1806
146276, 1807
146302, 1808
146329, 1809
146367, 1810
146411, 1811
146436, 1812
146460, 1813
146514, 1814
146558, 1815
146582, 1816
146609, 1817
146651, 1818
146676, 1819
146707, 1820
146731, 1821
146785, 1822
146812, 1823
146839, 1824
146888, 1825
146915, 1826
146944, 1827
146976, 1828
147000, 1829
147044, 1830
147080, 1831
147119, 1832
147148, 1833
147173, 1834
147213, 1835
147250, 1836
147276, 1837
147314, 1838
147343, 1839
147383, 1840
147414, 1841
147435, 1842
147486, 1843
147512, 1844
147545, 1845
147570, 1846
147617, 1847
147643, 1848
147700, 1849
147718, 1850
147774, 1851
147801, 1852
147828, 1853
147868, 1854
147896, 1855
147923, 1856
147975, 1857
148003, 1858
148029, 1859
148069, 1860
148096, 1861
148134, 1862
148163, 1863
148188, 1864
148255, 1865
148280, 1866
148310, 1867
148336, 1868
148378, 1869
148406, 1870
148434, 1871
148474, 1872
148502, 1873
148543, 1874
148571, 1875
148595, 1876
148636, 1877
148673, 1878
148714, 1879
148742, 1880
148770, 1881
148815, 1882
148837, 1883
148883, 1884
148908, 1885
148947, 1886
148989, 1887
149016, 1888
149035, 1889
149085, 1890
149113, 1891
149140, 1892
149180, 1893
149218, 1894
149243, 1895
149285, 1896
149302, 1897
149356, 1898
149390, 1899
149411, 1900
149449, 1901
149476, 1902
149519, 1903
149546, 1904
149574, 1905
149619, 1906
149644, 1907
149687, 1908
149714, 1909
149742, 1910
149785, 1911
149811, 1912
149852, 1913
149879, 1914
149922, 1915
149946, 1916
149976, 1917
150014, 1918
150054, 1919
150080, 1920
150109, 1921
150150, 1922
150176, 1923
150208, 1924
150257, 1925
150284, 1926
150305, 1927
150353, 1928
150380, 1929
150441, 1930
150467, 1931
150511, 1932
150537, 1933
150576, 1934
150604, 1935
150628, 1936
150675, 1937
150697, 1938
150739, 1939
150770, 1940
150792, 1941
150836, 1942
150873, 1943
150901, 1944
150951, 1945
150969, 1946
151007, 1947
151046, 1948
151075, 1949
151099, 1950
151137, 1951
151178, 1952
151207, 1953
151235, 1954
151260, 1955
151314, 1956
151341, 1957
151365, 1958
151423, 1959
151447, 1960
151472, 1961
151513, 1962
151538, 1963
151580, 1964
151608, 1965
151651, 1966
151680, 1967
151708, 1968
151748, 1969
151774, 1970
151815, 1971
151844, 1972
151886, 1973
151914, 1974
151958, 1975
151984, 1976
152027, 1977
152055, 1978
152082, 1979
152111, 1980
152153, 1981
152194, 1982
152221, 1983
152251, 1984
152291, 1985
152319, 1986
152351, 1987
152389, 1988
152418, 1989
152463, 1990
152485, 1991
152530, 1992
152566, 1993
152594, 1994
152638, 1995
152667, 1996
152693, 1997
152725, 1998
152763, 1999
152794, 2000
152838, 2001
152860, 2002
152899, 2003
152961, 2004
152980, 2005
153026, 2006
153047, 2007
153086, 2008
153126, 2009
153155, 2010
153195, 2011
153213, 2012
153257, 2013
153293, 2014
153320, 2015
153349, 2016
153388, 2017
153428, 2018
153471, 2019
153496, 2020
153539, 2021
153562, 2022
153602, 2023
153630, 2024
153676, 2025
153701, 2026
153737, 2027
153765, 2028
153795, 2029
153833, 2030
153871, 2031
153898, 2032
153957, 2033
153981, 2034
154008, 2035
154043, 2036
154072, 2037
154112, 2038
154141, 2039
154170, 2040
154210, 2041
154251, 2042
154279, 2043
154312, 2044
154338, 2045
154375, 2046
154412, 2047
154440, 2048
154497, 2049
154521, 2050
154557, 2051
154574, 2052
154624, 2053
154653, 2054
154678, 2055
154715, 2056
154753, 2057
154779, 2058
154824, 2059
154849, 2060
154889, 2061
154907, 2062
154957, 2063
154974, 2064
155026, 2065
155057, 2066
155105, 2067
155132, 2068
155176, 2069
155203, 2070
155231, 2071
155273, 2072
155296, 2073
155335, 2074
155377, 2075
155403, 2076
155430, 2077
155456, 2078
155505, 2079
155533, 2080
155608, 2081
155629, 2082
155655, 2083
155696, 2084
155721, 2085
155760, 2086
155790, 2087
155829, 2088
155856, 2089
155881, 2090
155938, 2091
155963, 2092
155988, 2093
156025, 2094
156064, 2095
156092, 2096
156121, 2097
156172, 2098
156201, 2099
156225, 2100
156262, 2101
156304, 2102
156322, 2103
156374, 2104
156404, 2105
156426, 2106
156466, 2107
156503, 2108
156546, 2109
156570, 2110
156607, 2111
156648, 2112
156678, 2113
156710, 2114
156736, 2115
156784, 2116
156813, 2117
156836, 2118
156874, 2119
156917, 2120
156944, 2121
156986, 2122
157011, 2123
157051, 2124
157080, 2125
157121, 2126
157148, 2127
157189, 2128
157217, 2129
157241, 2130
157281, 2131
157322, 2132
157349, 2133
157390, 2134
157417, 2135
157457, 2136
157483, 2137
157537, 2138
157565, 2139
157589, 2140
157622, 2141
157648, 2142
157686, 2143
157714, 2144
157752, 2145
157783, 2146
157819, 2147
157847, 2148
157887, 2149
157914, 2150
157957, 2151
158018, 2152
158041, 2153
158080, 2154
158109, 2155
158154, 2156
158181, 2157
158209, 2158
158236, 2159
158282, 2160
158307, 2161
158344, 2162
158370, 2163
158410, 2164
158450, 2165
158493, 2166
158515, 2167
158555, 2168
158586, 2169
158627, 2170
158655, 2171
158682, 2172
158723, 2173
158751, 2174
158779, 2175
158818, 2176
158856, 2177
158884, 2178
158921, 2179
158979, 2180
159003, 2181
159030, 2182
159071, 2183
159100, 2184
159128, 2185
159162, 2186
159195, 2187
159237, 2188
159265, 2189
159293, 2190
159336, 2191
159364, 2192
159394, 2193
159430, 2194
159480, 2195
159498, 2196
159535, 2197
159564, 2198
159589, 2199
159630, 2200
159668, 2201
159686, 2202
159736, 2203
159764, 2204
159794, 2205
159833, 2206
159865, 2207
159888, 2208
159946, 2209
159968, 2210
159994, 2211
160021, 2212
160075, 2213
160103, 2214
160128, 2215
160169, 2216
160197, 2217
160224, 2218
160266, 2219
160307, 2220
160339, 2221
160365, 2222
160406, 2223
160463, 2224
160500, 2225
160528, 2226
160555, 2227
160600, 2228
160629, 2229
160671, 2230
160701, 2231
160727, 2232
160767, 2233
160786, 2234
160833, 2235
160863, 2236
160907, 2237
160925, 2238
160975, 2239
161004, 2240
161043, 2241
161073, 2242
161099, 2243
161139, 2244
161165, 2245
161206, 2246
161247, 2247
161273, 2248
161300, 2249
161339, 2250
161398, 2251
161425, 2252
161452, 2253
161480, 2254
161505, 2255
161546, 2256
161562, 2257
161614, 2258
161643, 2259
161666, 2260
161696, 2261
161740, 2262
161780, 2263
161807, 2264
161835, 2265
161883, 2266
161911, 2267
161929, 2268
161969, 2269
162008, 2270
162036, 2271
162079, 2272
162096, 2273
162138, 2274
162178, 2275
162206, 2276
162231, 2277
162273, 2278
162329, 2279
162358, 2280
162385, 2281
162412, 2282
162440, 2283
162482, 2284
162508, 2285
162553, 2286
162578, 2287
162623, 2288
162649, 2289
162675, 2290
162720, 2291
162749, 2292
162808, 2293
162826, 2294
162867, 2295
162905, 2296
162934, 2297
162959, 2298
162987, 2299
163038, 2300
163067, 2301
163094, 2302
163134, 2303
163171, 2304
163204, 2305
163230, 2306
163287, 2307
163309, 2308
163333, 2309
163374, 2310
163404, 2311
163434, 2312
163460, 2313
163502, 2314
163525, 2315
163564, 2316
163593, 2317
163636, 2318
163662, 2319
163716, 2320
163743, 2321
163770, 2322
163794, 2323
163820, 2324
163871, 2325
163889, 2326
163941, 2327
163971, 2328
163997, 2329
164035, 2330
164061, 2331
164102, 2332
164140, 2333
164166, 2334
164214, 2335
164237, 2336
164289, 2337
164315, 2338
164351, 2339
164369, 2340
164413, 2341
164438, 2342
164478, 2343
164516, 2344
164545, 2345
164586, 2346
164622, 2347
164653, 2348
164693, 2349
164731, 2350
164758, 2351
164798, 2352
164825, 2353
164864, 2354
164902, 2355
164931, 2356
164958, 2357
165004, 2358
165031, 2359
165057, 2360
165127, 2361
165155, 2362
165185, 2363
165212, 2364
165241, 2365
165281, 2366
165311, 2367
165336, 2368
165378, 2369
165417, 2370
165443, 2371
165480, 2372
165520, 2373
165547, 2374
165579, 2375
165630, 2376
165660, 2377
165684, 2378
165711, 2379
165740, 2380
165791, 2381
165809, 2382
165847, 2383
165884, 2384
165912, 2385
165951, 2386
165991, 2387
166010, 2388
166063, 2389
166088, 2390
166115, 2391
166143, 2392
166186, 2393
166213, 2394
166253, 2395
166291, 2396
166322, 2397
166348, 2398
166399, 2399
166425, 2400
166450, 2401
166494, 2402
166536, 2403
166562, 2404
166602, 2405
166638, 2406
166666, 2407
166703, 2408
166736, 2409
166760, 2410
166810, 2411
166838, 2412
166866, 2413
166909, 2414
166939, 2415
166982, 2416
167003, 2417
167043, 2418
167072, 2419
167097, 2420
167146, 2421
167176, 2422
167204, 2423
167231, 2424
167273, 2425
167314, 2426
167346, 2427
167373, 2428
167408, 2429
167450, 2430
167502, 2431
167541, 2432
167570, 2433
167598, 2434
167635, 2435
167662, 2436
167702, 2437
167743, 2438
167770, 2439
167800, 2440
167839, 2441
167865, 2442
167904, 2443
167934, 2444
167971, 2445
168021, 2446
168051, 2447
168077, 2448
168115, 2449
168154, 2450
168184, 2451
168211, 2452
168250, 2453
168288, 2454
168321, 2455
168344, 2456
168385, 2457
168441, 2458
168466, 2459
168493, 2460
168535, 2461
168561, 2462
168591, 2463
168617, 2464
168658, 2465
168696, 2466
168726, 2467
168763, 2468
168793, 2469
168819, 2470
168860, 2471
168890, 2472
168918, 2473
168973, 2474
169026, 2475
169066, 2476
169100, 2477
169128, 2478
169152, 2479
169190, 2480
169219, 2481
169257, 2482
169285, 2483
169321, 2484
169363, 2485
169392, 2486
169417, 2487
169446, 2488
169510, 2489
169536, 2490
169556, 2491
169597, 2492
169626, 2493
169668, 2494
169695, 2495
169733, 2496
169761, 2497
169787, 2498
169827, 2499
169866, 2500
169896, 2501
169922, 2502
169969, 2503
169987, 2504
170069, 2505
170096, 2506
170121, 2507
170161, 2508
170190, 2509
170217, 2510
170252, 2511
170291, 2512
170329, 2513
170358, 2514
170385, 2515
170420, 2516
170454, 2517
170480, 2518
170524, 2519
170551, 2520
170610, 2521
170633, 2522
170656, 2523
170695, 2524
170720, 2525
170760, 2526
170798, 2527
170836, 2528
170864, 2529
170894, 2530
170930, 2531
170960, 2532
170999, 2533
171025, 2534
171061, 2535
171117, 2536
171148, 2537
171171, 2538
171213, 2539
171236, 2540
171276, 2541
171294, 2542
171349, 2543
171373, 2544
171413, 2545
171443, 2546
171468, 2547
171494, 2548
171546, 2549
171563, 2550
171605, 2551
171648, 2552
171667, 2553
171721, 2554
171748, 2555
171774, 2556
171816, 2557
171842, 2558
171878, 2559
171919, 2560
171946, 2561
171982, 2562
172014, 2563
172038, 2564
172086, 2565
172114, 2566
172141, 2567
172199, 2568
172224, 2569
172252, 2570
172278, 2571
172314, 2572
172353, 2573
172379, 2574
172425, 2575
172451, 2576
172477, 2577
172524, 2578
172549, 2579
172584, 2580
172621, 2581
172649, 2582
172690, 2583
172720, 2584
172756, 2585
172797, 2586
172839, 2587
172867, 2588
172897, 2589
172920, 2590
172962, 2591
173008, 2592
173032, 2593
173062, 2594
173087, 2595
173139, 2596
173166, 2597
173192, 2598
173230, 2599
173262, 2600
173327, 2601
173356, 2602
173386, 2603
173411, 2604
173452, 2605
173492, 2606
173520, 2607
173544, 2608
173587, 2609
173625, 2610
173652, 2611
173687, 2612
173718, 2613
173756, 2614
173774, 2615
173836, 2616
173865, 2617
173892, 2618
173915, 2619
173954, 2620
173981, 2621
174009, 2622
174050, 2623
174093, 2624
174122, 2625
174147, 2626
174189, 2627
174215, 2628
174256, 2629
174293, 2630
174315, 2631
174364, 2632
174392, 2633
174419, 2634
174457, 2635
174484, 2636
174527, 2637
174554, 2638
174598, 2639
174623, 2640
174651, 2641
174690, 2642
174718, 2643
174762, 2644
174799, 2645
174828, 2646
174856, 2647
174892, 2648
174933, 2649
174963, 2650
174990, 2651
175042, 2652
175065, 2653
175093, 2654
175123, 2655
175166, 2656
175192, 2657
175221, 2658
175270, 2659
175314, 2660
175331, 2661
175382, 2662
175409, 2663
175446, 2664
175476, 2665
175501, 2666
175542, 2667
175583, 2668
175611, 2669
175638, 2670
175667, 2671
175713, 2672
175737, 2673
175793, 2674
175817, 2675
175844, 2676
175876, 2677
175915, 2678
175949, 2679
175984, 2680
176012, 2681
176054, 2682
176082, 2683
176110, 2684
176154, 2685
176180, 2686
176219, 2687
176279, 2688
176316, 2689
176343, 2690
176387, 2691
176412, 2692
176452, 2693
176492, 2694
176520, 2695
176547, 2696
176586, 2697
176627, 2698
176655, 2699
176683, 2700
176726, 2701
176759, 2702
176778, 2703
176818, 2704
176857, 2705
176888, 2706
176911, 2707
176951, 2708
176987, 2709
177017, 2710
177057, 2711
177087, 2712
177111, 2713
177155, 2714
177197, 2715
177235, 2716
177254, 2717
177294, 2718
177333, 2719
177364, 2720
177391, 2721
177432, 2722
177460, 2723
177490, 2724
177531, 2725
177573, 2726
177600, 2727
177630, 2728
177671, 2729
177713, 2730
177741, 2731
177781, 2732
177808, 2733
177851, 2734
177878, 2735
177906, 2736
177950, 2737
177980, 2738
178009, 2739
178058, 2740
178086, 2741
178125, 2742
178152, 2743
178177, 2744
178230, 2745
178258, 2746
178286, 2747
178311, 2748
178354, 2749
178393, 2750
178420, 2751
178460, 2752
178478, 2753
178528, 2754
178570, 2755
178597, 2756
178620, 2757
178660, 2758
178701, 2759
178728, 2760
178758, 2761
178798, 2762
178826, 2763
178866, 2764
178882, 2765
178935, 2766
178961, 2767
179003, 2768
179066, 2769
179089, 2770
179124, 2771
179153, 2772
179194, 2773
179220, 2774
179245, 2775
179285, 2776
179324, 2777
179364, 2778
179391, 2779
179418, 2780
179465, 2781
179496, 2782
179523, 2783
179550, 2784
179596, 2785
179622, 2786
179659, 2787
179691, 2788
179717, 2789
179756, 2790
179783, 2791
179826, 2792
179855, 2793
179878, 2794
179931, 2795
179959, 2796
179984, 2797
180022, 2798
180061, 2799
180090, 2800
180115, 2801
180164, 2802
180210, 2803
180238, 2804
180263, 2805
180312, 2806
180341, 2807
180366, 2808
180408, 2809
180434, 2810
180459, 2811
180510, 2812
180537, 2813
180566, 2814
180622, 2815
180650, 2816
180678, 2817
180705, 2818
180734, 2819
180775, 2820
180804, 2821
180844, 2822
180873, 2823
180915, 2824
180943, 2825
180976, 2826
181037, 2827
181067, 2828
181090, 2829
181117, 2830
181149, 2831
181171, 2832
181211, 2833
181241, 2834
181267, 2835
181322, 2836
181365, 2837
181385, 2838
181411, 2839
181450, 2840
181488, 2841
181520, 2842
181550, 2843
181583, 2844
181622, 2845
181651, 2846
181679, 2847
181721, 2848
181762, 2849
181793, 2850
181827, 2851
181856, 2852
181893, 2853
181924, 2854
181951, 2855
181986, 2856
182028, 2857
182054, 2858
182113, 2859
182140, 2860
182167, 2861
182195, 2862
182234, 2863
182263, 2864
182288, 2865
182348, 2866
182385, 2867
182422, 2868
182448, 2869
182476, 2870
182513, 2871
182531, 2872
182582, 2873
182609, 2874
182651, 2875
182677, 2876
182714, 2877
182743, 2878
182773, 2879
182807, 2880
182847, 2881
182905, 2882
182926, 2883
182968, 2884
183005, 2885
183035, 2886
183074, 2887
183101, 2888
183127, 2889
183170, 2890
183197, 2891
183254, 2892
183278, 2893
183305, 2894
183347, 2895
183375, 2896
183409, 2897
183453, 2898
183480, 2899
183505, 2900
183545, 2901
183584, 2902
183611, 2903
183637, 2904
183662, 2905
183716, 2906
183741, 2907
183781, 2908
183798, 2909
183848, 2910
183877, 2911
183900, 2912
183954, 2913
183982, 2914
184007, 2915
184046, 2916
184064, 2917
184118, 2918
184146, 2919
184173, 2920
184211, 2921
184251, 2922
184282, 2923
184315, 2924
184357, 2925
184398, 2926
184426, 2927
184457, 2928
184497, 2929
184521, 2930
184566, 2931
184591, 2932
184641, 2933
184691, 2934
184716, 2935
184740, 2936
184779, 2937
184807, 2938
184850, 2939
184877, 2940
184912, 2941
184956, 2942
184996, 2943
185021, 2944
185064, 2945
185096, 2946
185121, 2947
185147, 2948
185186, 2949
185224, 2950
185242, 2951
185295, 2952
185323, 2953
185349, 2954
185376, 2955
185425, 2956
185453, 2957
185486, 2958
185525, 2959
185555, 2960
185605, 2961
185630, 2962
185672, 2963
185698, 2964
185746, 2965
185772, 2966
185801, 2967
185844, 2968
185888, 2969
185913, 2970
185938, 2971
185977, 2972
186016, 2973
186044, 2974
186072, 2975
186111, 2976
186150, 2977
186179, 2978
186239, 2979
186261, 2980
186313, 2981
186338, 2982
186367, 2983
186393, 2984
186419, 2985
186478, 2986
186502, 2987
186528, 2988
186565, 2989
186607, 2990
186639, 2991
186665, 2992
186709, 2993
186733, 2994
186774, 2995
186805, 2996
186833, 2997
186894, 2998
186915, 2999
186947, 3000
186978, 3001
187016, 3002
187045, 3003
187082, 3004
187109, 3005
187151, 3006
187195, 3007
187221, 3008
187250, 3009
187289, 3010
187321, 3011
187358, 3012
187386, 3013
187430, 3014
187458, 3015
187488, 3016
187527, 3017
187560, 3018
187599, 3019
187624, 3020
187667, 3021
187695, 3022
187729, 3023
187755, 3024
187836, 3025
187859, 3026
187884, 3027
187923, 3028
187957, 3029
187981, 3030
188021, 3031
188060, 3032
188099, 3033
188126, 3034
188169, 3035
188198, 3036
188220, 3037
188274, 3038
188302, 3039
188338, 3040
188366, 3041
188405, 3042
188422, 3043
188465, 3044
188502, 3045
188531, 3046
188570, 3047
188597, 3048
188635, 3049
188672, 3050
188713, 3051
188742, 3052
188769, 3053
188808, 3054
188840, 3055
188879, 3056
188907, 3057
188933, 3058
188973, 3059
189020, 3060
189046, 3061
189075, 3062
189101, 3063
189143, 3064
189173, 3065
189199, 3066
189243, 3067
189315, 3068
189338, 3069
189364, 3070
189404, 3071
189428, 3072
189480, 3073
189507, 3074
189533, 3075
189590, 3076
189615, 3077
189642, 3078
189685, 3079
189713, 3080
189740, 3081
189782, 3082
189812, 3083
189850, 3084
189878, 3085
189919, 3086
189947, 3087
189989, 3088
190017, 3089
190045, 3090
190088, 3091
190131, 3092
190157, 3093
190201, 3094
190229, 3095
190256, 3096
190284, 3097
190339, 3098
190367, 3099
190411, 3100
190433, 3101
190476, 3102
190504, 3103
190531, 3104
190572, 3105
190601, 3106
190625, 3107
190678, 3108
190737, 3109
190759, 3110
190800, 3111
190826, 3112
190858, 3113
190880, 3114
190937, 3115
190969, 3116
191005, 3117
191043, 3118
191061, 3119
191117, 3120
191142, 3121
191169, 3122
191206, 3123
191257, 3124
191276, 3125
191316, 3126
191343, 3127
191386, 3128
191412, 3129
191452, 3130
191479, 3131
191512, 3132
191549, 3133
191600, 3134
191631, 3135
191654, 3136
191706, 3137
191727, 3138
191753, 3139
191794, 3140
191835, 3141
191863, 3142
191901, 3143
191930, 3144
191969, 3145
191997, 3146
192026, 3147
192066, 3148
192093, 3149
192135, 3150
192150, 3151
192192, 3152
192232, 3153
192261, 3154
192302, 3155
192329, 3156
192358, 3157
192399, 3158
192425, 3159
192463, 3160
192505, 3161
192543, 3162
192555, 3163
192596, 3164
192626, 3165
192664, 3166
192693, 3167
192734, 3168
192765, 3169
192804, 3170
192832, 3171
192873, 3172
192889, 3173
192931, 3174
192960, 3175
192999, 3176
193028, 3177
193070, 3178
193098, 3179
193127, 3180
193226, 3181
193252, 3182
193275, 3183
193317, 3184
193345, 3185
193385, 3186
193409, 3187
193449, 3188
193475, 3189
193518, 3190
193531, 3191
193586, 3192
193612, 3193
193642, 3194
193682, 3195
193710, 3196
193740, 3197
193780, 3198
193807, 3199
193849, 3200
193876, 3201
193917, 3202
193942, 3203
193981, 3204
194008, 3205
194048, 3206
194074, 3207
194115, 3208
194142, 3209
194184, 3210
194198, 3211
194243, 3212
194282, 3213
194309, 3214
194351, 3215
194365, 3216
194406, 3217
194449, 3218
194476, 3219
194505, 3220
194546, 3221
194588, 3222
194603, 3223
194671, 3224
194685, 3225
194715, 3226
194756, 3227
194784, 3228
194813, 3229
194853, 3230
194882, 3231
194923, 3232
194952, 3233
194980, 3234
195021, 3235
195050, 3236
195091, 3237
195105, 3238
195147, 3239
195189, 3240
195217, 3241
195258, 3242
195273, 3243
195314, 3244
195355, 3245
195384, 3246
195413, 3247
195459, 3248
195481, 3249
195520, 3250
195550, 3251
195580, 3252
195619, 3253
195647, 3254
195689, 3255
195717, 3256
195747, 3257
195786, 3258
195828, 3259
195843, 3260
195885, 3261
195913, 3262
195955, 3263
195983, 3264
196024, 3265
196041, 3266
196092, 3267
196106, 3268
196150, 3269
196177, 3270
196218, 3271
196260, 3272
196285, 3273
196328, 3274
196356, 3275
196385, 3276
196415, 3277
196454, 3278
196482, 3279
196524, 3280
196565, 3281
196580, 3282
196621, 3283
196652, 3284
196691, 3285
196721, 3286
196748, 3287
196789, 3288
196817, 3289
196859, 3290
196888, 3291
196915, 3292
196957, 3293
196984, 3294
197051, 3295
197082, 3296
197107, 3297
197137, 3298
197176, 3299
197206, 3300
197247, 3301
197276, 3302
197303, 3303
197344, 3304
197373, 3305
197414, 3306
197443, 3307
197472, 3308
197514, 3309
197542, 3310
197570, 3311
197611, 3312
197637, 3313
197680, 3314
197708, 3315
197735, 3316
197776, 3317
197806, 3318
197846, 3319
197873, 3320
197902, 3321
197943, 3322
197972, 3323
198014, 3324
198041, 3325
198072, 3326
198110, 3327
198138, 3328
198168, 3329
198209, 3330
198250, 3331
198278, 3332
198306, 3333
198348, 3334
198363, 3335
198405, 3336
198444, 3337
198473, 3338
198515, 3339
198529, 3340
198584, 3341
198615, 3342
198628, 3343
198682, 3344
198696, 3345
198740, 3346
198778, 3347
198807, 3348
198835, 3349
198877, 3350
198905, 3351
198946, 3352
198975, 3353
199004, 3354
199044, 3355
199073, 3356
199115, 3357
199129, 3358
199170, 3359
199211, 3360
199240, 3361
199280, 3362
199309, 3363
199340, 3364
199377, 3365
199439, 3366
199451, 3367
199474, 3368
199503, 3369
199545, 3370
199572, 3371
199615, 3372
199644, 3373
199671, 3374
199714, 3375
199742, 3376
199767, 3377
199809, 3378
199838, 3379
199880, 3380
199909, 3381
199951, 3382
199965, 3383
200004, 3384
200047, 3385
200075, 3386
200103, 3387
200144, 3388
200175, 3389
200215, 3390
200245, 3391
200272, 3392
200314, 3393
200339, 3394
200382, 3395
200409, 3396
200437, 3397
200478, 3398
200507, 3399
200557, 3400
200577, 3401
200623, 3402
200652, 3403
200689, 3404
200731, 3405
200756, 3406
200797, 3407
200837, 3408
200865, 3409
200892, 3410
200936, 3411
200996, 3412
201020, 3413
201049, 3414
201089, 3415
201130, 3416
201159, 3417
201184, 3418
201229, 3419
201272, 3420
201298, 3421
201339, 3422
201367, 3423
201395, 3424
201437, 3425
201464, 3426
201506, 3427
201535, 3428
201567, 3429
201603, 3430
201643, 3431
201686, 3432
201711, 3433
201740, 3434
201782, 3435
201806, 3436
201843, 3437
201873, 3438
201925, 3439
201955, 3440
201985, 3441
202011, 3442
202046, 3443
202074, 3444
202115, 3445
202144, 3446
202173, 3447
202212, 3448
202232, 3449
202268, 3450
202318, 3451
202348, 3452
202373, 3453
202425, 3454
202453, 3455
202479, 3456
202524, 3457
202550, 3458
202602, 3459
202641, 3460
202670, 3461
202709, 3462
202736, 3463
202775, 3464
202813, 3465
202830, 3466
202900, 3467
202926, 3468
202951, 3469
202992, 3470
203016, 3471
203056, 3472
203082, 3473
203107, 3474
203161, 3475
203187, 3476
203220, 3477
203255, 3478
203307, 3479
203335, 3480
203363, 3481
203400, 3482
203442, 3483
203461, 3484
203500, 3485
203539, 3486
203581, 3487
203605, 3488
203647, 3489
203671, 3490
203703, 3491
203727, 3492
203780, 3493
203808, 3494
203837, 3495
203873, 3496
203927, 3497
203957, 3498
203983, 3499
204027, 3500
204058, 3501
204080, 3502
204121, 3503
204176, 3504
204214, 3505
204243, 3506
204269, 3507
204315, 3508
204346, 3509
204369, 3510
204409, 3511
204462, 3512
204490, 3513
204515, 3514
204542, 3515
204582, 3516
204627, 3517
204651, 3518
204679, 3519
204734, 3520
204760, 3521
204799, 3522
204827, 3523
204853, 3524
204906, 3525
204933, 3526
204958, 3527
205001, 3528
205028, 3529
205069, 3530
205098, 3531
205126, 3532
205167, 3533
205206, 3534
205236, 3535
205264, 3536
205306, 3537
205331, 3538
205386, 3539
205416, 3540
205438, 3541
205463, 3542
205504, 3543
205539, 3544
205564, 3545
205604, 3546
205628, 3547
205670, 3548
205733, 3549
205755, 3550
205779, 3551
205806, 3552
205847, 3553
205870, 3554
205913, 3555
205940, 3556
205982, 3557
206005, 3558
206046, 3559
206068, 3560
206107, 3561
206151, 3562
206175, 3563
206201, 3564
206242, 3565
206279, 3566
206306, 3567
206345, 3568
206382, 3569
206410, 3570
206440, 3571
206467, 3572
206517, 3573
206545, 3574
206574, 3575
206613, 3576
206640, 3577
206687, 3578
206725, 3579
206768, 3580
206794, 3581
206821, 3582
206862, 3583
206889, 3584
206931, 3585
206958, 3586
206993, 3587
207038, 3588
207064, 3589
207094, 3590
207140, 3591
207167, 3592
207205, 3593
207233, 3594
207260, 3595
207310, 3596
207338, 3597
207395, 3598
207434, 3599
207474, 3600
207503, 3601
207529, 3602
207571, 3603
207600, 3604
207623, 3605
207686, 3606
207706, 3607
207733, 3608
207772, 3609
207802, 3610
207826, 3611
207875, 3612
207904, 3613
207942, 3614
207984, 3615
208008, 3616
208048, 3617
208075, 3618
208119, 3619
208145, 3620
208173, 3621
208212, 3622
208251, 3623
208270, 3624
208319, 3625
208346, 3626
208371, 3627
208410, 3628
208451, 3629
208480, 3630
208509, 3631
208536, 3632
208590, 3633
208618, 3634
208648, 3635
208677, 3636
208705, 3637
208746, 3638
208774, 3639
208801, 3640
208854, 3641
208907, 3642
208927, 3643
208963, 3644
208992, 3645
209019, 3646
209067, 3647
209098, 3648
209124, 3649
209165, 3650
209195, 3651
209232, 3652
209265, 3653
209312, 3654
209338, 3655
209368, 3656
209406, 3657
209433, 3658
209471, 3659
209525, 3660
209553, 3661
209581, 3662
209608, 3663
209653, 3664
209679, 3665
209706, 3666
209744, 3667
209786, 3668
209813, 3669
209843, 3670
209892, 3671
209924, 3672
209947, 3673
209986, 3674
210013, 3675
210055, 3676
210083, 3677
210108, 3678
210136, 3679
210201, 3680
210220, 3681
210260, 3682
210286, 3683
210313, 3684
210344, 3685
210393, 3686
210409, 3687
210459, 3688
210481, 3689
210558, 3690
210586, 3691
210612, 3692
210640, 3693
210667, 3694
210708, 3695
210737, 3696
210765, 3697
210820, 3698
210850, 3699
210875, 3700
210914, 3701
210942, 3702
210968, 3703
211008, 3704
211046, 3705
211071, 3706
211124, 3707
211140, 3708
211176, 3709
211219, 3710
211243, 3711
211269, 3712
211320, 3713
211347, 3714
211390, 3715
211419, 3716
211460, 3717
211487, 3718
211530, 3719
211556, 3720
211585, 3721
211626, 3722
211667, 3723
211695, 3724
211738, 3725
211766, 3726
211796, 3727
211823, 3728
211874, 3729
211938, 3730
211959, 3731
211995, 3732
212035, 3733
212063, 3734
212089, 3735
212128, 3736
212159, 3737
212211, 3738
212239, 3739
212268, 3740
212293, 3741
212338, 3742
212362, 3743
212394, 3744
212419, 3745
212470, 3746
212487, 3747
212539, 3748
212566, 3749
212590, 3750
212625, 3751
212664, 3752
212693, 3753
212717, 3754
212769, 3755
212786, 3756
212827, 3757
212865, 3758
212895, 3759
212924, 3760
212963, 3761
212989, 3762
213036, 3763
213084, 3764
213110, 3765
213137, 3766
213177, 3767
213214, 3768
213242, 3769
213268, 3770
213310, 3771
213370, 3772
213404, 3773
213430, 3774
213478, 3775
213506, 3776
213534, 3777
213577, 3778
213622, 3779
213645, 3780
213685, 3781
213703, 3782
213754, 3783
213781, 3784
213809, 3785
213845, 3786
213904, 3787
213926, 3788
213964, 3789
213997, 3790
214033, 3791
214060, 3792
214101, 3793
214131, 3794
214172, 3795
214195, 3796
214233, 3797
214272, 3798
214312, 3799
214341, 3800
214369, 3801
214397, 3802
214456, 3803
214493, 3804
214517, 3805
214568, 3806
214596, 3807
214624, 3808
214652, 3809
214689, 3810
214732, 3811
214761, 3812
214786, 3813
214828, 3814
214870, 3815
214896, 3816
214925, 3817
214966, 3818
214983, 3819
215035, 3820
215062, 3821
215101, 3822
215129, 3823
215156, 3824
215197, 3825
215237, 3826
215275, 3827
215304, 3828
215329, 3829
215369, 3830
215408, 3831
215436, 3832
215462, 3833
215521, 3834
215540, 3835
215564, 3836
215611, 3837
215636, 3838
215674, 3839
215704, 3840
215763, 3841
215783, 3842
215832, 3843
215860, 3844
215902, 3845
215932, 3846
215959, 3847
215999, 3848
216040, 3849
216065, 3850
216106, 3851
216134, 3852
216169, 3853
216208, 3854
216238, 3855
216263, 3856
216309, 3857
216347, 3858
216370, 3859
216415, 3860
216441, 3861
216473, 3862
216498, 3863
216550, 3864
216582, 3865
216618, 3866
216646, 3867
216695, 3868
216725, 3869
216753, 3870
216791, 3871
216820, 3872
216846, 3873
216901, 3874
216926, 3875
216954, 3876
216977, 3877
217028, 3878
217059, 3879
217090, 3880
217121, 3881
217193, 3882
217216, 3883
217236, 3884
217291, 3885
217318, 3886
217348, 3887
217373, 3888
217411, 3889
217467, 3890
217492, 3891
217528, 3892
217558, 3893
217584, 3894
217625, 3895
217664, 3896
217682, 3897
217736, 3898
217772, 3899
217799, 3900
217826, 3901
217867, 3902
217897, 3903
217923, 3904
217971, 3905
218000, 3906
218038, 3907
218062, 3908
218101, 3909
218131, 3910
218170, 3911
218201, 3912
218240, 3913
218267, 3914
218306, 3915
218336, 3916
218381, 3917
218404, 3918
218456, 3919
218484, 3920
218508, 3921
218535, 3922
218587, 3923
218616, 3924
218669, 3925
218688, 3926
218735, 3927
218775, 3928
218803, 3929
218831, 3930
218857, 3931
218904, 3932
218920, 3933
218975, 3934
219011, 3935
219038, 3936
219065, 3937
219105, 3938
219133, 3939
219162, 3940
219210, 3941
219238, 3942
219264, 3943
219297, 3944
219341, 3945
219372, 3946
219397, 3947
219440, 3948
219465, 3949
219503, 3950
219556, 3951
219584, 3952
219617, 3953
219646, 3954
219688, 3955
219714, 3956
219757, 3957
219797, 3958
219823, 3959
219847, 3960
219889, 3961
219914, 3962
219953, 3963
219994, 3964
220032, 3965
220070, 3966
220111, 3967
220150, 3968
220181, 3969
220202, 3970
220242, 3971
220282, 3972
220309, 3973
220349, 3974
220373, 3975
220424, 3976
220455, 3977
220480, 3978
220521, 3979
220549, 3980
220579, 3981
220624, 3982
220644, 3983
220699, 3984
220725, 3985
220748, 3986
220788, 3987
220828, 3988
220854, 3989
220908, 3990
220936, 3991
220960, 3992
220987, 3993
221012, 3994
221056, 3995
221082, 3996
221130, 3997
221157, 3998
221183, 3999
221223, 4000
221253, 4001
221288, 4002
221329, 4003
221393, 4004
221414, 4005
221442, 4006
221493, 4007
221520, 4008
221548, 4009
221586, 4010
221626, 4011
221662, 4012
221694, 4013
221722, 4014
221748, 4015
221789, 4016
221816, 4017
221858, 4018
221885, 4019
221932, 4020
221958, 4021
221997, 4022
222037, 4023
222054, 4024
222104, 4025
222132, 4026
222158, 4027
222197, 4028
222238, 4029
222276, 4030
222305, 4031
222331, 4032
222376, 4033
222415, 4034
222441, 4035
222469, 4036
222513, 4037
222542, 4038
222569, 4039
222609, 4040
222646, 4041
222705, 4042
222726, 4043
222765, 4044
222807, 4045
222835, 4046
222860, 4047
222892, 4048
222954, 4049
222972, 4050
222995, 4051
223034, 4052
223073, 4053
223102, 4054
223128, 4055
223184, 4056
223210, 4057
223237, 4058
223278, 4059
223309, 4060
223334, 4061
223373, 4062
223411, 4063
223452, 4064
223477, 4065
223503, 4066
223544, 4067
223589, 4068
223618, 4069
223640, 4070
223714, 4071
223737, 4072
223760, 4073
223797, 4074
223829, 4075
223869, 4076
223900, 4077
223936, 4078
223974, 4079
224000, 4080
224037, 4081
224080, 4082
224107, 4083
224141, 4084
224165, 4085
224216, 4086
224246, 4087
224272, 4088
224298, 4089
224338, 4090
224377, 4091
224407, 4092
224449, 4093
224476, 4094
224501, 4095
224550, 4096
224579, 4097
224604, 4098
224644, 4099
224699, 4100
224718, 4101
224756, 4102
224784, 4103
224824, 4104
224853, 4105
224883, 4106
224923, 4107
224984, 4108
225006, 4109
225055, 4110
225085, 4111
225107, 4112
225147, 4113
225187, 4114
225228, 4115
225255, 4116
225285, 4117
225312, 4118
225353, 4119
225383, 4120
225412, 4121
225476, 4122
225500, 4123
225526, 4124
225563, 4125
225591, 4126
225618, 4127
225672, 4128
225713, 4129
225739, 4130
225763, 4131
225802, 4132
225842, 4133
225862, 4134
225911, 4135
225941, 4136
225993, 4137
226018, 4138
226047, 4139
226092, 4140
226118, 4141
226155, 4142
226196, 4143
226226, 4144
226262, 4145
226307, 4146
226333, 4147
226360, 4148
226407, 4149
226435, 4150
226462, 4151
226508, 4152
226528, 4153
226564, 4154
226610, 4155
226638, 4156
226664, 4157
226701, 4158
226753, 4159
226772, 4160
226812, 4161
226839, 4162
226864, 4163
226905, 4164
226933, 4165
226979, 4166
226998, 4167
227038, 4168
227065, 4169
227101, 4170
227141, 4171
227169, 4172
227194, 4173
227247, 4174
227296, 4175
227337, 4176
227364, 4177
227390, 4178
227431, 4179
227462, 4180
227498, 4181
227542, 4182
227583, 4183
227608, 4184
227648, 4185
227665, 4186
227729, 4187
227757, 4188
227782, 4189
227806, 4190
227859, 4191
227886, 4192
227913, 4193
227964, 4194
227992, 4195
228018, 4196
228056, 4197
228084, 4198
228112, 4199
228139, 4200
228214, 4201
228234, 4202
228270, 4203
228291, 4204
228339, 4205
228366, 4206
228391, 4207
228443, 4208
228459, 4209
228510, 4210
228540, 4211
228573, 4212
228599, 4213
228641, 4214
228675, 4215
228692, 4216
228731, 4217
228774, 4218
228802, 4219
228823, 4220
228865, 4221
228916, 4222
228936, 4223
228963, 4224
229001, 4225
229029, 4226
229068, 4227
229105, 4228
229164, 4229
229189, 4230
229214, 4231
229263, 4232
229290, 4233
229314, 4234
229382, 4235
229411, 4236
229440, 4237
229475, 4238
229501, 4239
229540, 4240
229566, 4241
229612, 4242
229653, 4243
229688, 4244
229718, 4245
229744, 4246
229796, 4247
229818, 4248
229849, 4249
229884, 4250
229915, 4251
229962, 4252
229994, 4253
230021, 4254
230061, 4255
230114, 4256
230138, 4257
230178, 4258
230216, 4259
230244, 4260
230282, 4261
230311, 4262
230350, 4263
230392, 4264
230420, 4265
230446, 4266
230489, 4267
230517, 4268
230544, 4269
230583, 4270
230624, 4271
230650, 4272
230688, 4273
230718, 4274
230743, 4275
230806, 4276
230836, 4277
230859, 4278
230887, 4279
230928, 4280
230955, 4281
230996, 4282
231038, 4283
231077, 4284
231112, 4285
231155, 4286
231181, 4287
231211, 4288
231279, 4289
231302, 4290
231326, 4291
231367, 4292
231396, 4293
231422, 4294
231464, 4295
231505, 4296
231530, 4297
231571, 4298
231610, 4299
231638, 4300
231673, 4301
231714, 4302
231741, 4303
231778, 4304
231805, 4305
231843, 4306
231872, 4307
231911, 4308
231955, 4309
231979, 4310
232021, 4311
232049, 4312
232089, 4313
232117, 4314
232160, 4315
232228, 4316
232265, 4317
232289, 4318
232329, 4319
232356, 4320
232397, 4321
232442, 4322
232472, 4323
232492, 4324
232532, 4325
232568, 4326
232600, 4327
232625, 4328
232692, 4329
232717, 4330
232744, 4331
232768, 4332
232805, 4333
232845, 4334
232873, 4335
232934, 4336
232959, 4337
232985, 4338
233020, 4339
233057, 4340
233084, 4341
233127, 4342
233155, 4343
233220, 4344
233262, 4345
233294, 4346
233331, 4347
233356, 4348
233399, 4349
233435, 4350
233459, 4351
233499, 4352
233526, 4353
233568, 4354
233596, 4355
233640, 4356
233664, 4357
233716, 4358
233744, 4359
233771, 4360
233820, 4361
233857, 4362
233897, 4363
233922, 4364
233947, 4365
233986, 4366
234027, 4367
234090, 4368
234109, 4369
234149, 4370
234189, 4371
234217, 4372
234242, 4373
234311, 4374
234335, 4375
234363, 4376
234411, 4377
234439, 4378
234463, 4379
234514, 4380
234540, 4381
234568, 4382
234606, 4383
234633, 4384
234657, 4385
234722, 4386
234752, 4387
234777, 4388
234820, 4389
234849, 4390
234876, 4391
234945, 4392
234966, 4393
234994, 4394
235031, 4395
235070, 4396
235099, 4397
235140, 4398
235166, 4399
235206, 4400
235234, 4401
235277, 4402
235306, 4403
235342, 4404
235370, 4405
235410, 4406
235438, 4407
235475, 4408
235503, 4409
235540, 4410
235591, 4411
235619, 4412
235645, 4413
235671, 4414
235712, 4415
235737, 4416
235810, 4417
235835, 4418
235863, 4419
235891, 4420
235935, 4421
235962, 4422
235992, 4423
236035, 4424
236059, 4425
236108, 4426
236135, 4427
236159, 4428
236200, 4429
236257, 4430
236282, 4431
236308, 4432
236347, 4433
236374, 4434
236412, 4435
236464, 4436
236492, 4437
236524, 4438
236551, 4439
236582, 4440
236612, 4441
236685, 4442
236703, 4443
236736, 4444
236761, 4445
236790, 4446
236814, 4447
236868, 4448
236893, 4449
236920, 4450
236949, 4451
236993, 4452
237017, 4453
237076, 4454
237104, 4455
237129, 4456
237157, 4457
237196, 4458
237223, 4459
237257, 4460
237298, 4461
237324, 4462
237368, 4463
237397, 4464
237422, 4465
237463, 4466
237528, 4467
237560, 4468
237593, 4469
237622, 4470
237651, 4471
237676, 4472
237739, 4473
237769, 4474
237806, 4475
237832, 4476
237857, 4477
237897, 4478
237954, 4479
237981, 4480
238011, 4481
238037, 4482
238071, 4483
238110, 4484
238126, 4485
238191, 4486
238222, 4487
238252, 4488
238278, 4489
238312, 4490
238353, 4491
238380, 4492
238459, 4493
238494, 4494
238516, 4495
238554, 4496
238580, 4497
238622, 4498
238668, 4499
238702, 4500
238725, 4501
238765, 4502
238805, 4503
238834, 4504
238866, 4505
238897, 4506
238932, 4507
238973, 4508
239002, 4509
239031, 4510
239065, 4511
239117, 4512
239146, 4513
239174, 4514
239225, 4515
239251, 4516
239310, 4517
239341, 4518
239374, 4519
239415, 4520
239446, 4521
239469, 4522
239532, 4523
239554, 4524
239577, 4525
239628, 4526
239660, 4527
239699, 4528
239748, 4529
239784, 4530
239819, 4531
239855, 4532
239884, 4533
239912, 4534
239951, 4535
240011, 4536
240041, 4537
240081, 4538
240107, 4539
240144, 4540
240186, 4541
240212, 4542
240274, 4543
240295, 4544
240330, 4545
240356, 4546
240381, 4547
240437, 4548
240477, 4549
240502, 4550
240526, 4551
240564, 4552
240604, 4553
240634, 4554
240668, 4555
240707, 4556
240745, 4557
240784, 4558
240811, 4559
240853, 4560
240876, 4561
240916, 4562
240953, 4563
240980, 4564
241021, 4565
241047, 4566
241116, 4567
241141, 4568
241168, 4569
241199, 4570
241228, 4571
241275, 4572
241324, 4573
241354, 4574
241381, 4575
241431, 4576
241462, 4577
241494, 4578
241539, 4579
241562, 4580
241603, 4581
241632, 4582
241671, 4583
241719, 4584
241742, 4585
241791, 4586
241819, 4587
241843, 4588
241928, 4589
241949, 4590
241973, 4591
242026, 4592
242059, 4593
242107, 4594
242132, 4595
242159, 4596
242186, 4597
242224, 4598
242266, 4599
242297, 4600
242315, 4601
242367, 4602
242398, 4603
242423, 4604
242478, 4605
242502, 4606
242530, 4607
242556, 4608
242592, 4609
242663, 4610
242686, 4611
242712, 4612
242757, 4613
242785, 4614
242809, 4615
242869, 4616
242893, 4617
242923, 4618
242947, 4619
242987, 4620
243042, 4621
243067, 4622
243094, 4623
243133, 4624
243161, 4625
243225, 4626
243251, 4627
243276, 4628
243309, 4629
243340, 4630
243378, 4631
243447, 4632
243473, 4633
243509, 4634
243536, 4635
243571, 4636
243620, 4637
243648, 4638
243691, 4639
243720, 4640
243748, 4641
243789, 4642
243826, 4643
243850, 4644
243887, 4645
243912, 4646
243951, 4647
244003, 4648
244033, 4649
244057, 4650
244085, 4651
244121, 4652
244193, 4653
244217, 4654
244242, 4655
244270, 4656
244293, 4657
244348, 4658
244377, 4659
244416, 4660
244442, 4661
244469, 4662
244507, 4663
244545, 4664
244570, 4665
244611, 4666
244639, 4667
244664, 4668
244719, 4669
244743, 4670
244771, 4671
244799, 4672
244825, 4673
244908, 4674
244931, 4675
244957, 4676
244981, 4677
245032, 4678
245050, 4679
245088, 4680
245125, 4681
245168, 4682
245207, 4683
245235, 4684
245265, 4685
245295, 4686
245327, 4687
245380, 4688
245408, 4689
245434, 4690
245470, 4691
245493, 4692
245586, 4693
245614, 4694
245640, 4695
245669, 4696
245710, 4697
245732, 4698
245775, 4699
245809, 4700
245849, 4701
245893, 4702
245917, 4703
245961, 4704
245987, 4705
246012, 4706
246062, 4707
246091, 4708
246119, 4709
246144, 4710
246196, 4711
246254, 4712
246276, 4713
246317, 4714
246345, 4715
246380, 4716
246422, 4717
246452, 4718
246481, 4719
246513, 4720
246552, 4721
246605, 4722
246634, 4723
246657, 4724
246694, 4725
246737, 4726
246783, 4727
246806, 4728
246848, 4729
246875, 4730
246901, 4731
246959, 4732
247001, 4733
247032, 4734
247067, 4735
247106, 4736
247149, 4737
247175, 4738
247212, 4739
247267, 4740
247296, 4741
247323, 4742
247352, 4743
247385, 4744
247426, 4745
247468, 4746
247492, 4747
247564, 4748
247587, 4749
247613, 4750
247641, 4751
247686, 4752
247733, 4753
247763, 4754
247790, 4755
247829, 4756
247868, 4757
247892, 4758
247934, 4759
247961, 4760
247993, 4761
248041, 4762
248069, 4763
248094, 4764
248146, 4765
248186, 4766
248212, 4767
248238, 4768
248279, 4769
248336, 4770
248356, 4771
248405, 4772
248434, 4773
248462, 4774
248514, 4775
248542, 4776
248566, 4777
248606, 4778
248645, 4779
248672, 4780
248712, 4781
248742, 4782
248781, 4783
248819, 4784
248861, 4785
248901, 4786
248953, 4787
248978, 4788
249017, 4789
249061, 4790
249098, 4791
249123, 4792
249150, 4793
249191, 4794
249231, 4795
249257, 4796
249286, 4797
249326, 4798
249364, 4799
249391, 4800
249428, 4801
249499, 4802
249524, 4803
249550, 4804
249578, 4805
249620, 4806
249659, 4807
249683, 4808
249713, 4809
249768, 4810
249794, 4811
249821, 4812
249856, 4813
249885, 4814
249921, 4815
249948, 4816
250003, 4817
250060, 4818
250080, 4819
250121, 4820
250159, 4821
250191, 4822
250224, 4823
250263, 4824
250316, 4825
250348, 4826
250388, 4827
250415, 4828
250445, 4829
250491, 4830
250520, 4831
250547, 4832
250607, 4833
250627, 4834
250678, 4835
250707, 4836
250748, 4837
250770, 4838
250810, 4839
250849, 4840
250895, 4841
250918, 4842
250952, 4843
250990, 4844
251011, 4845
251058, 4846
251089, 4847
251115, 4848
251178, 4849
251205, 4850
251238, 4851
251272, 4852
251300, 4853
251325, 4854
251370, 4855
251411, 4856
251438, 4857
251474, 4858
251501, 4859
251556, 4860
251582, 4861
251608, 4862
251636, 4863
251676, 4864
251730, 4865
251781, 4866
251815, 4867
251848, 4868
251875, 4869
251910, 4870
251947, 4871
251972, 4872
252026, 4873
252066, 4874
252091, 4875
252120, 4876
252148, 4877
252176, 4878
252238, 4879
252288, 4880
252315, 4881
252369, 4882
252395, 4883
252423, 4884
252464, 4885
252486, 4886
252528, 4887
252565, 4888
252609, 4889
252635, 4890
252660, 4891
252718, 4892
252762, 4893
252787, 4894
252839, 4895
252865, 4896
252892, 4897
252934, 4898
252977, 4899
253001, 4900
253029, 4901
253073, 4902
253110, 4903
253140, 4904
253167, 4905
253242, 4906
253273, 4907
253298, 4908
253339, 4909
253368, 4910
253394, 4911
253442, 4912
253478, 4913
253507, 4914
253536, 4915
253589, 4916
253615, 4917
253642, 4918
253670, 4919
253754, 4920
253782, 4921
253808, 4922
253850, 4923
253876, 4924
253902, 4925
253929, 4926
253971, 4927
253995, 4928
254044, 4929
254084, 4930
254109, 4931
254135, 4932
254212, 4933
254240, 4934
254256, 4935
254280, 4936
254336, 4937
254361, 4938
254421, 4939
254457, 4940
254482, 4941
254529, 4942
254569, 4943
254594, 4944
254632, 4945
254697, 4946
254717, 4947
254755, 4948
254784, 4949
254823, 4950
254865, 4951
254898, 4952
254952, 4953
254979, 4954
255009, 4955
255053, 4956
255075, 4957
255101, 4958
255151, 4959
255203, 4960
255220, 4961
255259, 4962
255299, 4963
255317, 4964
255365, 4965
255406, 4966
255431, 4967
255468, 4968
255525, 4969
255553, 4970
255589, 4971
255614, 4972
255670, 4973
255705, 4974
255751, 4975
255790, 4976
255817, 4977
255844, 4978
255885, 4979
255921, 4980
255969, 4981
255990, 4982
256015, 4983
256078, 4984
256126, 4985
256150, 4986
256175, 4987
256228, 4988
256247, 4989
256298, 4990
256337, 4991
256358, 4992
256398, 4993
256442, 4994
256467, 4995
256508, 4996
256577, 4997
256604, 4998
256632, 4999
256676, 5000
256716, 5001
256739, 5002
256789, 5003
256808, 5004
256837, 5005
256895, 5006
256914, 5007
256946, 5008
256986, 5009
257048, 5010
257073, 5011
257111, 5012
257147, 5013
257176, 5014
257215, 5015
257264, 5016
257291, 5017
257321, 5018
257356, 5019
257431, 5020
257450, 5021
257480, 5022
257521, 5023
257556, 5024
257597, 5025
257625, 5026
257658, 5027
257692, 5028
257738, 5029
257772, 5030
257799, 5031
257823, 5032
257875, 5033
257920, 5034
257943, 5035
257994, 5036
258022, 5037
258056, 5038
258096, 5039
258140, 5040
258164, 5041
258197, 5042
258237, 5043
258293, 5044
258352, 5045
258385, 5046
258423, 5047
258474, 5048
258498, 5049
258547, 5050
258566, 5051
258640, 5052
258658, 5053
258714, 5054
258734, 5055
258771, 5056
258812, 5057
258838, 5058
258889, 5059
258915, 5060
258938, 5061
259013, 5062
259033, 5063
259071, 5064
259104, 5065
259133, 5066
259173, 5067
259199, 5068
259255, 5069
259280, 5070
259306, 5071
259376, 5072
259403, 5073
259427, 5074
259453, 5075
259501, 5076
259541, 5077
259593, 5078
259623, 5079
259658, 5080
259683, 5081
259744, 5082
259768, 5083
259801, 5084
259824, 5085
259879, 5086
259898, 5087
259934, 5088
259959, 5089
260026, 5090
260054, 5091
260107, 5092
260130, 5093
260153, 5094
260204, 5095
260221, 5096
260272, 5097
260311, 5098
260341, 5099
260388, 5100
260435, 5101
260483, 5102
260525, 5103
260556, 5104
260612, 5105
260637, 5106
260682, 5107
260709, 5108
260773, 5109
260802, 5110
260837, 5111
260866, 5112
260906, 5113
260932, 5114
260967, 5115
260991, 5116
261034, 5117
261102, 5118
261145, 5119
261173, 5120
261206, 5121
261251, 5122
261278, 5123
261328, 5124
261346, 5125
261415, 5126
261454, 5127
261478, 5128
261521, 5129
261558, 5130
261582, 5131
261636, 5132
261663, 5133
261703, 5134
261731, 5135
261769, 5136
261815, 5137
261838, 5138
261895, 5139
261923, 5140
261964, 5141
262022, 5142
262046, 5143
262084, 5144
262160, 5145
262187, 5146
262230, 5147
262262, 5148
262299, 5149
262363, 5150
262392, 5151
262455, 5152
262481, 5153
262516, 5154
262550, 5155
262589, 5156
262630, 5157
262653, 5158
262708, 5159
262755, 5160
262802, 5161
262825, 5162
262904, 5163
262930, 5164
262977, 5165
263012, 5166
263059, 5167
263087, 5168
263144, 5169
263165, 5170
263204, 5171
263243, 5172
263304, 5173
263327, 5174
263388, 5175
263428, 5176
263451, 5177
263501, 5178
263520, 5179
263558, 5180
263611, 5181
263629, 5182
263670, 5183
263726, 5184
263752, 5185
263796, 5186
263825, 5187
263881, 5188
263906, 5189
263976, 5190
264023, 5191
264071, 5192
264107, 5193
264176, 5194
264196, 5195
264234, 5196
264262, 5197
264298, 5198
264349, 5199
264407, 5200
264430, 5201
264464, 5202
264486, 5203
264522, 5204
264576, 5205
264645, 5206
264681, 5207
264721, 5208
264765, 5209
264799, 5210
264814, 5211
264866, 5212
264897, 5213
264956, 5214
264998, 5215
265021, 5216
265054, 5217
265129, 5218
265155, 5219
265193, 5220
265247, 5221
265303, 5222
265335, 5223
265361, 5224
265400, 5225
265462, 5226
265493, 5227
265521, 5228
265576, 5229
265612, 5230
265667, 5231
265739, 5232
265773, 5233
265802, 5234
265843, 5235
265903, 5236
265942, 5237
266004, 5238
266027, 5239
266061, 5240
266103, 5241
