84877, 1
84922, 2
84968, 3
84996, 4
85014, 5
85071, 6
85120, 7
85148, 8
85163, 9
85211, 10
85250, 11
85278, 12
85305, 13
85335, 14
85378, 15
85413, 16
85443, 17
85487, 18
85514, 19
85546, 20
85570, 21
85612, 22
85637, 23
85679, 24
85708, 25
85737, 26
85779, 27
85808, 28
85847, 29
85886, 30
85915, 31
85944, 32
85971, 33
86013, 34
86045, 35
86087, 36
86113, 37
86137, 38
86182, 39
86208, 40
86250, 41
86278, 42
86319, 43
86348, 44
86376, 45
86408, 46
86447, 47
86473, 48
86514, 49
86559, 50
86599, 51
86622, 52
86664, 53
86695, 54
86738, 55
86762, 56
86794, 57
86835, 58
86862, 59
86891, 60
86936, 61
86958, 62
87001, 63
87033, 64
87069, 65
87099, 66
87128, 67
87171, 68
87199, 69
87240, 70
87262, 71
87306, 72
87349, 73
87373, 74
87414, 75
87440, 76
87466, 77
87493, 78
87545, 79
87574, 80
87601, 81
87643, 82
87671, 83
87697, 84
87742, 85
87771, 86
87812, 87
87833, 88
87879, 89
87903, 90
87945, 91
87973, 92
88018, 93
88044, 94
88062, 95
88118, 96
88142, 97
88184, 98
88212, 99
88238, 100
88281, 101
88299, 102
88354, 103
88381, 104
88407, 105
88458, 106
88518, 107
88548, 108
88572, 109
88618, 110
88642, 111
88686, 112
88713, 113
88744, 114
88769, 115
88809, 116
88840, 117
88879, 118
88908, 119
88935, 120
88980, 121
89007, 122
89048, 123
89077, 124
89120, 125
89144, 126
89190, 127
89218, 128
89241, 129
89284, 130
89311, 131
89354, 132
89385, 133
89410, 134
89453, 135
89480, 136
89519, 137
89563, 138
89589, 139
89617, 140
89647, 141
89687, 142
89715, 143
89762, 144
89784, 145
89813, 146
89868, 147
89894, 148
89937, 149
89964, 150
90007, 151
90035, 152
90063, 153
90107, 154
90135, 155
90162, 156
90203, 157
90231, 158
90274, 159
90301, 160
90328, 161
90371, 162
90400, 163
90427, 164
90473, 165
90505, 166
90526, 167
90566, 168
90607, 169
90635, 170
90662, 171
90689, 172
90734, 173
90773, 174
90790, 175
90833, 176
90871, 177
90899, 178
90931, 179
90957, 180
90998, 181
91040, 182
91070, 183
91093, 184
91137, 185
91182, 186
91211, 187
91249, 188
91272, 189
91314, 190
91345, 191
91388, 192
91418, 193
91443, 194
91486, 195
91512, 196
91541, 197
91583, 198
91610, 199
91651, 200
91681, 201
91709, 202
91735, 203
91790, 204
91807, 205
91845, 206
91880, 207
91920, 208
91966, 209
92007, 210
92026, 211
92068, 212
92099, 213
92126, 214
92154, 215
92203, 216
92229, 217
92267, 218
92297, 219
92326, 220
92362, 221
92403, 222
92432, 223
92459, 224
92505, 225
92530, 226
92554, 227
92595, 228
92633, 229
92662, 230
92701, 231
92744, 232
92765, 233
92792, 234
92847, 235
92875, 236
92902, 237
92944, 238
92960, 239
93015, 240
93042, 241
93071, 242
93099, 243
93140, 244
93172, 245
93209, 246
93237, 247
93266, 248
93307, 249
93337, 250
93375, 251
93405, 252
93450, 253
93491, 254
93519, 255
93543, 256
93588, 257
93613, 258
93640, 259
93680, 260
93719, 261
93747, 262
93769, 263
93815, 264
93843, 265
93880, 266
93921, 267
93949, 268
93976, 269
94020, 270
94044, 271
94072, 272
94117, 273
94145, 274
94170, 275
94211, 276
94260, 277
94293, 278
94321, 279
94349, 280
94385, 281
94420, 282
94446, 283
94488, 284
94508, 285
94548, 286
94587, 287
94616, 288
94642, 289
94682, 290
94725, 291
94750, 292
94789, 293
94819, 294
94840, 295
94882, 296
94913, 297
94942, 298
94994, 299
95034, 300
95057, 301
95098, 302
95122, 303
95163, 304
95202, 305
95219, 306
95260, 307
95300, 308
95327, 309
95354, 310
95395, 311
95426, 312
95465, 313
95493, 314
95524, 315
95561, 316
95603, 317
95630, 318
95673, 319
95691, 320
95728, 321
95754, 322
95812, 323
95828, 324
95871, 325
95899, 326
95923, 327
95967, 328
95991, 329
96035, 330
96063, 331
96090, 332
96133, 333
96175, 334
96208, 335
96228, 336
96271, 337
96298, 338
96340, 339
96359, 340
96398, 341
96439, 342
96469, 343
96499, 344
96522, 345
96564, 346
96638, 347
96661, 348
96688, 349
96734, 350
96758, 351
96785, 352
96825, 353
96862, 354
96890, 355
96918, 356
96954, 357
96997, 358
97024, 359
97051, 360
97092, 361
97125, 362
97163, 363
97192, 364
97218, 365
97260, 366
97286, 367
97344, 368
97369, 369
97397, 370
97439, 371
97469, 372
97496, 373
97530, 374
97555, 375
97604, 376
97629, 377
97656, 378
97697, 379
97736, 380
97762, 381
97804, 382
97834, 383
97864, 384
97890, 385
97929, 386
97969, 387
98007, 388
98047, 389
98073, 390
98103, 391
98140, 392
98181, 393
98208, 394
98249, 395
98268, 396
98305, 397
98347, 398
98375, 399
98406, 400
98444, 401
98473, 402
98501, 403
98542, 404
98582, 405
98600, 406
98639, 407
98699, 408
98723, 409
98750, 410
98794, 411
98820, 412
98853, 413
98878, 414
98919, 415
98956, 416
98983, 417
99025, 418
99049, 419
99089, 420
99115, 421
99157, 422
99185, 423
99212, 424
99256, 425
99280, 426
99327, 427
99352, 428
99390, 429
99432, 430
99459, 431
99486, 432
99529, 433
99569, 434
99591, 435
99627, 436
99667, 437
99685, 438
99739, 439
99757, 440
99795, 441
99825, 442
99866, 443
99892, 444
99936, 445
99961, 446
100001, 447
100018, 448
100060, 449
100087, 450
100129, 451
100176, 452
100196, 453
100233, 454
100263, 455
100306, 456
100327, 457
100368, 458
100395, 459
100437, 460
100468, 461
100490, 462
100531, 463
100563, 464
100604, 465
100627, 466
100671, 467
100698, 468
100727, 469
100769, 470
100798, 471
100824, 472
100876, 473
100924, 474
100949, 475
100989, 476
101021, 477
101045, 478
101084, 479
101107, 480
101149, 481
101177, 482
101203, 483
101243, 484
101285, 485
101314, 486
101340, 487
101367, 488
101410, 489
101453, 490
101482, 491
101505, 492
101548, 493
101577, 494
101633, 495
101661, 496
101689, 497
101715, 498
101745, 499
101784, 500
101802, 501
101846, 502
101882, 503
101916, 504
101939, 505
101981, 506
102021, 507
102038, 508
102096, 509
102119, 510
102147, 511
102175, 512
102203, 513
102246, 514
102290, 515
102328, 516
102371, 517
102397, 518
102423, 519
102468, 520
102496, 521
102524, 522
102552, 523
102606, 524
102634, 525
102662, 526
102692, 527
102718, 528
102766, 529
102788, 530
102831, 531
102871, 532
102900, 533
102925, 534
102967, 535
102997, 536
103025, 537
103056, 538
103094, 539
103137, 540
103176, 541
103205, 542
103234, 543
103259, 544
103317, 545
103346, 546
103375, 547
103401, 548
103444, 549
103469, 550
103510, 551
103531, 552
103580, 553
103609, 554
103636, 555
103665, 556
103707, 557
103738, 558
103780, 559
103819, 560
103846, 561
103877, 562
103916, 563
103943, 564
103985, 565
104005, 566
104053, 567
104070, 568
104113, 569
104153, 570
104181, 571
104222, 572
104239, 573
104279, 574
104305, 575
104351, 576
104375, 577
104417, 578
104448, 579
104487, 580
104514, 581
104556, 582
104583, 583
104626, 584
104654, 585
104696, 586
104723, 587
104751, 588
104793, 589
104821, 590
104850, 591
104892, 592
104919, 593
104962, 594
104978, 595
105017, 596
105058, 597
105086, 598
105115, 599
105188, 600
105209, 601
105238, 602
105268, 603
105310, 604
105334, 605
105377, 606
105405, 607
105433, 608
105477, 609
105502, 610
105532, 611
105574, 612
105611, 613
105630, 614
105682, 615
105699, 616
105755, 617
105780, 618
105813, 619
105837, 620
105880, 621
105907, 622
105932, 623
105987, 624
106012, 625
106038, 626
106082, 627
106120, 628
106144, 629
106173, 630
106214, 631
106240, 632
106283, 633
106310, 634
106362, 635
106381, 636
106421, 637
106448, 638
106476, 639
106517, 640
106538, 641
106589, 642
106617, 643
106643, 644
106685, 645
106715, 646
106743, 647
106785, 648
106812, 649
106854, 650
106897, 651
106924, 652
106951, 653
106992, 654
107022, 655
107063, 656
107092, 657
107119, 658
107160, 659
107190, 660
107230, 661
107260, 662
107286, 663
107328, 664
107355, 665
107396, 666
107413, 667
107470, 668
107494, 669
107521, 670
107563, 671
107592, 672
107618, 673
107661, 674
107690, 675
107717, 676
107759, 677
107787, 678
107829, 679
107860, 680
107885, 681
107924, 682
107955, 683
107994, 684
108057, 685
108078, 686
108121, 687
108150, 688
108176, 689
108217, 690
108245, 691
108271, 692
108313, 693
108361, 694
108384, 695
108412, 696
108454, 697
108470, 698
108511, 699
108553, 700
108581, 701
108611, 702
108654, 703
108673, 704
108731, 705
108749, 706
108789, 707
108818, 708
108857, 709
108888, 710
108927, 711
108955, 712
108984, 713
109024, 714
109054, 715
109098, 716
109125, 717
109149, 718
109191, 719
109234, 720
109261, 721
109305, 722
109332, 723
109362, 724
109400, 725
109445, 726
109469, 727
109487, 728
109541, 729
109566, 730
109599, 731
109622, 732
109666, 733
109707, 734
109733, 735
109751, 736
109819, 737
109845, 738
109865, 739
109903, 740
109930, 741
109970, 742
109999, 743
110017, 744
110070, 745
110097, 746
110128, 747
110167, 748
110195, 749
110238, 750
110266, 751
110295, 752
110352, 753
110375, 754
110404, 755
110446, 756
110475, 757
110503, 758
110528, 759
110571, 760
110612, 761
110646, 762
110669, 763
110712, 764
110738, 765
110764, 766
110806, 767
110839, 768
110863, 769
110937, 770
110958, 771
110986, 772
111031, 773
111058, 774
111096, 775
111118, 776
111167, 777
111195, 778
111224, 779
111265, 780
111297, 781
111323, 782
111366, 783
111390, 784
111420, 785
111479, 786
111500, 787
111543, 788
111570, 789
111598, 790
111626, 791
111667, 792
111706, 793
111731, 794
111775, 795
111798, 796
111825, 797
111864, 798
111908, 799
111933, 800
111961, 801
112021, 802
112045, 803
112083, 804
112109, 805
112152, 806
112175, 807
112214, 808
112241, 809
112283, 810
112302, 811
112353, 812
112380, 813
112421, 814
112449, 815
112477, 816
112519, 817
112552, 818
112574, 819
112618, 820
112646, 821
112684, 822
112715, 823
112755, 824
112787, 825
112811, 826
112856, 827
112879, 828
112916, 829
112956, 830
112983, 831
113011, 832
113052, 833
113096, 834
113118, 835
113159, 836
113202, 837
113229, 838
113257, 839
113283, 840
113325, 841
113355, 842
113398, 843
113423, 844
113468, 845
113497, 846
113519, 847
113559, 848
113628, 849
113649, 850
113676, 851
113703, 852
113746, 853
113784, 854
113809, 855
113849, 856
113889, 857
113915, 858
113940, 859
113984, 860
114007, 861
114052, 862
114076, 863
114116, 864
114172, 865
114192, 866
114221, 867
114264, 868
114288, 869
114327, 870
114355, 871
114401, 872
114425, 873
114458, 874
114493, 875
114522, 876
114550, 877
114591, 878
114633, 879
114670, 880
114689, 881
114729, 882
114769, 883
114795, 884
114818, 885
114858, 886
114901, 887
114917, 888
114970, 889
114998, 890
115026, 891
115065, 892
115095, 893
115126, 894
115149, 895
115194, 896
115244, 897
115269, 898
115296, 899
115336, 900
115362, 901
115392, 902
115430, 903
115463, 904
115499, 905
115527, 906
115568, 907
115595, 908
115625, 909
115670, 910
115697, 911
115719, 912
115762, 913
115793, 914
115835, 915
115858, 916
115901, 917
115929, 918
115971, 919
115998, 920
116026, 921
116070, 922
116087, 923
116127, 924
116165, 925
116184, 926
116236, 927
116264, 928
116284, 929
116368, 930
116387, 931
116428, 932
116453, 933
116494, 934
116520, 935
116561, 936
116586, 937
116627, 938
116645, 939
116695, 940
116716, 941
116768, 942
116792, 943
116819, 944
116850, 945
116891, 946
116929, 947
116956, 948
117000, 949
117017, 950
117071, 951
117103, 952
117125, 953
117166, 954
117191, 955
117231, 956
117257, 957
117298, 958
117325, 959
117363, 960
117393, 961
117437, 962
117476, 963
117504, 964
117539, 965
117572, 966
117614, 967
117642, 968
117670, 969
117710, 970
117740, 971
117783, 972
117811, 973
117839, 974
117880, 975
117907, 976
117938, 977
117995, 978
118016, 979
118060, 980
118087, 981
118115, 982
118160, 983
118184, 984
118229, 985
118255, 986
118282, 987
118324, 988
118353, 989
118381, 990
118422, 991
118440, 992
118480, 993
118520, 994
118570, 995
118588, 996
118631, 997
118673, 998
118701, 999
118726, 1000
118768, 1001
118786, 1002
118829, 1003
118868, 1004
118894, 1005
118937, 1006
118965, 1007
118994, 1008
119040, 1009
119063, 1010
119090, 1011
119131, 1012
119170, 1013
119195, 1014
119269, 1015
119296, 1016
119318, 1017
119360, 1018
119384, 1019
119428, 1020
119455, 1021
119481, 1022
119524, 1023
119557, 1024
119580, 1025
119630, 1026
119653, 1027
119695, 1028
119721, 1029
119748, 1030
119810, 1031
119828, 1032
119867, 1033
119897, 1034
119928, 1035
119951, 1036
119995, 1037
120035, 1038
120063, 1039
120092, 1040
120121, 1041
120161, 1042
120190, 1043
120232, 1044
120248, 1045
120347, 1046
120371, 1047
120399, 1048
120440, 1049
120456, 1050
120499, 1051
120541, 1052
120565, 1053
120595, 1054
120621, 1055
120661, 1056
120704, 1057
120731, 1058
120762, 1059
120801, 1060
120832, 1061
120860, 1062
120915, 1063
120941, 1064
120957, 1065
121001, 1066
121041, 1067
121068, 1068
121108, 1069
121125, 1070
121166, 1071
121205, 1072
121235, 1073
121262, 1074
121304, 1075
121333, 1076
121375, 1077
121404, 1078
121429, 1079
121473, 1080
121515, 1081
121542, 1082
121579, 1083
121620, 1084
121643, 1085
121684, 1086
121710, 1087
121756, 1088
121782, 1089
121805, 1090
121846, 1091
121874, 1092
121916, 1093
121944, 1094
121971, 1095
122022, 1096
122070, 1097
122096, 1098
122123, 1099
122170, 1100
122193, 1101
122221, 1102
122265, 1103
122293, 1104
122324, 1105
122350, 1106
122389, 1107
122433, 1108
122461, 1109
122485, 1110
122525, 1111
122582, 1112
122600, 1113
122643, 1114
122673, 1115
122700, 1116
122725, 1117
122765, 1118
122807, 1119
122823, 1120
122866, 1121
122891, 1122
122935, 1123
122960, 1124
123000, 1125
123047, 1126
123072, 1127
123115, 1128
123140, 1129
123183, 1130
123213, 1131
123239, 1132
123264, 1133
123308, 1134
123350, 1135
123377, 1136
123406, 1137
123448, 1138
123477, 1139
123503, 1140
123546, 1141
123577, 1142
123602, 1143
123657, 1144
123684, 1145
123724, 1146
123755, 1147
123785, 1148
123808, 1149
123851, 1150
123891, 1151
123908, 1152
123947, 1153
123990, 1154
124015, 1155
124054, 1156
124083, 1157
124124, 1158
124148, 1159
124188, 1160
124215, 1161
124270, 1162
124296, 1163
124317, 1164
124355, 1165
124381, 1166
124422, 1167
124450, 1168
124496, 1169
124521, 1170
124550, 1171
124574, 1172
124616, 1173
124659, 1174
124691, 1175
124718, 1176
124792, 1177
124819, 1178
124845, 1179
124876, 1180
124901, 1181
124955, 1182
124977, 1183
125006, 1184
125048, 1185
125075, 1186
125117, 1187
125145, 1188
125173, 1189
125214, 1190
125232, 1191
125286, 1192
125325, 1193
125352, 1194
125395, 1195
125423, 1196
125455, 1197
125479, 1198
125535, 1199
125562, 1200
125589, 1201
125628, 1202
125653, 1203
125693, 1204
125721, 1205
125761, 1206
125808, 1207
125829, 1208
125875, 1209
125896, 1210
125938, 1211
125968, 1212
126008, 1213
126039, 1214
126066, 1215
126111, 1216
126133, 1217
126175, 1218
126204, 1219
126244, 1220
126277, 1221
126315, 1222
126371, 1223
126397, 1224
126424, 1225
126464, 1226
126488, 1227
126532, 1228
126554, 1229
126595, 1230
126622, 1231
126649, 1232
126691, 1233
126720, 1234
126761, 1235
126788, 1236
126833, 1237
126857, 1238
126889, 1239
126942, 1240
126972, 1241
126998, 1242
127024, 1243
127053, 1244
127095, 1245
127135, 1246
127162, 1247
127203, 1248
127227, 1249
127253, 1250
127294, 1251
127333, 1252
127361, 1253
127405, 1254
127428, 1255
127457, 1256
127535, 1257
127564, 1258
127590, 1259
127614, 1260
127656, 1261
127682, 1262
127724, 1263
127750, 1264
127793, 1265
127819, 1266
127850, 1267
127888, 1268
127918, 1269
127962, 1270
127984, 1271
128025, 1272
128049, 1273
128078, 1274
128116, 1275
128159, 1276
128182, 1277
128223, 1278
128264, 1279
128293, 1280
128324, 1281
128347, 1282
128389, 1283
128431, 1284
128459, 1285
128488, 1286
128528, 1287
128557, 1288
128599, 1289
128628, 1290
128673, 1291
128699, 1292
128723, 1293
128768, 1294
128806, 1295
128834, 1296
128862, 1297
128904, 1298
128934, 1299
128961, 1300
129003, 1301
129032, 1302
129073, 1303
129101, 1304
129130, 1305
129171, 1306
129197, 1307
129259, 1308
129281, 1309
129310, 1310
129350, 1311
129378, 1312
129424, 1313
129447, 1314
129489, 1315
129517, 1316
129534, 1317
129589, 1318
129617, 1319
129642, 1320
129684, 1321
129705, 1322
129753, 1323
129774, 1324
129824, 1325
129852, 1326
129880, 1327
129912, 1328
129951, 1329
129978, 1330
130005, 1331
130049, 1332
130089, 1333
130108, 1334
130148, 1335
130187, 1336
130215, 1337
130244, 1338
130290, 1339
130313, 1340
130354, 1341
130421, 1342
130460, 1343
130484, 1344
130527, 1345
130552, 1346
130596, 1347
130619, 1348
130660, 1349
130688, 1350
130730, 1351
130758, 1352
130786, 1353
130827, 1354
130857, 1355
130881, 1356
130941, 1357
130968, 1358
130993, 1359
131034, 1360
131053, 1361
131105, 1362
131134, 1363
131159, 1364
131203, 1365
131230, 1366
131257, 1367
131300, 1368
131321, 1369
131369, 1370
131398, 1371
131426, 1372
131486, 1373
131507, 1374
131537, 1375
131579, 1376
131606, 1377
131633, 1378
131673, 1379
131712, 1380
131737, 1381
131765, 1382
131809, 1383
131834, 1384
131870, 1385
131912, 1386
131938, 1387
131971, 1388
132009, 1389
132037, 1390
132075, 1391
132094, 1392
132144, 1393
132169, 1394
132210, 1395
132237, 1396
132275, 1397
132303, 1398
132345, 1399
132377, 1400
132400, 1401
132443, 1402
132469, 1403
132511, 1404
132539, 1405
132572, 1406
132596, 1407
132667, 1408
132690, 1409
132717, 1410
132756, 1411
132781, 1412
132823, 1413
132848, 1414
132878, 1415
132915, 1416
132957, 1417
132988, 1418
133013, 1419
133055, 1420
133086, 1421
133110, 1422
133151, 1423
133183, 1424
133221, 1425
133255, 1426
133307, 1427
133349, 1428
133387, 1429
133415, 1430
133457, 1431
133476, 1432
133517, 1433
133554, 1434
133583, 1435
133609, 1436
133654, 1437
133679, 1438
133720, 1439
133750, 1440
133798, 1441
133837, 1442
133858, 1443
133888, 1444
133914, 1445
133957, 1446
133984, 1447
134026, 1448
134057, 1449
134082, 1450
134124, 1451
134154, 1452
134196, 1453
134212, 1454
134252, 1455
134295, 1456
134321, 1457
134367, 1458
134390, 1459
134431, 1460
134463, 1461
134501, 1462
134530, 1463
134573, 1464
134603, 1465
134628, 1466
134669, 1467
134696, 1468
134738, 1469
134768, 1470
134795, 1471
134836, 1472
134863, 1473
134906, 1474
134950, 1475
134979, 1476
135008, 1477
135047, 1478
135073, 1479
135115, 1480
135142, 1481
135184, 1482
135201, 1483
135243, 1484
135283, 1485
135311, 1486
135338, 1487
135380, 1488
135407, 1489
135452, 1490
135477, 1491
135535, 1492
135560, 1493
135589, 1494
135618, 1495
135643, 1496
135687, 1497
135727, 1498
135757, 1499
135783, 1500
135827, 1501
135856, 1502
135893, 1503
135921, 1504
135962, 1505
135994, 1506
136020, 1507
136075, 1508
136119, 1509
136158, 1510
136187, 1511
136213, 1512
136257, 1513
136284, 1514
136327, 1515
136357, 1516
136385, 1517
136413, 1518
136451, 1519
136481, 1520
136521, 1521
136550, 1522
136606, 1523
136635, 1524
136662, 1525
136691, 1526
136716, 1527
136744, 1528
136786, 1529
136817, 1530
136857, 1531
136887, 1532
136916, 1533
136944, 1534
136970, 1535
137024, 1536
137050, 1537
137093, 1538
137140, 1539
137160, 1540
137205, 1541
137229, 1542
137274, 1543
137300, 1544
137328, 1545
137375, 1546
137398, 1547
137439, 1548
137466, 1549
137510, 1550
137537, 1551
137565, 1552
137594, 1553
137622, 1554
137692, 1555
137717, 1556
137734, 1557
137775, 1558
137802, 1559
137830, 1560
137873, 1561
137912, 1562
137930, 1563
137972, 1564
138010, 1565
138040, 1566
138081, 1567
138109, 1568
138137, 1569
138165, 1570
138236, 1571
138262, 1572
138289, 1573
138319, 1574
138349, 1575
138372, 1576
138415, 1577
138456, 1578
138486, 1579
138511, 1580
138553, 1581
138582, 1582
138608, 1583
138654, 1584
138679, 1585
138719, 1586
138755, 1587
138811, 1588
138834, 1589
138883, 1590
138906, 1591
138948, 1592
138973, 1593
139004, 1594
139043, 1595
139069, 1596
139111, 1597
139139, 1598
139167, 1599
139208, 1600
139235, 1601
139279, 1602
139304, 1603
139350, 1604
139392, 1605
139414, 1606
139444, 1607
139487, 1608
139516, 1609
139545, 1610
139583, 1611
139613, 1612
139652, 1613
139682, 1614
139706, 1615
139749, 1616
139777, 1617
139821, 1618
139848, 1619
139878, 1620
139904, 1621
139946, 1622
139994, 1623
140026, 1624
140044, 1625
140087, 1626
140125, 1627
140155, 1628
140180, 1629
140223, 1630
140251, 1631
140293, 1632
140313, 1633
140361, 1634
140390, 1635
140418, 1636
140460, 1637
140479, 1638
140519, 1639
140559, 1640
140584, 1641
140646, 1642
140669, 1643
140695, 1644
140738, 1645
140764, 1646
140808, 1647
140828, 1648
140865, 1649
140905, 1650
140937, 1651
140967, 1652
141014, 1653
141038, 1654
141081, 1655
141104, 1656
141145, 1657
141170, 1658
141215, 1659
141240, 1660
141271, 1661
141298, 1662
141335, 1663
141394, 1664
141417, 1665
141444, 1666
141482, 1667
141523, 1668
141547, 1669
141577, 1670
141618, 1671
141647, 1672
141685, 1673
141714, 1674
141740, 1675
141782, 1676
141817, 1677
141852, 1678
141879, 1679
141924, 1680
141951, 1681
142011, 1682
142043, 1683
142083, 1684
142113, 1685
142148, 1686
142191, 1687
142215, 1688
142257, 1689
142285, 1690
142312, 1691
142358, 1692
142380, 1693
142409, 1694
142450, 1695
142479, 1696
142508, 1697
142548, 1698
142586, 1699
142613, 1700
142641, 1701
142686, 1702
142711, 1703
142751, 1704
142774, 1705
142815, 1706
142857, 1707
142884, 1708
142913, 1709
142954, 1710
142981, 1711
143025, 1712
143050, 1713
143078, 1714
143122, 1715
143147, 1716
143189, 1717
143235, 1718
143259, 1719
143286, 1720
143328, 1721
143356, 1722
143401, 1723
143427, 1724
143452, 1725
143494, 1726
143522, 1727
143569, 1728
143593, 1729
143623, 1730
143667, 1731
143690, 1732
143716, 1733
143760, 1734
143798, 1735
143840, 1736
143872, 1737
143910, 1738
143930, 1739
143970, 1740
144008, 1741
144045, 1742
144072, 1743
144099, 1744
144139, 1745
144166, 1746
144208, 1747
144235, 1748
144276, 1749
144305, 1750
144347, 1751
144373, 1752
144417, 1753
144441, 1754
144483, 1755
144512, 1756
144558, 1757
144581, 1758
144624, 1759
144649, 1760
144678, 1761
144719, 1762
144735, 1763
144776, 1764
144819, 1765
144846, 1766
144890, 1767
144916, 1768
144942, 1769
145020, 1770
145040, 1771
145064, 1772
145104, 1773
145142, 1774
145169, 1775
145208, 1776
145236, 1777
145278, 1778
145295, 1779
145335, 1780
145374, 1781
145403, 1782
145445, 1783
145461, 1784
145504, 1785
145558, 1786
145581, 1787
145610, 1788
145642, 1789
145679, 1790
145708, 1791
145733, 1792
145776, 1793
145817, 1794
145846, 1795
145875, 1796
145921, 1797
145942, 1798
145983, 1799
146007, 1800
146032, 1801
146094, 1802
146116, 1803
146140, 1804
146182, 1805
146222, 1806
146251, 1807
146277, 1808
146319, 1809
146350, 1810
146373, 1811
146412, 1812
146452, 1813
146477, 1814
146518, 1815
146546, 1816
146587, 1817
146615, 1818
146642, 1819
146687, 1820
146711, 1821
146754, 1822
146780, 1823
146825, 1824
146849, 1825
146878, 1826
146920, 1827
146961, 1828
146990, 1829
147018, 1830
147058, 1831
147076, 1832
147121, 1833
147157, 1834
147187, 1835
147228, 1836
147255, 1837
147295, 1838
147323, 1839
147367, 1840
147393, 1841
147420, 1842
147463, 1843
147491, 1844
147520, 1845
147560, 1846
147592, 1847
147616, 1848
147658, 1849
147704, 1850
147727, 1851
147789, 1852
147811, 1853
147852, 1854
147892, 1855
147920, 1856
147960, 1857
147985, 1858
148030, 1859
148051, 1860
148093, 1861
148119, 1862
148145, 1863
148191, 1864
148212, 1865
148255, 1866
148297, 1867
148336, 1868
148368, 1869
148396, 1870
148438, 1871
148468, 1872
148492, 1873
148535, 1874
148563, 1875
148606, 1876
148630, 1877
148670, 1878
148696, 1879
148740, 1880
148761, 1881
148800, 1882
148845, 1883
148873, 1884
148915, 1885
148939, 1886
148967, 1887
149007, 1888
149052, 1889
149075, 1890
149114, 1891
149140, 1892
149181, 1893
149205, 1894
149247, 1895
149274, 1896
149315, 1897
149343, 1898
149372, 1899
149399, 1900
149459, 1901
149481, 1902
149508, 1903
149551, 1904
149580, 1905
149607, 1906
149648, 1907
149676, 1908
149718, 1909
149746, 1910
149789, 1911
149817, 1912
149845, 1913
149874, 1914
149915, 1915
149954, 1916
149973, 1917
150039, 1918
150066, 1919
150095, 1920
150124, 1921
150149, 1922
150192, 1923
150209, 1924
150263, 1925
150291, 1926
150319, 1927
150360, 1928
150393, 1929
150415, 1930
150441, 1931
150486, 1932
150515, 1933
150542, 1934
150630, 1935
150661, 1936
150693, 1937
150718, 1938
150759, 1939
150784, 1940
150824, 1941
150849, 1942
150891, 1943
150919, 1944
150947, 1945
150987, 1946
151017, 1947
151060, 1948
151083, 1949
151113, 1950
151167, 1951
151190, 1952
151231, 1953
151255, 1954
151300, 1955
151320, 1956
151361, 1957
151390, 1958
151417, 1959
151460, 1960
151488, 1961
151516, 1962
151542, 1963
151599, 1964
151626, 1965
151652, 1966
151696, 1967
151735, 1968
151761, 1969
151801, 1970
151839, 1971
151865, 1972
151907, 1973
151934, 1974
151964, 1975
151991, 1976
152042, 1977
152068, 1978
152109, 1979
152135, 1980
152174, 1981
152200, 1982
152267, 1983
152296, 1984
152327, 1985
152350, 1986
152394, 1987
152418, 1988
152450, 1989
152488, 1990
152516, 1991
152544, 1992
152585, 1993
152628, 1994
152656, 1995
152687, 1996
152712, 1997
152755, 1998
152780, 1999
152839, 2000
152863, 2001
152891, 2002
152937, 2003
152961, 2004
152987, 2005
153016, 2006
153056, 2007
153095, 2008
153121, 2009
153161, 2010
153202, 2011
153227, 2012
153255, 2013
153298, 2014
153325, 2015
153366, 2016
153425, 2017
153450, 2018
153496, 2019
153518, 2020
153559, 2021
153588, 2022
153627, 2023
153646, 2024
153699, 2025
153729, 2026
153757, 2027
153798, 2028
153825, 2029
153855, 2030
153897, 2031
153939, 2032
153963, 2033
154005, 2034
154034, 2035
154064, 2036
154105, 2037
154130, 2038
154173, 2039
154201, 2040
154231, 2041
154271, 2042
154299, 2043
154330, 2044
154372, 2045
154396, 2046
154437, 2047
154483, 2048
154508, 2049
154550, 2050
154590, 2051
154618, 2052
154647, 2053
154688, 2054
154717, 2055
154744, 2056
154787, 2057
154816, 2058
154842, 2059
154884, 2060
154913, 2061
154953, 2062
154983, 2063
155010, 2064
155065, 2065
155095, 2066
155121, 2067
155148, 2068
155190, 2069
155219, 2070
155248, 2071
155275, 2072
155321, 2073
155343, 2074
155384, 2075
155426, 2076
155455, 2077
155483, 2078
155524, 2079
155540, 2080
155597, 2081
155621, 2082
155650, 2083
155677, 2084
155721, 2085
155747, 2086
155789, 2087
155805, 2088
155848, 2089
155889, 2090
155918, 2091
155955, 2092
155984, 2093
156027, 2094
156054, 2095
156082, 2096
156125, 2097
156152, 2098
156227, 2099
156248, 2100
156278, 2101
156319, 2102
156347, 2103
156398, 2104
156417, 2105
156456, 2106
156485, 2107
156525, 2108
156554, 2109
156583, 2110
156625, 2111
156649, 2112
156690, 2113
156729, 2114
156755, 2115
156797, 2116
156819, 2117
156861, 2118
156879, 2119
156930, 2120
156959, 2121
156985, 2122
157029, 2123
157058, 2124
157083, 2125
157124, 2126
157167, 2127
157194, 2128
157209, 2129
157268, 2130
157291, 2131
157351, 2132
157374, 2133
157402, 2134
157449, 2135
157474, 2136
157501, 2137
157543, 2138
157571, 2139
157597, 2140
157639, 2141
157679, 2142
157705, 2143
157730, 2144
157771, 2145
157811, 2146
157838, 2147
157865, 2148
157935, 2149
157961, 2150
157992, 2151
158018, 2152
158043, 2153
158072, 2154
158102, 2155
158141, 2156
158170, 2157
158199, 2158
158240, 2159
158271, 2160
158313, 2161
158336, 2162
158379, 2163
158407, 2164
158436, 2165
158466, 2166
158513, 2167
158551, 2168
158591, 2169
158609, 2170
158648, 2171
158689, 2172
158716, 2173
158755, 2174
158775, 2175
158824, 2176
158855, 2177
158891, 2178
158923, 2179
158948, 2180
158992, 2181
159021, 2182
159064, 2183
159125, 2184
159154, 2185
159176, 2186
159216, 2187
159259, 2188
159286, 2189
159311, 2190
159351, 2191
159392, 2192
159418, 2193
159456, 2194
159481, 2195
159527, 2196
159549, 2197
159591, 2198
159620, 2199
159644, 2200
159687, 2201
159734, 2202
159754, 2203
159796, 2204
159837, 2205
159863, 2206
159904, 2207
159931, 2208
159966, 2209
159993, 2210
160035, 2211
160063, 2212
160094, 2213
160132, 2214
160160, 2215
160201, 2216
160230, 2217
160268, 2218
160299, 2219
160352, 2220
160374, 2221
160415, 2222
160436, 2223
160478, 2224
160521, 2225
160547, 2226
160579, 2227
160603, 2228
160643, 2229
160681, 2230
160707, 2231
160748, 2232
160779, 2233
160816, 2234
160842, 2235
160900, 2236
160926, 2237
160953, 2238
160981, 2239
161023, 2240
161051, 2241
161093, 2242
161122, 2243
161149, 2244
161191, 2245
161219, 2246
161259, 2247
161275, 2248
161317, 2249
161363, 2250
161386, 2251
161415, 2252
161458, 2253
161480, 2254
161524, 2255
161554, 2256
161593, 2257
161639, 2258
161662, 2259
161704, 2260
161734, 2261
161761, 2262
161800, 2263
161845, 2264
161861, 2265
161904, 2266
161931, 2267
161968, 2268
162010, 2269
162027, 2270
162070, 2271
162110, 2272
162136, 2273
162163, 2274
162206, 2275
162233, 2276
162276, 2277
162344, 2278
162367, 2279
162408, 2280
162433, 2281
162475, 2282
162501, 2283
162542, 2284
162570, 2285
162611, 2286
162643, 2287
162667, 2288
162710, 2289
162737, 2290
162781, 2291
162803, 2292
162845, 2293
162862, 2294
162905, 2295
162962, 2296
162986, 2297
163015, 2298
163055, 2299
163072, 2300
163115, 2301
163156, 2302
163179, 2303
163223, 2304
163250, 2305
163290, 2306
163320, 2307
163348, 2308
163377, 2309
163419, 2310
163449, 2311
163491, 2312
163515, 2313
163556, 2314
163583, 2315
163642, 2316
163667, 2317
163686, 2318
163714, 2319
163753, 2320
163781, 2321
163822, 2322
163849, 2323
163892, 2324
163920, 2325
163947, 2326
163989, 2327
164016, 2328
164048, 2329
164088, 2330
164117, 2331
164142, 2332
164191, 2333
164213, 2334
164252, 2335
164297, 2336
164323, 2337
164352, 2338
164380, 2339
164421, 2340
164448, 2341
164477, 2342
164518, 2343
164560, 2344
164588, 2345
164618, 2346
164643, 2347
164686, 2348
164728, 2349
164760, 2350
164782, 2351
164829, 2352
164851, 2353
164882, 2354
164921, 2355
164949, 2356
165005, 2357
165024, 2358
165061, 2359
165090, 2360
165117, 2361
165161, 2362
165200, 2363
165228, 2364
165257, 2365
165299, 2366
165326, 2367
165352, 2368
165396, 2369
165423, 2370
165465, 2371
165495, 2372
165523, 2373
165560, 2374
165605, 2375
165632, 2376
165661, 2377
165688, 2378
165748, 2379
165770, 2380
165799, 2381
165841, 2382
165870, 2383
165896, 2384
165942, 2385
165966, 2386
166009, 2387
166035, 2388
166077, 2389
166104, 2390
166134, 2391
166176, 2392
166207, 2393
166231, 2394
166273, 2395
166303, 2396
166329, 2397
166357, 2398
166399, 2399
166439, 2400
166481, 2401
166527, 2402
166551, 2403
166579, 2404
166620, 2405
166663, 2406
166689, 2407
166722, 2408
166746, 2409
166788, 2410
166828, 2411
166856, 2412
166884, 2413
166930, 2414
166954, 2415
166996, 2416
167024, 2417
167053, 2418
167081, 2419
167139, 2420
167165, 2421
167191, 2422
167217, 2423
167262, 2424
167287, 2425
167329, 2426
167345, 2427
167387, 2428
167427, 2429
167456, 2430
167484, 2431
167524, 2432
167555, 2433
167597, 2434
167623, 2435
167662, 2436
167680, 2437
167741, 2438
167774, 2439
167799, 2440
167828, 2441
167869, 2442
167894, 2443
167931, 2444
167962, 2445
168001, 2446
168027, 2447
168070, 2448
168099, 2449
168122, 2450
168164, 2451
168194, 2452
168235, 2453
168263, 2454
168291, 2455
168333, 2456
168364, 2457
168402, 2458
168444, 2459
168473, 2460
168515, 2461
168542, 2462
168568, 2463
168611, 2464
168654, 2465
168683, 2466
168709, 2467
168736, 2468
168781, 2469
168808, 2470
168847, 2471
168877, 2472
168904, 2473
168959, 2474
168985, 2475
169013, 2476
169042, 2477
169110, 2478
169139, 2479
169168, 2480
169197, 2481
169223, 2482
169263, 2483
169289, 2484
169330, 2485
169367, 2486
169399, 2487
169425, 2488
169463, 2489
169490, 2490
169541, 2491
169571, 2492
169603, 2493
169627, 2494
169667, 2495
169708, 2496
169736, 2497
169753, 2498
169826, 2499
169846, 2500
169875, 2501
169917, 2502
169939, 2503
169981, 2504
170006, 2505
170049, 2506
170073, 2507
170101, 2508
170153, 2509
170177, 2510
170217, 2511
170243, 2512
170285, 2513
170313, 2514
170337, 2515
170381, 2516
170419, 2517
170437, 2518
170478, 2519
170543, 2520
170567, 2521
170607, 2522
170634, 2523
170662, 2524
170712, 2525
170728, 2526
170769, 2527
170810, 2528
170837, 2529
170868, 2530
170894, 2531
170930, 2532
170968, 2533
171010, 2534
171047, 2535
171083, 2536
171110, 2537
171152, 2538
171233, 2539
171270, 2540
171292, 2541
171344, 2542
171370, 2543
171412, 2544
171440, 2545
171464, 2546
171518, 2547
171547, 2548
171573, 2549
171615, 2550
171639, 2551
171678, 2552
171703, 2553
171747, 2554
171770, 2555
171812, 2556
171855, 2557
171880, 2558
171922, 2559
171949, 2560
171976, 2561
172015, 2562
172057, 2563
172081, 2564
172117, 2565
172161, 2566
172187, 2567
172213, 2568
172253, 2569
172291, 2570
172317, 2571
172359, 2572
172384, 2573
172429, 2574
172463, 2575
172504, 2576
172528, 2577
172572, 2578
172594, 2579
172636, 2580
172662, 2581
172704, 2582
172735, 2583
172758, 2584
172798, 2585
172839, 2586
172859, 2587
172905, 2588
172930, 2589
172982, 2590
173013, 2591
173050, 2592
173075, 2593
173128, 2594
173153, 2595
173180, 2596
173206, 2597
173251, 2598
173287, 2599
173318, 2600
173343, 2601
173388, 2602
173412, 2603
173470, 2604
173494, 2605
173520, 2606
173546, 2607
173587, 2608
173624, 2609
173652, 2610
173681, 2611
173722, 2612
173761, 2613
173790, 2614
173820, 2615
173860, 2616
173884, 2617
173928, 2618
173957, 2619
173995, 2620
174051, 2621
174073, 2622
174116, 2623
174140, 2624
174183, 2625
174209, 2626
174246, 2627
174274, 2628
174312, 2629
174350, 2630
174377, 2631
174421, 2632
174447, 2633
174474, 2634
174533, 2635
174555, 2636
174579, 2637
174624, 2638
174650, 2639
174693, 2640
174721, 2641
174750, 2642
174776, 2643
174818, 2644
174847, 2645
174886, 2646
174916, 2647
174941, 2648
175010, 2649
175030, 2650
175061, 2651
175098, 2652
175125, 2653
175169, 2654
175193, 2655
175232, 2656
175262, 2657
175296, 2658
175334, 2659
175360, 2660
175401, 2661
175430, 2662
175457, 2663
175499, 2664
175524, 2665
175568, 2666
175592, 2667
175632, 2668
175659, 2669
175685, 2670
175738, 2671
175766, 2672
175795, 2673
175835, 2674
175864, 2675
175893, 2676
175932, 2677
175963, 2678
175987, 2679
176048, 2680
176069, 2681
176097, 2682
176136, 2683
176176, 2684
176201, 2685
176228, 2686
176269, 2687
176296, 2688
176336, 2689
176367, 2690
176390, 2691
176443, 2692
176469, 2693
176495, 2694
176521, 2695
176564, 2696
176614, 2697
176657, 2698
176685, 2699
176715, 2700
176740, 2701
176780, 2702
176817, 2703
176842, 2704
176882, 2705
176912, 2706
176941, 2707
176975, 2708
177015, 2709
177038, 2710
177098, 2711
177117, 2712
177149, 2713
177184, 2714
177214, 2715
177253, 2716
177280, 2717
177317, 2718
177345, 2719
177383, 2720
177424, 2721
177441, 2722
177493, 2723
177522, 2724
177556, 2725
177587, 2726
177617, 2727
177643, 2728
177688, 2729
177714, 2730
177754, 2731
177792, 2732
177819, 2733
177844, 2734
177888, 2735
177913, 2736
177952, 2737
177997, 2738
178022, 2739
178051, 2740
178077, 2741
178120, 2742
178159, 2743
178189, 2744
178215, 2745
178255, 2746
178276, 2747
178327, 2748
178355, 2749
178383, 2750
178412, 2751
178453, 2752
178494, 2753
178522, 2754
178551, 2755
178593, 2756
178623, 2757
178653, 2758
178676, 2759
178720, 2760
178758, 2761
178786, 2762
178849, 2763
178867, 2764
178907, 2765
178946, 2766
178977, 2767
178998, 2768
179040, 2769
179081, 2770
179110, 2771
179134, 2772
179177, 2773
179219, 2774
179247, 2775
179292, 2776
179316, 2777
179358, 2778
179387, 2779
179413, 2780
179441, 2781
179487, 2782
179510, 2783
179553, 2784
179593, 2785
179615, 2786
179651, 2787
179693, 2788
179740, 2789
179761, 2790
179804, 2791
179830, 2792
179857, 2793
179905, 2794
179927, 2795
179969, 2796
179998, 2797
180026, 2798
180069, 2799
180095, 2800
180136, 2801
180157, 2802
180210, 2803
180246, 2804
180273, 2805
180302, 2806
180340, 2807
180379, 2808
180404, 2809
180447, 2810
180474, 2811
180500, 2812
180545, 2813
180568, 2814
180610, 2815
180640, 2816
180684, 2817
180707, 2818
180750, 2819
180788, 2820
180814, 2821
180852, 2822
180893, 2823
180919, 2824
180944, 2825
180987, 2826
181014, 2827
181043, 2828
181084, 2829
181154, 2830
181180, 2831
181221, 2832
181250, 2833
181279, 2834
181308, 2835
181347, 2836
181380, 2837
181418, 2838
181448, 2839
181472, 2840
181514, 2841
181554, 2842
181581, 2843
181624, 2844
181648, 2845
181688, 2846
181729, 2847
181757, 2848
181783, 2849
181821, 2850
181849, 2851
181889, 2852
181908, 2853
181961, 2854
182006, 2855
182030, 2856
182055, 2857
182095, 2858
182120, 2859
182160, 2860
182184, 2861
182228, 2862
182265, 2863
182294, 2864
182337, 2865
182368, 2866
182392, 2867
182435, 2868
182458, 2869
182501, 2870
182531, 2871
182570, 2872
182598, 2873
182630, 2874
182669, 2875
182695, 2876
182735, 2877
182761, 2878
182803, 2879
182834, 2880
182865, 2881
182907, 2882
182934, 2883
182977, 2884
183005, 2885
183031, 2886
183076, 2887
183100, 2888
183144, 2889
183169, 2890
183245, 2891
183264, 2892
183290, 2893
183330, 2894
183358, 2895
183396, 2896
183424, 2897
183453, 2898
183494, 2899
183533, 2900
183560, 2901
183606, 2902
183631, 2903
183671, 2904
183714, 2905
183742, 2906
183770, 2907
183810, 2908
183835, 2909
183860, 2910
183903, 2911
183940, 2912
183966, 2913
184007, 2914
184037, 2915
184077, 2916
184095, 2917
184133, 2918
184177, 2919
184203, 2920
184243, 2921
184272, 2922
184315, 2923
184343, 2924
184374, 2925
184399, 2926
184451, 2927
184481, 2928
184507, 2929
184538, 2930
184579, 2931
184618, 2932
184648, 2933
184690, 2934
184707, 2935
184749, 2936
184789, 2937
184815, 2938
184849, 2939
184883, 2940
184916, 2941
184953, 2942
184974, 2943
185038, 2944
185065, 2945
185094, 2946
185121, 2947
185166, 2948
185189, 2949
185229, 2950
185253, 2951
185297, 2952
185322, 2953
185361, 2954
185387, 2955
185429, 2956
185457, 2957
185487, 2958
185549, 2959
185576, 2960
185616, 2961
185658, 2962
185682, 2963
185706, 2964
185748, 2965
185789, 2966
185819, 2967
185846, 2968
185887, 2969
185915, 2970
185941, 2971
185990, 2972
186027, 2973
186053, 2974
186099, 2975
186122, 2976
186161, 2977
186187, 2978
186227, 2979
186253, 2980
186294, 2981
186319, 2982
186363, 2983
186388, 2984
186430, 2985
186479, 2986
186511, 2987
186539, 2988
186580, 2989
186623, 2990
186645, 2991
186687, 2992
186713, 2993
186739, 2994
186781, 2995
186821, 2996
186850, 2997
186877, 2998
186935, 2999
186960, 3000
186984, 3001
187027, 3002
187043, 3003
187085, 3004
187128, 3005
187157, 3006
187181, 3007
187223, 3008
187252, 3009
187294, 3010
187322, 3011
187351, 3012
187403, 3013
187432, 3014
187463, 3015
187490, 3016
187518, 3017
187558, 3018
187584, 3019
187626, 3020
187648, 3021
187698, 3022
187723, 3023
187754, 3024
187793, 3025
187811, 3026
187880, 3027
187905, 3028
187933, 3029
187963, 3030
187989, 3031
188031, 3032
188059, 3033
188087, 3034
188129, 3035
188158, 3036
188185, 3037
188215, 3038
188253, 3039
188330, 3040
188351, 3041
188376, 3042
188402, 3043
188430, 3044
188471, 3045
188510, 3046
188536, 3047
188578, 3048
188603, 3049
188631, 3050
188698, 3051
188714, 3052
188754, 3053
188785, 3054
188811, 3055
188837, 3056
188882, 3057
188921, 3058
188951, 3059
188978, 3060
189017, 3061
189043, 3062
189098, 3063
189120, 3064
189160, 3065
189189, 3066
189215, 3067
189242, 3068
189284, 3069
189326, 3070
189354, 3071
189385, 3072
189410, 3073
189466, 3074
189491, 3075
189519, 3076
189551, 3077
189574, 3078
189629, 3079
189652, 3080
189678, 3081
189722, 3082
189745, 3083
189789, 3084
189812, 3085
189853, 3086
189897, 3087
189922, 3088
189964, 3089
189993, 3090
190020, 3091
190062, 3092
190092, 3093
190134, 3094
190159, 3095
190190, 3096
190232, 3097
190260, 3098
190305, 3099
190339, 3100
190381, 3101
190407, 3102
190450, 3103
190472, 3104
190512, 3105
190541, 3106
190568, 3107
190606, 3108
190648, 3109
190677, 3110
190738, 3111
190760, 3112
190800, 3113
190828, 3114
190869, 3115
190898, 3116
190924, 3117
190954, 3118
190997, 3119
191037, 3120
191075, 3121
191105, 3122
191133, 3123
191162, 3124
191204, 3125
191246, 3126
191277, 3127
191304, 3128
191347, 3129
191371, 3130
191414, 3131
191455, 3132
191481, 3133
191506, 3134
191548, 3135
191573, 3136
191611, 3137
191648, 3138
191670, 3139
191711, 3140
191745, 3141
191777, 3142
191804, 3143
191833, 3144
191873, 3145
191901, 3146
191943, 3147
191971, 3148
192001, 3149
192040, 3150
192069, 3151
192108, 3152
192151, 3153
192165, 3154
192207, 3155
192235, 3156
192277, 3157
192306, 3158
192333, 3159
192375, 3160
192403, 3161
192444, 3162
192473, 3163
192501, 3164
192543, 3165
192570, 3166
192613, 3167
192627, 3168
192669, 3169
192711, 3170
192725, 3171
192768, 3172
192808, 3173
192850, 3174
192864, 3175
192906, 3176
192935, 3177
192976, 3178
193004, 3179
193032, 3180
193073, 3181
193102, 3182
193143, 3183
193171, 3184
193199, 3185
193241, 3186
193269, 3187
193311, 3188
193338, 3189
193369, 3190
193408, 3191
193436, 3192
193465, 3193
193505, 3194
193534, 3195
193576, 3196
193605, 3197
193674, 3198
193687, 3199
193714, 3200
193756, 3201
193785, 3202
193813, 3203
193854, 3204
193883, 3205
193913, 3206
193952, 3207
193981, 3208
194021, 3209
194050, 3210
194092, 3211
194106, 3212
194149, 3213
194189, 3214
194217, 3215
194259, 3216
194287, 3217
194315, 3218
194356, 3219
194385, 3220
194426, 3221
194454, 3222
194483, 3223
194524, 3224
194552, 3225
194594, 3226
194622, 3227
194650, 3228
194706, 3229
194718, 3230
194761, 3231
194790, 3232
194816, 3233
194859, 3234
194886, 3235
194928, 3236
194942, 3237
194998, 3238
195012, 3239
195055, 3240
195084, 3241
195124, 3242
195151, 3243
195226, 3244
195252, 3245
195280, 3246
195320, 3247
195347, 3248
195377, 3249
195415, 3250
195444, 3251
195484, 3252
195512, 3253
195552, 3254
195580, 3255
195609, 3256
195650, 3257
195681, 3258
195708, 3259
195748, 3260
195776, 3261
195832, 3262
195846, 3263
195887, 3264
195914, 3265
195943, 3266
195984, 3267
196013, 3268
196055, 3269
196082, 3270
196112, 3271
196151, 3272
196179, 3273
196207, 3274
196249, 3275
196278, 3276
196318, 3277
196348, 3278
196389, 3279
196403, 3280
196445, 3281
196482, 3282
196511, 3283
196542, 3284
196580, 3285
196610, 3286
196651, 3287
196679, 3288
196709, 3289
196749, 3290
196777, 3291
196819, 3292
196847, 3293
196876, 3294
196917, 3295
196945, 3296
196986, 3297
197016, 3298
197043, 3299
197084, 3300
197147, 3301
197165, 3302
197178, 3303
197222, 3304
197250, 3305
197291, 3306
197320, 3307
197349, 3308
197391, 3309
197404, 3310
197460, 3311
197473, 3312
197515, 3313
197546, 3314
197585, 3315
197614, 3316
197655, 3317
197683, 3318
197724, 3319
197738, 3320
197781, 3321
197822, 3322
197850, 3323
197895, 3324
197906, 3325
197948, 3326
197988, 3327
198016, 3328
198047, 3329
198086, 3330
198115, 3331
198157, 3332
198171, 3333
198215, 3334
198253, 3335
198282, 3336
198324, 3337
198352, 3338
198382, 3339
198422, 3340
198450, 3341
198480, 3342
198519, 3343
198549, 3344
198589, 3345
198617, 3346
198659, 3347
198673, 3348
198715, 3349
198756, 3350
198784, 3351
198812, 3352
198869, 3353
198883, 3354
198911, 3355
198952, 3356
198981, 3357
199020, 3358
199062, 3359
199077, 3360
199119, 3361
199150, 3362
199189, 3363
199216, 3364
199258, 3365
199285, 3366
199314, 3367
199356, 3368
199384, 3369
199412, 3370
199454, 3371
199481, 3372
199523, 3373
199551, 3374
199593, 3375
199607, 3376
199649, 3377
199689, 3378
199727, 3379
199776, 3380
199802, 3381
199843, 3382
199871, 3383
199900, 3384
199940, 3385
199968, 3386
200010, 3387
200038, 3388
200067, 3389
200107, 3390
200135, 3391
200177, 3392
200206, 3393
200233, 3394
200275, 3395
200302, 3396
200332, 3397
200372, 3398
200399, 3399
200451, 3400
200473, 3401
200525, 3402
200550, 3403
200579, 3404
200608, 3405
200646, 3406
200704, 3407
200731, 3408
200759, 3409
200787, 3410
200828, 3411
200846, 3412
200899, 3413
200925, 3414
200957, 3415
200999, 3416
201021, 3417
201073, 3418
201090, 3419
201132, 3420
201159, 3421
201205, 3422
201230, 3423
201259, 3424
201300, 3425
201328, 3426
201355, 3427
201399, 3428
201427, 3429
201457, 3430
201495, 3431
201539, 3432
201583, 3433
201607, 3434
201635, 3435
201678, 3436
201704, 3437
201733, 3438
201761, 3439
201806, 3440
201846, 3441
201884, 3442
201914, 3443
201941, 3444
201969, 3445
202025, 3446
202051, 3447
202078, 3448
202121, 3449
202151, 3450
202177, 3451
202220, 3452
202247, 3453
202276, 3454
202340, 3455
202368, 3456
202397, 3457
202441, 3458
202469, 3459
202498, 3460
202538, 3461
202567, 3462
202609, 3463
202638, 3464
202698, 3465
202716, 3466
202746, 3467
202788, 3468
202815, 3469
202857, 3470
202887, 3471
202914, 3472
202954, 3473
202973, 3474
203028, 3475
203053, 3476
203097, 3477
203121, 3478
203163, 3479
203197, 3480
203220, 3481
203262, 3482
203302, 3483
203330, 3484
203359, 3485
203400, 3486
203429, 3487
203456, 3488
203512, 3489
203542, 3490
203569, 3491
203596, 3492
203623, 3493
203665, 3494
203705, 3495
203723, 3496
203778, 3497
203807, 3498
203833, 3499
203889, 3500
203916, 3501
203942, 3502
203970, 3503
204015, 3504
204040, 3505
204085, 3506
204112, 3507
204139, 3508
204180, 3509
204244, 3510
204275, 3511
204300, 3512
204341, 3513
204381, 3514
204404, 3515
204446, 3516
204475, 3517
204502, 3518
204544, 3519
204584, 3520
204624, 3521
204654, 3522
204679, 3523
204723, 3524
204750, 3525
204791, 3526
204820, 3527
204847, 3528
204893, 3529
204933, 3530
204961, 3531
204989, 3532
205017, 3533
205057, 3534
205090, 3535
205126, 3536
205155, 3537
205196, 3538
205215, 3539
205266, 3540
205294, 3541
205321, 3542
205366, 3543
205391, 3544
205420, 3545
205460, 3546
205478, 3547
205533, 3548
205560, 3549
205622, 3550
205644, 3551
205685, 3552
205723, 3553
205753, 3554
205778, 3555
205817, 3556
205857, 3557
205883, 3558
205911, 3559
205954, 3560
205995, 3561
206017, 3562
206059, 3563
206101, 3564
206128, 3565
206157, 3566
206187, 3567
206225, 3568
206268, 3569
206296, 3570
206325, 3571
206366, 3572
206392, 3573
206435, 3574
206473, 3575
206497, 3576
206541, 3577
206561, 3578
206604, 3579
206634, 3580
206674, 3581
206705, 3582
206752, 3583
206776, 3584
206819, 3585
206846, 3586
206885, 3587
206914, 3588
206939, 3589
206983, 3590
207004, 3591
207061, 3592
207090, 3593
207118, 3594
207146, 3595
207190, 3596
207215, 3597
207239, 3598
207295, 3599
207316, 3600
207346, 3601
207384, 3602
207454, 3603
207480, 3604
207519, 3605
207562, 3606
207591, 3607
207622, 3608
207645, 3609
207689, 3610
207715, 3611
207757, 3612
207803, 3613
207826, 3614
207873, 3615
207895, 3616
207924, 3617
207967, 3618
207998, 3619
208033, 3620
208070, 3621
208100, 3622
208129, 3623
208164, 3624
208217, 3625
208244, 3626
208272, 3627
208314, 3628
208344, 3629
208370, 3630
208412, 3631
208454, 3632
208500, 3633
208524, 3634
208551, 3635
208588, 3636
208629, 3637
208653, 3638
208693, 3639
208735, 3640
208765, 3641
208800, 3642
208827, 3643
208880, 3644
208933, 3645
208960, 3646
208987, 3647
209012, 3648
209066, 3649
209082, 3650
209138, 3651
209165, 3652
209195, 3653
209219, 3654
209260, 3655
209310, 3656
209340, 3657
209365, 3658
209387, 3659
209430, 3660
209455, 3661
209499, 3662
209528, 3663
209554, 3664
209598, 3665
209620, 3666
209661, 3667
209704, 3668
209725, 3669
209768, 3670
209791, 3671
209818, 3672
209860, 3673
209901, 3674
209928, 3675
209968, 3676
209994, 3677
210020, 3678
210049, 3679
210117, 3680
210143, 3681
210170, 3682
210197, 3683
210224, 3684
210253, 3685
210291, 3686
210332, 3687
210361, 3688
210390, 3689
210432, 3690
210459, 3691
210517, 3692
210543, 3693
210573, 3694
210600, 3695
210630, 3696
210654, 3697
210697, 3698
210724, 3699
210767, 3700
210795, 3701
210820, 3702
210866, 3703
210928, 3704
210959, 3705
210985, 3706
211025, 3707
211064, 3708
211090, 3709
211121, 3710
211160, 3711
211186, 3712
211227, 3713
211254, 3714
211282, 3715
211339, 3716
211363, 3717
211407, 3718
211433, 3719
211472, 3720
211515, 3721
211534, 3722
211578, 3723
211603, 3724
211645, 3725
211671, 3726
211705, 3727
211758, 3728
211784, 3729
211808, 3730
211850, 3731
211879, 3732
211906, 3733
211953, 3734
211976, 3735
212019, 3736
212044, 3737
212084, 3738
212108, 3739
212167, 3740
212188, 3741
212216, 3742
212257, 3743
212282, 3744
212325, 3745
212353, 3746
212381, 3747
212422, 3748
212463, 3749
212480, 3750
212534, 3751
212580, 3752
212601, 3753
212644, 3754
212671, 3755
212699, 3756
212744, 3757
212767, 3758
212812, 3759
212836, 3760
212862, 3761
212901, 3762
212929, 3763
212993, 3764
213034, 3765
213075, 3766
213093, 3767
213133, 3768
213173, 3769
213202, 3770
213243, 3771
213271, 3772
213316, 3773
213340, 3774
213380, 3775
213425, 3776
213450, 3777
213478, 3778
213521, 3779
213550, 3780
213576, 3781
213618, 3782
213647, 3783
213676, 3784
213715, 3785
213755, 3786
213783, 3787
213823, 3788
213847, 3789
213885, 3790
213914, 3791
213957, 3792
213983, 3793
214013, 3794
214037, 3795
214092, 3796
214109, 3797
214152, 3798
214175, 3799
214203, 3800
214250, 3801
214274, 3802
214314, 3803
214354, 3804
214386, 3805
214426, 3806
214471, 3807
214499, 3808
214547, 3809
214575, 3810
214599, 3811
214624, 3812
214677, 3813
214705, 3814
214733, 3815
214773, 3816
214805, 3817
214871, 3818
214887, 3819
214929, 3820
214956, 3821
215000, 3822
215028, 3823
215058, 3824
215093, 3825
215131, 3826
215164, 3827
215199, 3828
215238, 3829
215279, 3830
215295, 3831
215333, 3832
215375, 3833
215403, 3834
215444, 3835
215473, 3836
215502, 3837
215535, 3838
215568, 3839
215608, 3840
215641, 3841
215666, 3842
215707, 3843
215733, 3844
215787, 3845
215809, 3846
215851, 3847
215891, 3848
215918, 3849
215959, 3850
215987, 3851
216015, 3852
216056, 3853
216084, 3854
216128, 3855
216153, 3856
216180, 3857
216239, 3858
216263, 3859
216291, 3860
216320, 3861
216361, 3862
216387, 3863
216431, 3864
216458, 3865
216493, 3866
216532, 3867
216608, 3868
216632, 3869
216673, 3870
216698, 3871
216740, 3872
216769, 3873
216798, 3874
216844, 3875
216868, 3876
216910, 3877
216935, 3878
216978, 3879
217003, 3880
217047, 3881
217071, 3882
217113, 3883
217140, 3884
217181, 3885
217206, 3886
217235, 3887
217292, 3888
217323, 3889
217349, 3890
217376, 3891
217417, 3892
217439, 3893
217482, 3894
217518, 3895
217548, 3896
217577, 3897
217627, 3898
217670, 3899
217698, 3900
217726, 3901
217754, 3902
217796, 3903
217837, 3904
217865, 3905
217895, 3906
217936, 3907
217965, 3908
218003, 3909
218045, 3910
218065, 3911
218106, 3912
218143, 3913
218172, 3914
218214, 3915
218243, 3916
218271, 3917
218334, 3918
218364, 3919
218393, 3920
218445, 3921
218470, 3922
218496, 3923
218537, 3924
218579, 3925
218607, 3926
218647, 3927
218674, 3928
218711, 3929
218749, 3930
218775, 3931
218801, 3932
218856, 3933
218886, 3934
218911, 3935
218939, 3936
218985, 3937
219030, 3938
219058, 3939
219085, 3940
219111, 3941
219150, 3942
219190, 3943
219220, 3944
219246, 3945
219286, 3946
219328, 3947
219371, 3948
219397, 3949
219423, 3950
219463, 3951
219501, 3952
219528, 3953
219554, 3954
219611, 3955
219636, 3956
219663, 3957
219699, 3958
219726, 3959
219754, 3960
219794, 3961
219822, 3962
219860, 3963
219900, 3964
219928, 3965
219957, 3966
219996, 3967
220064, 3968
220095, 3969
220124, 3970
220150, 3971
220189, 3972
220229, 3973
220255, 3974
220295, 3975
220320, 3976
220364, 3977
220400, 3978
220428, 3979
220457, 3980
220498, 3981
220526, 3982
220553, 3983
220592, 3984
220636, 3985
220662, 3986
220709, 3987
220732, 3988
220772, 3989
220811, 3990
220836, 3991
220864, 3992
220917, 3993
220944, 3994
220972, 3995
221021, 3996
221053, 3997
221080, 3998
221108, 3999
221146, 4000
221185, 4001
221212, 4002
221253, 4003
221280, 4004
221307, 4005
221361, 4006
221390, 4007
221417, 4008
221443, 4009
221485, 4010
221512, 4011
221543, 4012
221586, 4013
221613, 4014
221655, 4015
221706, 4016
221750, 4017
221775, 4018
221819, 4019
221859, 4020
221883, 4021
221923, 4022
221949, 4023
221977, 4024
222023, 4025
222070, 4026
222096, 4027
222127, 4028
222165, 4029
222193, 4030
222239, 4031
222265, 4032
222309, 4033
222361, 4034
222401, 4035
222422, 4036
222450, 4037
222488, 4038
222519, 4039
222559, 4040
222586, 4041
222646, 4042
222671, 4043
222694, 4044
222737, 4045
222766, 4046
222792, 4047
222831, 4048
222858, 4049
222909, 4050
222968, 4051
222989, 4052
223015, 4053
223056, 4054
223094, 4055
223121, 4056
223145, 4057
223186, 4058
223217, 4059
223270, 4060
223293, 4061
223324, 4062
223349, 4063
223394, 4064
223417, 4065
223458, 4066
223499, 4067
223522, 4068
223562, 4069
223606, 4070
223632, 4071
223657, 4072
223713, 4073
223739, 4074
223767, 4075
223799, 4076
223837, 4077
223865, 4078
223924, 4079
223944, 4080
223985, 4081
224008, 4082
224050, 4083
224077, 4084
224106, 4085
224145, 4086
224186, 4087
224231, 4088
224255, 4089
224281, 4090
224324, 4091
224356, 4092
224382, 4093
224421, 4094
224462, 4095
224493, 4096
224521, 4097
224582, 4098
224600, 4099
224653, 4100
224675, 4101
224716, 4102
224757, 4103
224787, 4104
224815, 4105
224838, 4106
224908, 4107
224932, 4108
224954, 4109
224996, 4110
225023, 4111
225052, 4112
225093, 4113
225118, 4114
225160, 4115
225190, 4116
225234, 4117
225252, 4118
225295, 4119
225331, 4120
225357, 4121
225399, 4122
225428, 4123
225453, 4124
225495, 4125
225521, 4126
225565, 4127
225594, 4128
225631, 4129
225671, 4130
225697, 4131
225719, 4132
225776, 4133
225801, 4134
225828, 4135
225874, 4136
225913, 4137
225938, 4138
225980, 4139
226008, 4140
226054, 4141
226081, 4142
226106, 4143
226133, 4144
226176, 4145
226230, 4146
226271, 4147
226294, 4148
226335, 4149
226364, 4150
226389, 4151
226430, 4152
226469, 4153
226498, 4154
226531, 4155
226583, 4156
226622, 4157
226662, 4158
226688, 4159
226716, 4160
226751, 4161
226791, 4162
226818, 4163
226864, 4164
226890, 4165
226930, 4166
226957, 4167
226984, 4168
227025, 4169
227054, 4170
227095, 4171
227122, 4172
227165, 4173
227210, 4174
227234, 4175
227273, 4176
227298, 4177
227340, 4178
227364, 4179
227390, 4180
227444, 4181
227473, 4182
227504, 4183
227546, 4184
227570, 4185
227598, 4186
227651, 4187
227679, 4188
227706, 4189
227748, 4190
227775, 4191
227803, 4192
227848, 4193
227906, 4194
227925, 4195
227968, 4196
228005, 4197
228031, 4198
228071, 4199
228100, 4200
228127, 4201
228168, 4202
228213, 4203
228247, 4204
228273, 4205
228325, 4206
228350, 4207
228380, 4208
228420, 4209
228445, 4210
228490, 4211
228534, 4212
228556, 4213
228597, 4214
228622, 4215
228651, 4216
228689, 4217
228730, 4218
228756, 4219
228786, 4220
228838, 4221
228862, 4222
228910, 4223
228934, 4224
228962, 4225
228987, 4226
229029, 4227
229058, 4228
229102, 4229
229129, 4230
229159, 4231
229183, 4232
229242, 4233
229282, 4234
229308, 4235
229337, 4236
229362, 4237
229403, 4238
229427, 4239
229468, 4240
229493, 4241
229571, 4242
229590, 4243
229633, 4244
229660, 4245
229686, 4246
229727, 4247
229755, 4248
229796, 4249
229825, 4250
229853, 4251
229919, 4252
229948, 4253
229973, 4254
230011, 4255
230037, 4256
230068, 4257
230109, 4258
230131, 4259
230176, 4260
230198, 4261
230255, 4262
230282, 4263
230309, 4264
230338, 4265
230379, 4266
230408, 4267
230437, 4268
230477, 4269
230505, 4270
230550, 4271
230574, 4272
230629, 4273
230653, 4274
230680, 4275
230707, 4276
230734, 4277
230772, 4278
230815, 4279
230840, 4280
230885, 4281
230910, 4282
230958, 4283
230988, 4284
231027, 4285
231071, 4286
231095, 4287
231132, 4288
231160, 4289
231206, 4290
231234, 4291
231262, 4292
231284, 4293
231362, 4294
231381, 4295
231408, 4296
231450, 4297
231480, 4298
231522, 4299
231551, 4300
231574, 4301
231616, 4302
231642, 4303
231708, 4304
231731, 4305
231758, 4306
231786, 4307
231827, 4308
231856, 4309
231900, 4310
231927, 4311
231959, 4312
231985, 4313
232052, 4314
232079, 4315
232109, 4316
232135, 4317
232162, 4318
232206, 4319
232231, 4320
232264, 4321
232306, 4322
232332, 4323
232390, 4324
232415, 4325
232441, 4326
232470, 4327
232510, 4328
232552, 4329
232580, 4330
232607, 4331
232653, 4332
232679, 4333
232710, 4334
232760, 4335
232784, 4336
232826, 4337
232865, 4338
232892, 4339
232915, 4340
232958, 4341
232997, 4342
233029, 4343
233052, 4344
233125, 4345
233150, 4346
233196, 4347
233220, 4348
233266, 4349
233288, 4350
233328, 4351
233352, 4352
233392, 4353
233449, 4354
233473, 4355
233500, 4356
233542, 4357
233569, 4358
233596, 4359
233637, 4360
233668, 4361
233695, 4362
233742, 4363
233772, 4364
233811, 4365
233838, 4366
233878, 4367
233905, 4368
233931, 4369
233972, 4370
234012, 4371
234048, 4372
234066, 4373
234108, 4374
234144, 4375
234175, 4376
234216, 4377
234251, 4378
234279, 4379
234306, 4380
234387, 4381
234411, 4382
234438, 4383
234462, 4384
234516, 4385
234543, 4386
234570, 4387
234611, 4388
234643, 4389
234681, 4390
234723, 4391
234747, 4392
234788, 4393
234824, 4394
234850, 4395
234893, 4396
234918, 4397
234958, 4398
234987, 4399
235029, 4400
235054, 4401
235079, 4402
235125, 4403
235150, 4404
235189, 4405
235214, 4406
235270, 4407
235299, 4408
235324, 4409
235351, 4410
235393, 4411
235421, 4412
235449, 4413
235493, 4414
235517, 4415
235578, 4416
235598, 4417
235625, 4418
235665, 4419
235691, 4420
235730, 4421
235769, 4422
235797, 4423
235824, 4424
235871, 4425
235920, 4426
235963, 4427
236002, 4428
236027, 4429
236059, 4430
236097, 4431
236137, 4432
236164, 4433
236209, 4434
236248, 4435
236278, 4436
236317, 4437
236362, 4438
236384, 4439
236409, 4440
236449, 4441
236494, 4442
236521, 4443
236570, 4444
236599, 4445
236626, 4446
236662, 4447
236706, 4448
236729, 4449
236769, 4450
236788, 4451
236839, 4452
236888, 4453
236927, 4454
236954, 4455
236994, 4456
237022, 4457
237048, 4458
237089, 4459
237129, 4460
237156, 4461
237179, 4462
237260, 4463
237301, 4464
237345, 4465
237370, 4466
237396, 4467
237440, 4468
237466, 4469
237494, 4470
237556, 4471
237577, 4472
237603, 4473
237644, 4474
237666, 4475
237707, 4476
237746, 4477
237774, 4478
237815, 4479
237845, 4480
237894, 4481
237921, 4482
237950, 4483
237987, 4484
238025, 4485
238053, 4486
238096, 4487
238122, 4488
238151, 4489
238191, 4490
238231, 4491
238257, 4492
238297, 4493
238336, 4494
238360, 4495
238401, 4496
238428, 4497
238460, 4498
238499, 4499
238546, 4500
238576, 4501
238614, 4502
238639, 4503
238684, 4504
238706, 4505
238750, 4506
238775, 4507
238814, 4508
238878, 4509
238905, 4510
238945, 4511
238988, 4512
239003, 4513
239045, 4514
239082, 4515
239109, 4516
239150, 4517
239169, 4518
239209, 4519
239265, 4520
239289, 4521
239315, 4522
239353, 4523
239393, 4524
239419, 4525
239460, 4526
239488, 4527
239530, 4528
239560, 4529
239596, 4530
239639, 4531
239664, 4532
239703, 4533
239729, 4534
239770, 4535
239792, 4536
239835, 4537
239890, 4538
239920, 4539
239946, 4540
239972, 4541
240000, 4542
240043, 4543
240081, 4544
240104, 4545
240146, 4546
240184, 4547
240213, 4548
240254, 4549
240279, 4550
240319, 4551
240355, 4552
240384, 4553
240412, 4554
240500, 4555
240528, 4556
240555, 4557
240582, 4558
240622, 4559
240646, 4560
240684, 4561
240724, 4562
240769, 4563
240793, 4564
240837, 4565
240862, 4566
240905, 4567
240932, 4568
240960, 4569
241005, 4570
241031, 4571
241080, 4572
241109, 4573
241134, 4574
241174, 4575
241199, 4576
241239, 4577
241281, 4578
241309, 4579
241351, 4580
241378, 4581
241420, 4582
241446, 4583
241474, 4584
241515, 4585
241552, 4586
241579, 4587
241609, 4588
241654, 4589
241682, 4590
241723, 4591
241763, 4592
241785, 4593
241827, 4594
241857, 4595
241890, 4596
241969, 4597
241995, 4598
242010, 4599
242036, 4600
242078, 4601
242103, 4602
242149, 4603
242176, 4604
242208, 4605
242238, 4606
242280, 4607
242306, 4608
242346, 4609
242385, 4610
242411, 4611
242441, 4612
242480, 4613
242521, 4614
242551, 4615
242577, 4616
242617, 4617
242646, 4618
242688, 4619
242719, 4620
242742, 4621
242803, 4622
242827, 4623
242854, 4624
242884, 4625
242910, 4626
242950, 4627
242988, 4628
243015, 4629
243051, 4630
243081, 4631
243118, 4632
243151, 4633
243174, 4634
243221, 4635
243244, 4636
243289, 4637
243354, 4638
243380, 4639
243417, 4640
243449, 4641
243484, 4642
243524, 4643
243555, 4644
243578, 4645
243638, 4646
243661, 4647
243688, 4648
243733, 4649
243759, 4650
243803, 4651
243831, 4652
243856, 4653
243902, 4654
243951, 4655
243979, 4656
244002, 4657
244044, 4658
244070, 4659
244110, 4660
244149, 4661
244176, 4662
244217, 4663
244242, 4664
244268, 4665
244311, 4666
244333, 4667
244373, 4668
244417, 4669
244440, 4670
244483, 4671
244553, 4672
244578, 4673
244607, 4674
244648, 4675
244673, 4676
244714, 4677
244737, 4678
244785, 4679
244823, 4680
244861, 4681
244888, 4682
244917, 4683
244958, 4684
244984, 4685
245013, 4686
245072, 4687
245094, 4688
245132, 4689
245155, 4690
245198, 4691
245227, 4692
245250, 4693
245291, 4694
245347, 4695
245374, 4696
245404, 4697
245429, 4698
245473, 4699
245498, 4700
245541, 4701
245568, 4702
245637, 4703
245666, 4704
245693, 4705
245735, 4706
245776, 4707
245801, 4708
245840, 4709
245868, 4710
245892, 4711
245932, 4712
245976, 4713
246003, 4714
246028, 4715
246072, 4716
246097, 4717
246140, 4718
246184, 4719
246209, 4720
246239, 4721
246280, 4722
246307, 4723
246351, 4724
246377, 4725
246407, 4726
246463, 4727
246487, 4728
246515, 4729
246557, 4730
246575, 4731
246629, 4732
246662, 4733
246698, 4734
246750, 4735
246774, 4736
246799, 4737
246841, 4738
246881, 4739
246908, 4740
246935, 4741
246976, 4742
247023, 4743
247055, 4744
247095, 4745
247124, 4746
247151, 4747
247188, 4748
247229, 4749
247255, 4750
247299, 4751
247325, 4752
247350, 4753
247389, 4754
247430, 4755
247453, 4756
247492, 4757
247509, 4758
247577, 4759
247603, 4760
247630, 4761
247658, 4762
247701, 4763
247729, 4764
247759, 4765
247793, 4766
247852, 4767
247875, 4768
247899, 4769
247939, 4770
247968, 4771
248007, 4772
248036, 4773
248062, 4774
248103, 4775
248163, 4776
248185, 4777
248213, 4778
248254, 4779
248277, 4780
248320, 4781
248342, 4782
248383, 4783
248446, 4784
248463, 4785
248501, 4786
248526, 4787
248566, 4788
248607, 4789
248634, 4790
248661, 4791
248701, 4792
248743, 4793
248759, 4794
248817, 4795
248843, 4796
248879, 4797
248903, 4798
248946, 4799
248968, 4800
249023, 4801
249050, 4802
249077, 4803
249121, 4804
249150, 4805
249174, 4806
249216, 4807
249247, 4808
249284, 4809
249314, 4810
249357, 4811
249383, 4812
249423, 4813
249452, 4814
249480, 4815
249507, 4816
249562, 4817
249584, 4818
249625, 4819
249654, 4820
249678, 4821
249721, 4822
249745, 4823
249824, 4824
249842, 4825
249882, 4826
249907, 4827
249933, 4828
249974, 4829
250012, 4830
250043, 4831
250089, 4832
250133, 4833
250154, 4834
250194, 4835
250223, 4836
250248, 4837
250304, 4838
250336, 4839
250357, 4840
250401, 4841
250427, 4842
250453, 4843
250511, 4844
250538, 4845
250568, 4846
250594, 4847
250634, 4848
250663, 4849
250704, 4850
250740, 4851
250769, 4852
250791, 4853
250837, 4854
250875, 4855
250904, 4856
250928, 4857
250970, 4858
250999, 4859
251063, 4860
251117, 4861
251143, 4862
251167, 4863
251209, 4864
251238, 4865
251277, 4866
251319, 4867
251345, 4868
251374, 4869
251401, 4870
251445, 4871
251475, 4872
251501, 4873
251569, 4874
251596, 4875
251625, 4876
251650, 4877
251677, 4878
251702, 4879
251740, 4880
251795, 4881
251824, 4882
251848, 4883
251888, 4884
251917, 4885
251947, 4886
251972, 4887
252032, 4888
252055, 4889
252087, 4890
252113, 4891
252155, 4892
252194, 4893
252221, 4894
252246, 4895
252284, 4896
252357, 4897
252381, 4898
252404, 4899
252447, 4900
252492, 4901
252514, 4902
252539, 4903
252594, 4904
252618, 4905
252646, 4906
252673, 4907
252724, 4908
252752, 4909
252781, 4910
252810, 4911
252866, 4912
252890, 4913
252917, 4914
252940, 4915
252981, 4916
253020, 4917
253048, 4918
253086, 4919
253121, 4920
253145, 4921
253199, 4922
253225, 4923
253255, 4924
253299, 4925
253340, 4926
253363, 4927
253400, 4928
253427, 4929
253468, 4930
253496, 4931
253536, 4932
253562, 4933
253603, 4934
253633, 4935
253658, 4936
253703, 4937
253779, 4938
253804, 4939
253827, 4940
253869, 4941
253899, 4942
253937, 4943
253964, 4944
254006, 4945
254047, 4946
254076, 4947
254104, 4948
254162, 4949
254185, 4950
254224, 4951
254249, 4952
254290, 4953
254332, 4954
254356, 4955
254384, 4956
254425, 4957
254464, 4958
254533, 4959
254554, 4960
254599, 4961
254621, 4962
254663, 4963
254690, 4964
254741, 4965
254758, 4966
254794, 4967
254818, 4968
254863, 4969
254899, 4970
254924, 4971
254967, 4972
254993, 4973
255021, 4974
255078, 4975
255108, 4976
255135, 4977
255160, 4978
255200, 4979
255267, 4980
255285, 4981
255326, 4982
255353, 4983
255379, 4984
255431, 4985
255467, 4986
255499, 4987
255524, 4988
255563, 4989
255593, 4990
255618, 4991
255688, 4992
255709, 4993
255736, 4994
255763, 4995
255790, 4996
255833, 4997
255856, 4998
255898, 4999
255928, 5000
255968, 5001
256010, 5002
256037, 5003
256067, 5004
256094, 5005
256136, 5006
256205, 5007
256233, 5008
256256, 5009
256280, 5010
256324, 5011
256360, 5012
256389, 5013
256418, 5014
256457, 5015
256483, 5016
256525, 5017
256551, 5018
256596, 5019
256624, 5020
256650, 5021
256701, 5022
256725, 5023
256755, 5024
256778, 5025
256866, 5026
256886, 5027
256918, 5028
256944, 5029
257000, 5030
257027, 5031
257054, 5032
257080, 5033
257122, 5034
257157, 5035
257185, 5036
257226, 5037
257253, 5038
257284, 5039
257318, 5040
257358, 5041
257399, 5042
257420, 5043
257489, 5044
257517, 5045
257545, 5046
257573, 5047
257613, 5048
257638, 5049
257668, 5050
257692, 5051
257757, 5052
257783, 5053
257810, 5054
257851, 5055
257878, 5056
257919, 5057
257947, 5058
257990, 5059
258016, 5060
258080, 5061
258107, 5062
258149, 5063
258173, 5064
258218, 5065
258261, 5066
258289, 5067
258312, 5068
258353, 5069
258406, 5070
258431, 5071
258457, 5072
258501, 5073
258525, 5074
258558, 5075
258590, 5076
258630, 5077
258657, 5078
258723, 5079
258747, 5080
258789, 5081
258822, 5082
258866, 5083
258893, 5084
258921, 5085
258963, 5086
259002, 5087
259035, 5088
259059, 5089
259101, 5090
259141, 5091
259166, 5092
259205, 5093
259231, 5094
259314, 5095
259337, 5096
259362, 5097
259402, 5098
259442, 5099
259483, 5100
259506, 5101
259549, 5102
259574, 5103
259621, 5104
259641, 5105
259687, 5106
259717, 5107
259740, 5108
259783, 5109
259821, 5110
259846, 5111
259887, 5112
259926, 5113
259987, 5114
260005, 5115
260048, 5116
260073, 5117
260104, 5118
260141, 5119
260178, 5120
260221, 5121
260249, 5122
260287, 5123
260314, 5124
260363, 5125
260388, 5126
260428, 5127
260467, 5128
260496, 5129
260521, 5130
260597, 5131
260615, 5132
260654, 5133
260681, 5134
260709, 5135
260745, 5136
260803, 5137
260829, 5138
260859, 5139
260895, 5140
260944, 5141
260968, 5142
261012, 5143
261051, 5144
261077, 5145
261101, 5146
261141, 5147
261180, 5148
261225, 5149
261262, 5150
261313, 5151
261337, 5152
261390, 5153
261415, 5154
261458, 5155
261484, 5156
261511, 5157
261564, 5158
261587, 5159
261613, 5160
261652, 5161
261688, 5162
261718, 5163
261747, 5164
261819, 5165
261842, 5166
261869, 5167
261910, 5168
261933, 5169
261999, 5170
262024, 5171
262053, 5172
262080, 5173
262120, 5174
262145, 5175
262187, 5176
262210, 5177
262262, 5178
262291, 5179
262319, 5180
262346, 5181
262386, 5182
262414, 5183
262488, 5184
262512, 5185
262554, 5186
262609, 5187
262637, 5188
262662, 5189
262687, 5190
262727, 5191
262765, 5192
262793, 5193
262837, 5194
262879, 5195
262904, 5196
262941, 5197
262965, 5198
263045, 5199
263073, 5200
263101, 5201
263126, 5202
263170, 5203
263218, 5204
263249, 5205
263273, 5206
263325, 5207
263351, 5208
263379, 5209
263405, 5210
263445, 5211
263486, 5212
263514, 5213
263556, 5214
263622, 5215
263648, 5216
263678, 5217
263718, 5218
263759, 5219
263783, 5220
263834, 5221
263858, 5222
263897, 5223
263926, 5224
263952, 5225
263989, 5226
264029, 5227
264051, 5228
264092, 5229
264132, 5230
264201, 5231
264227, 5232
264251, 5233
264292, 5234
264319, 5235
264371, 5236
264396, 5237
264422, 5238
264474, 5239
264499, 5240
264527, 5241
264566, 5242
264592, 5243
264629, 5244
264648, 5245
264698, 5246
264715, 5247
264808, 5248
264838, 5249
264866, 5250
264890, 5251
264947, 5252
264969, 5253
265005, 5254
265032, 5255
265075, 5256
265114, 5257
265139, 5258
265167, 5259
265206, 5260
265245, 5261
265286, 5262
265313, 5263
265337, 5264
265416, 5265
265444, 5266
265468, 5267
265511, 5268
265550, 5269
265574, 5270
265599, 5271
265645, 5272
265681, 5273
265721, 5274
265744, 5275
265785, 5276
265811, 5277
265853, 5278
265895, 5279
265925, 5280
265951, 5281
265993, 5282
266052, 5283
266072, 5284
266124, 5285
266150, 5286
266189, 5287
266214, 5288
266257, 5289
266315, 5290
266338, 5291
266367, 5292
266393, 5293
266423, 5294
266488, 5295
266516, 5296
266541, 5297
266578, 5298
266605, 5299
266673, 5300
266709, 5301
266745, 5302
266790, 5303
266831, 5304
266855, 5305
266898, 5306
266924, 5307
266962, 5308
266990, 5309
267030, 5310
267056, 5311
267082, 5312
267133, 5313
267162, 5314
267188, 5315
267270, 5316
267291, 5317
267318, 5318
267348, 5319
267388, 5320
267424, 5321
267449, 5322
267479, 5323
267537, 5324
267561, 5325
267584, 5326
267625, 5327
267675, 5328
267699, 5329
267725, 5330
267767, 5331
267795, 5332
267850, 5333
267891, 5334
267913, 5335
267968, 5336
267995, 5337
268022, 5338
268061, 5339
268089, 5340
268140, 5341
268165, 5342
268210, 5343
268235, 5344
268275, 5345
268314, 5346
268339, 5347
268380, 5348
268445, 5349
268461, 5350
268513, 5351
268555, 5352
268582, 5353
268610, 5354
268660, 5355
268691, 5356
268714, 5357
268766, 5358
268811, 5359
268833, 5360
268872, 5361
268894, 5362
268948, 5363
268973, 5364
269031, 5365
269057, 5366
269095, 5367
269124, 5368
269150, 5369
269193, 5370
269224, 5371
269249, 5372
269304, 5373
269343, 5374
269384, 5375
269407, 5376
269481, 5377
269500, 5378
269539, 5379
269567, 5380
269602, 5381
269627, 5382
269672, 5383
269697, 5384
269749, 5385
269772, 5386
269798, 5387
269828, 5388
269891, 5389
269922, 5390
269945, 5391
270012, 5392
270036, 5393
270061, 5394
270104, 5395
270143, 5396
270169, 5397
270209, 5398
270235, 5399
270274, 5400
270298, 5401
270341, 5402
270383, 5403
270431, 5404
270462, 5405
270489, 5406
270515, 5407
270585, 5408
270608, 5409
270635, 5410
270658, 5411
270724, 5412
270745, 5413
270763, 5414
270815, 5415
270842, 5416
270870, 5417
270895, 5418
270936, 5419
270985, 5420
271011, 5421
271050, 5422
271119, 5423
271143, 5424
271169, 5425
271208, 5426
271234, 5427
271262, 5428
271290, 5429
271336, 5430
271380, 5431
271403, 5432
271444, 5433
271487, 5434
271508, 5435
271548, 5436
271623, 5437
271644, 5438
271680, 5439
271705, 5440
271770, 5441
271792, 5442
271832, 5443
271857, 5444
271925, 5445
271953, 5446
271993, 5447
272036, 5448
272058, 5449
272085, 5450
272110, 5451
272171, 5452
272196, 5453
272223, 5454
272277, 5455
272300, 5456
272326, 5457
272379, 5458
272405, 5459
272437, 5460
272494, 5461
272518, 5462
272555, 5463
272603, 5464
272634, 5465
272660, 5466
272703, 5467
272750, 5468
272780, 5469
272810, 5470
272865, 5471
272893, 5472
272933, 5473
272971, 5474
272999, 5475
273045, 5476
273093, 5477
273117, 5478
273144, 5479
273186, 5480
273234, 5481
273262, 5482
273324, 5483
273354, 5484
273393, 5485
273433, 5486
273469, 5487
273497, 5488
273541, 5489
273577, 5490
273601, 5491
273658, 5492
273681, 5493
273708, 5494
273745, 5495
273811, 5496
273838, 5497
273880, 5498
273917, 5499
273957, 5500
273980, 5501
274037, 5502
274059, 5503
274083, 5504
274138, 5505
274165, 5506
274194, 5507
274256, 5508
274276, 5509
274318, 5510
274371, 5511
274392, 5512
274419, 5513
274459, 5514
274486, 5515
274528, 5516
274569, 5517
274591, 5518
274632, 5519
274705, 5520
274731, 5521
274756, 5522
274809, 5523
274829, 5524
274852, 5525
274893, 5526
274941, 5527
274970, 5528
275011, 5529
275033, 5530
275074, 5531
275147, 5532
275164, 5533
275190, 5534
275242, 5535
275268, 5536
275296, 5537
275334, 5538
275378, 5539
275405, 5540
275451, 5541
275482, 5542
275521, 5543
275581, 5544
275615, 5545
275664, 5546
275686, 5547
275712, 5548
275753, 5549
275791, 5550
275868, 5551
275898, 5552
275924, 5553
275967, 5554
275987, 5555
276031, 5556
276083, 5557
276105, 5558
276144, 5559
276203, 5560
276224, 5561
276265, 5562
276293, 5563
276336, 5564
276372, 5565
276398, 5566
276474, 5567
276494, 5568
276537, 5569
276575, 5570
276601, 5571
276627, 5572
276684, 5573
276708, 5574
276734, 5575
276769, 5576
276811, 5577
276891, 5578
276928, 5579
276953, 5580
276979, 5581
277022, 5582
277061, 5583
277111, 5584
277137, 5585
277178, 5586
277204, 5587
277243, 5588
277312, 5589
277335, 5590
277377, 5591
277414, 5592
277437, 5593
277504, 5594
277527, 5595
277580, 5596
277610, 5597
277632, 5598
277712, 5599
277743, 5600
277770, 5601
277811, 5602
277837, 5603
277890, 5604
277913, 5605
277954, 5606
278013, 5607
278034, 5608
278091, 5609
278117, 5610
278178, 5611
278208, 5612
278235, 5613
278277, 5614
278313, 5615
278378, 5616
278402, 5617
278455, 5618
278484, 5619
278509, 5620
278552, 5621
278577, 5622
278662, 5623
278687, 5624
278725, 5625
278750, 5626
278776, 5627
278818, 5628
278841, 5629
278895, 5630
278918, 5631
278943, 5632
279025, 5633
279053, 5634
279091, 5635
279118, 5636
279155, 5637
279178, 5638
279254, 5639
279276, 5640
279298, 5641
279354, 5642
279376, 5643
279415, 5644
279440, 5645
279486, 5646
279508, 5647
279589, 5648
279609, 5649
279627, 5650
279693, 5651
279721, 5652
279759, 5653
279782, 5654
279820, 5655
279849, 5656
279902, 5657
279926, 5658
279966, 5659
280007, 5660
280035, 5661
280083, 5662
280123, 5663
280151, 5664
280218, 5665
280239, 5666
280294, 5667
280318, 5668
280375, 5669
280402, 5670
280463, 5671
280482, 5672
280540, 5673
280563, 5674
280607, 5675
280628, 5676
280685, 5677
280718, 5678
280775, 5679
280794, 5680
280850, 5681
280875, 5682
280919, 5683
280942, 5684
281004, 5685
281024, 5686
281091, 5687
281115, 5688
281159, 5689
281180, 5690
281220, 5691
281247, 5692
281340, 5693
281366, 5694
281389, 5695
281428, 5696
281451, 5697
281489, 5698
281547, 5699
281572, 5700
281631, 5701
281667, 5702
281707, 5703
281730, 5704
281790, 5705
281836, 5706
281888, 5707
281926, 5708
281953, 5709
281991, 5710
282019, 5711
282082, 5712
282108, 5713
282176, 5714
282203, 5715
282239, 5716
282277, 5717
282337, 5718
282378, 5719
282406, 5720
282450, 5721
282522, 5722
282560, 5723
282579, 5724
282635, 5725
282672, 5726
282713, 5727
282758, 5728
282791, 5729
282818, 5730
282845, 5731
282897, 5732
282928, 5733
282966, 5734
282989, 5735
283055, 5736
283080, 5737
283133, 5738
283158, 5739
283187, 5740
283228, 5741
283269, 5742
283298, 5743
283356, 5744
283402, 5745
283455, 5746
283483, 5747
283521, 5748
283549, 5749
283579, 5750
283615, 5751
283658, 5752
283706, 5753
283759, 5754
283786, 5755
283842, 5756
283871, 5757
283907, 5758
283961, 5759
283981, 5760
284042, 5761
284077, 5762
284116, 5763
284142, 5764
284177, 5765
284246, 5766
284272, 5767
284325, 5768
284351, 5769
284386, 5770
284413, 5771
284455, 5772
284479, 5773
284553, 5774
284591, 5775
284618, 5776
284670, 5777
284731, 5778
284761, 5779
284803, 5780
284827, 5781
284868, 5782
284891, 5783
284931, 5784
284973, 5785
285023, 5786
285063, 5787
285103, 5788
285164, 5789
285186, 5790
285238, 5791
285279, 5792
285329, 5793
285354, 5794
285419, 5795
285459, 5796
285483, 5797
285524, 5798
285602, 5799
285628, 5800
285664, 5801
285694, 5802
285760, 5803
285780, 5804
285834, 5805
285858, 5806
285898, 5807
285936, 5808
285969, 5809
286020, 5810
286070, 5811
286111, 5812
286136, 5813
286167, 5814
286222, 5815
286286, 5816
286325, 5817
286349, 5818
286388, 5819
286419, 5820
286488, 5821
286529, 5822
286588, 5823
286630, 5824
286658, 5825
286699, 5826
286737, 5827
286798, 5828
286831, 5829
286873, 5830
286901, 5831
286968, 5832
287012, 5833
287046, 5834
287087, 5835
287151, 5836
287206, 5837
287266, 5838
287300, 5839
287338, 5840
287395, 5841
287423, 5842
287459, 5843
287508, 5844
287538, 5845
287585, 5846
287622, 5847
287664, 5848
287700, 5849
287779, 5850
287816, 5851
287863, 5852
287914, 5853
287956, 5854
287993, 5855
288034, 5856
288096, 5857
288136, 5858
288180, 5859
288216, 5860
288252, 5861
288320, 5862
288360, 5863
288422, 5864
288449, 5865
288517, 5866
288541, 5867
288578, 5868
288627, 5869
288690, 5870
288722, 5871
288783, 5872
288830, 5873
288869, 5874
288927, 5875
288973, 5876
289045, 5877
289095, 5878
289128, 5879
289190, 5880
289224, 5881
289260, 5882
289301, 5883
289354, 5884
289430, 5885
289508, 5886
289578, 5887
289611, 5888
289675, 5889
289734, 5890
289835, 5891
289868, 5892
289894, 5893
289943, 5894
290014, 5895
290053, 5896
290105, 5897
290142, 5898
290184, 5899
290235, 5900
290295, 5901
290330, 5902
290402, 5903
290460, 5904
290495, 5905
290577, 5906
290630, 5907
290664, 5908
290743, 5909
290778, 5910
290808, 5911
290883, 5912
290919, 5913
290959, 5914
291016, 5915
291056, 5916
291110, 5917
291179, 5918
291208, 5919
291279, 5920
291353, 5921
291403, 5922
291491, 5923
291525, 5924
291652, 5925
291697, 5926
291780, 5927
291847, 5928
291881, 5929
291949, 5930
291968, 5931
292015, 5932
292070, 5933
292124, 5934
292191, 5935
292226, 5936
292266, 5937
292331, 5938
292395, 5939
292424, 5940
292487, 5941
292535, 5942
292584, 5943
292655, 5944
292726, 5945
292774, 5946
292827, 5947
292857, 5948
292899, 5949
293010, 5950
293044, 5951
293086, 5952
293121, 5953
293174, 5954
293241, 5955
293300, 5956
293387, 5957
293433, 5958
293499, 5959
293552, 5960
293625, 5961
293695, 5962
293726, 5963
293766, 5964
293827, 5965
293873, 5966
293932, 5967
293953, 5968
294009, 5969
294142, 5970
