84817, 1
84864, 2
84898, 3
84929, 4
84953, 5
84992, 6
85020, 7
85062, 8
85093, 9
85119, 10
85148, 11
85203, 12
85240, 13
85285, 14
85309, 15
85341, 16
85371, 17
85415, 18
85439, 19
85477, 20
85509, 21
85550, 22
85578, 23
85608, 24
85649, 25
85676, 26
85714, 27
85745, 28
85777, 29
85823, 30
85851, 31
85876, 32
85916, 33
85979, 34
86010, 35
86050, 36
86080, 37
86106, 38
86148, 39
86188, 40
86215, 41
86246, 42
86289, 43
86318, 44
86344, 45
86383, 46
86412, 47
86452, 48
86480, 49
86510, 50
86552, 51
86579, 52
86607, 53
86649, 54
86680, 55
86725, 56
86759, 57
86788, 58
86815, 59
86858, 60
86884, 61
86911, 62
86954, 63
86983, 64
87013, 65
87043, 66
87089, 67
87118, 68
87143, 69
87185, 70
87222, 71
87252, 72
87282, 73
87303, 74
87359, 75
87387, 76
87412, 77
87441, 78
87486, 79
87512, 80
87551, 81
87580, 82
87620, 83
87649, 84
87680, 85
87708, 86
87762, 87
87787, 88
87817, 89
87844, 90
87891, 91
87915, 92
87956, 93
87982, 94
88027, 95
88055, 96
88082, 97
88123, 98
88149, 99
88194, 100
88235, 101
88266, 102
88289, 103
88329, 104
88368, 105
88398, 106
88422, 107
88462, 108
88501, 109
88531, 110
88561, 111
88587, 112
88640, 113
88664, 114
88695, 115
88736, 116
88761, 117
88796, 118
88832, 119
88861, 120
88891, 121
88932, 122
88961, 123
89000, 124
89042, 125
89069, 126
89114, 127
89141, 128
89169, 129
89213, 130
89240, 131
89266, 132
89308, 133
89338, 134
89365, 135
89405, 136
89447, 137
89474, 138
89507, 139
89532, 140
89586, 141
89617, 142
89639, 143
89681, 144
89712, 145
89754, 146
89779, 147
89803, 148
89843, 149
89883, 150
89911, 151
89939, 152
89980, 153
90019, 154
90046, 155
90085, 156
90102, 157
90160, 158
90186, 159
90218, 160
90248, 161
90280, 162
90306, 163
90352, 164
90379, 165
90421, 166
90453, 167
90505, 168
90525, 169
90565, 170
90594, 171
90620, 172
90659, 173
90701, 174
90728, 175
90768, 176
90798, 177
90823, 178
90866, 179
90894, 180
90923, 181
90961, 182
90995, 183
91033, 184
91075, 185
91100, 186
91141, 187
91168, 188
91199, 189
91240, 190
91268, 191
91311, 192
91338, 193
91367, 194
91410, 195
91437, 196
91464, 197
91509, 198
91537, 199
91566, 200
91606, 201
91648, 202
91676, 203
91702, 204
91743, 205
91786, 206
91817, 207
91845, 208
91882, 209
91906, 210
91945, 211
91987, 212
92017, 213
92043, 214
92081, 215
92122, 216
92151, 217
92177, 218
92217, 219
92245, 220
92297, 221
92326, 222
92350, 223
92379, 224
92406, 225
92447, 226
92487, 227
92512, 228
92551, 229
92582, 230
92615, 231
92650, 232
92679, 233
92717, 234
92745, 235
92793, 236
92818, 237
92842, 238
92870, 239
92923, 240
92967, 241
92988, 242
93029, 243
93060, 244
93086, 245
93125, 246
93165, 247
93192, 248
93223, 249
93260, 250
93301, 251
93329, 252
93357, 253
93386, 254
93430, 255
93456, 256
93483, 257
93567, 258
93593, 259
93623, 260
93649, 261
93689, 262
93716, 263
93751, 264
93793, 265
93823, 266
93848, 267
93889, 268
93914, 269
93956, 270
93985, 271
94014, 272
94053, 273
94098, 274
94122, 275
94163, 276
94203, 277
94228, 278
94266, 279
94295, 280
94335, 281
94361, 282
94408, 283
94431, 284
94470, 285
94499, 286
94528, 287
94571, 288
94606, 289
94622, 290
94675, 291
94703, 292
94733, 293
94758, 294
94797, 295
94837, 296
94862, 297
94903, 298
94932, 299
94974, 300
95001, 301
95027, 302
95067, 303
95112, 304
95133, 305
95173, 306
95202, 307
95231, 308
95254, 309
95305, 310
95332, 311
95374, 312
95401, 313
95441, 314
95469, 315
95494, 316
95547, 317
95572, 318
95601, 319
95646, 320
95672, 321
95698, 322
95737, 323
95767, 324
95807, 325
95837, 326
95865, 327
95905, 328
95923, 329
95963, 330
96006, 331
96035, 332
96061, 333
96105, 334
96128, 335
96165, 336
96203, 337
96264, 338
96287, 339
96311, 340
96352, 341
96393, 342
96420, 343
96451, 344
96491, 345
96516, 346
96545, 347
96586, 348
96614, 349
96658, 350
96685, 351
96713, 352
96757, 353
96784, 354
96813, 355
96855, 356
96896, 357
96920, 358
96963, 359
96989, 360
97033, 361
97061, 362
97088, 363
97132, 364
97160, 365
97187, 366
97226, 367
97270, 368
97295, 369
97321, 370
97362, 371
97403, 372
97432, 373
97472, 374
97497, 375
97536, 376
97563, 377
97590, 378
97631, 379
97672, 380
97702, 381
97729, 382
97773, 383
97802, 384
97828, 385
97868, 386
97894, 387
97937, 388
97966, 389
97992, 390
98035, 391
98065, 392
98102, 393
98153, 394
98169, 395
98223, 396
98250, 397
98276, 398
98314, 399
98355, 400
98376, 401
98414, 402
98453, 403
98478, 404
98519, 405
98547, 406
98575, 407
98612, 408
98653, 409
98683, 410
98721, 411
98746, 412
98790, 413
98815, 414
98842, 415
98882, 416
98924, 417
98951, 418
98979, 419
99016, 420
99045, 421
99083, 422
99124, 423
99151, 424
99181, 425
99206, 426
99260, 427
99289, 428
99315, 429
99375, 430
99401, 431
99428, 432
99461, 433
99486, 434
99537, 435
99563, 436
99604, 437
99631, 438
99673, 439
99699, 440
99725, 441
99763, 442
99801, 443
99842, 444
99868, 445
99897, 446
99937, 447
99963, 448
100003, 449
100032, 450
100095, 451
100113, 452
100168, 453
100196, 454
100237, 455
100264, 456
100291, 457
100334, 458
100361, 459
100400, 460
100417, 461
100467, 462
100495, 463
100522, 464
100572, 465
100599, 466
100623, 467
100666, 468
100695, 469
100756, 470
100778, 471
100804, 472
100846, 473
100876, 474
100902, 475
100945, 476
100972, 477
101002, 478
101041, 479
101074, 480
101111, 481
101138, 482
101181, 483
101208, 484
101235, 485
101274, 486
101313, 487
101345, 488
101368, 489
101419, 490
101447, 491
101470, 492
101512, 493
101540, 494
101568, 495
101618, 496
101634, 497
101679, 498
101707, 499
101736, 500
101765, 501
101818, 502
101845, 503
101878, 504
101906, 505
101949, 506
101976, 507
102006, 508
102032, 509
102089, 510
102114, 511
102139, 512
102178, 513
102219, 514
102247, 515
102273, 516
102302, 517
102352, 518
102379, 519
102403, 520
102444, 521
102488, 522
102514, 523
102541, 524
102584, 525
102608, 526
102645, 527
102671, 528
102715, 529
102755, 530
102781, 531
102824, 532
102853, 533
102880, 534
102920, 535
102948, 536
102988, 537
103015, 538
103051, 539
103093, 540
103124, 541
103153, 542
103188, 543
103232, 544
103256, 545
103283, 546
103327, 547
103355, 548
103379, 549
103439, 550
103464, 551
103491, 552
103536, 553
103563, 554
103593, 555
103617, 556
103658, 557
103686, 558
103730, 559
103756, 560
103798, 561
103826, 562
103862, 563
103889, 564
103930, 565
103958, 566
103985, 567
104013, 568
104060, 569
104128, 570
104160, 571
104199, 572
104225, 573
104251, 574
104290, 575
104314, 576
104357, 577
104387, 578
104424, 579
104451, 580
104492, 581
104520, 582
104549, 583
104590, 584
104616, 585
104654, 586
104695, 587
104726, 588
104752, 589
104802, 590
104827, 591
104856, 592
104885, 593
104928, 594
104954, 595
104987, 596
105014, 597
105063, 598
105091, 599
105116, 600
105153, 601
105182, 602
105222, 603
105250, 604
105290, 605
105319, 606
105401, 607
105431, 608
105474, 609
105499, 610
105540, 611
105575, 612
105603, 613
105630, 614
105672, 615
105714, 616
105738, 617
105779, 618
105806, 619
105830, 620
105873, 621
105910, 622
105939, 623
105963, 624
106025, 625
106055, 626
106083, 627
106109, 628
106151, 629
106181, 630
106206, 631
106232, 632
106275, 633
106314, 634
106341, 635
106371, 636
106416, 637
106444, 638
106471, 639
106518, 640
106546, 641
106570, 642
106610, 643
106652, 644
106677, 645
106707, 646
106738, 647
106763, 648
106819, 649
106847, 650
106873, 651
106915, 652
106941, 653
106981, 654
107007, 655
107032, 656
107085, 657
107114, 658
107144, 659
107168, 660
107211, 661
107244, 662
107272, 663
107317, 664
107343, 665
107369, 666
107409, 667
107451, 668
107481, 669
107503, 670
107548, 671
107574, 672
107613, 673
107641, 674
107670, 675
107699, 676
107751, 677
107779, 678
107796, 679
107847, 680
107877, 681
107905, 682
107951, 683
108002, 684
108024, 685
108068, 686
108092, 687
108128, 688
108168, 689
108185, 690
108235, 691
108250, 692
108302, 693
108317, 694
108375, 695
108404, 696
108427, 697
108463, 698
108500, 699
108528, 700
108565, 701
108593, 702
108633, 703
108676, 704
108700, 705
108744, 706
108772, 707
108797, 708
108839, 709
108866, 710
108907, 711
108936, 712
108960, 713
109014, 714
109043, 715
109067, 716
109105, 717
109144, 718
109172, 719
109199, 720
109239, 721
109267, 722
109319, 723
109346, 724
109375, 725
109402, 726
109438, 727
109476, 728
109503, 729
109542, 730
109570, 731
109595, 732
109639, 733
109677, 734
109704, 735
109744, 736
109759, 737
109811, 738
109840, 739
109867, 740
109907, 741
109933, 742
109999, 743
110026, 744
110050, 745
110076, 746
110093, 747
110143, 748
110162, 749
110213, 750
110241, 751
110267, 752
110308, 753
110347, 754
110377, 755
110404, 756
110435, 757
110471, 758
110511, 759
110540, 760
110569, 761
110619, 762
110646, 763
110675, 764
110704, 765
110748, 766
110775, 767
110801, 768
110844, 769
110873, 770
110901, 771
110940, 772
110973, 773
111011, 774
111038, 775
111068, 776
111107, 777
111135, 778
111177, 779
111220, 780
111256, 781
111273, 782
111325, 783
111354, 784
111377, 785
111416, 786
111457, 787
111483, 788
111532, 789
111556, 790
111594, 791
111622, 792
111649, 793
111692, 794
111730, 795
111758, 796
111785, 797
111867, 798
111896, 799
111920, 800
111945, 801
111990, 802
112015, 803
112056, 804
112084, 805
112110, 806
112140, 807
112192, 808
112220, 809
112239, 810
112289, 811
112317, 812
112357, 813
112396, 814
112432, 815
112471, 816
112502, 817
112531, 818
112558, 819
112596, 820
112638, 821
112664, 822
112709, 823
112734, 824
112763, 825
112805, 826
112832, 827
112872, 828
112902, 829
112944, 830
112968, 831
112992, 832
113047, 833
113076, 834
113101, 835
113142, 836
113184, 837
113211, 838
113239, 839
113267, 840
113306, 841
113344, 842
113362, 843
113404, 844
113444, 845
113472, 846
113516, 847
113538, 848
113581, 849
113621, 850
113647, 851
113684, 852
113713, 853
113757, 854
113785, 855
113811, 856
113836, 857
113889, 858
113917, 859
113941, 860
113994, 861
114037, 862
114073, 863
114098, 864
114124, 865
114165, 866
114204, 867
114230, 868
114269, 869
114297, 870
114338, 871
114366, 872
114411, 873
114438, 874
114464, 875
114491, 876
114561, 877
114589, 878
114619, 879
114647, 880
114675, 881
114704, 882
114742, 883
114781, 884
114809, 885
114837, 886
114874, 887
114903, 888
114941, 889
114979, 890
115007, 891
115058, 892
115079, 893
115104, 894
115155, 895
115184, 896
115208, 897
115246, 898
115286, 899
115316, 900
115357, 901
115385, 902
115414, 903
115440, 904
115480, 905
115527, 906
115551, 907
115592, 908
115619, 909
115661, 910
115688, 911
115729, 912
115746, 913
115798, 914
115824, 915
115865, 916
115895, 917
115917, 918
115946, 919
116002, 920
116031, 921
116053, 922
116094, 923
116121, 924
116163, 925
116193, 926
116221, 927
116261, 928
116291, 929
116316, 930
116362, 931
116386, 932
116429, 933
116453, 934
116515, 935
116538, 936
116564, 937
116592, 938
116635, 939
116663, 940
116703, 941
116733, 942
116773, 943
116804, 944
116827, 945
116869, 946
116897, 947
116931, 948
116961, 949
117030, 950
117066, 951
117094, 952
117134, 953
117161, 954
117200, 955
117229, 956
117254, 957
117304, 958
117333, 959
117360, 960
117402, 961
117430, 962
117459, 963
117500, 964
117554, 965
117584, 966
117608, 967
117636, 968
117680, 969
117708, 970
117747, 971
117775, 972
117818, 973
117846, 974
117874, 975
117918, 976
117960, 977
117987, 978
118017, 979
118042, 980
118084, 981
118123, 982
118152, 983
118177, 984
118221, 985
118251, 986
118289, 987
118307, 988
118356, 989
118384, 990
118427, 991
118450, 992
118501, 993
118531, 994
118557, 995
118600, 996
118624, 997
118656, 998
118696, 999
118725, 1000
118768, 1001
118795, 1002
118826, 1003
118850, 1004
118919, 1005
118944, 1006
118964, 1007
119000, 1008
119043, 1009
119073, 1010
119098, 1011
119125, 1012
119180, 1013
119208, 1014
119232, 1015
119272, 1016
119301, 1017
119328, 1018
119369, 1019
119433, 1020
119461, 1021
119490, 1022
119522, 1023
119547, 1024
119574, 1025
119618, 1026
119644, 1027
119670, 1028
119711, 1029
119729, 1030
119780, 1031
119807, 1032
119850, 1033
119878, 1034
119916, 1035
119959, 1036
119984, 1037
120008, 1038
120049, 1039
120080, 1040
120103, 1041
120158, 1042
120185, 1043
120214, 1044
120242, 1045
120284, 1046
120314, 1047
120357, 1048
120395, 1049
120434, 1050
120463, 1051
120490, 1052
120532, 1053
120565, 1054
120604, 1055
120631, 1056
120660, 1057
120701, 1058
120731, 1059
120758, 1060
120795, 1061
120838, 1062
120867, 1063
120896, 1064
120936, 1065
120961, 1066
121002, 1067
121030, 1068
121072, 1069
121100, 1070
121126, 1071
121163, 1072
121205, 1073
121232, 1074
121260, 1075
121291, 1076
121356, 1077
121382, 1078
121410, 1079
121440, 1080
121466, 1081
121495, 1082
121538, 1083
121564, 1084
121607, 1085
121635, 1086
121662, 1087
121705, 1088
121735, 1089
121763, 1090
121829, 1091
121856, 1092
121886, 1093
121914, 1094
121942, 1095
121983, 1096
122011, 1097
122037, 1098
122080, 1099
122112, 1100
122152, 1101
122180, 1102
122209, 1103
122290, 1104
122317, 1105
122347, 1106
122377, 1107
122400, 1108
122451, 1109
122478, 1110
122502, 1111
122541, 1112
122585, 1113
122616, 1114
122638, 1115
122677, 1116
122718, 1117
122762, 1118
122794, 1119
122820, 1120
122855, 1121
122896, 1122
122919, 1123
122960, 1124
122989, 1125
123014, 1126
123057, 1127
123095, 1128
123122, 1129
123167, 1130
123207, 1131
123238, 1132
123264, 1133
123307, 1134
123333, 1135
123371, 1136
123400, 1137
123425, 1138
123467, 1139
123497, 1140
123525, 1141
123568, 1142
123592, 1143
123632, 1144
123686, 1145
123714, 1146
123739, 1147
123782, 1148
123810, 1149
123834, 1150
123876, 1151
123916, 1152
123943, 1153
123962, 1154
124013, 1155
124042, 1156
124070, 1157
124112, 1158
124142, 1159
124203, 1160
124237, 1161
124279, 1162
124308, 1163
124337, 1164
124366, 1165
124404, 1166
124445, 1167
124472, 1168
124511, 1169
124529, 1170
124579, 1171
124612, 1172
124644, 1173
124670, 1174
124710, 1175
124739, 1176
124783, 1177
124810, 1178
124842, 1179
124864, 1180
124915, 1181
124945, 1182
124967, 1183
125010, 1184
125048, 1185
125076, 1186
125103, 1187
125142, 1188
125185, 1189
125212, 1190
125250, 1191
125266, 1192
125316, 1193
125345, 1194
125372, 1195
125422, 1196
125454, 1197
125478, 1198
125516, 1199
125544, 1200
125572, 1201
125617, 1202
125645, 1203
125683, 1204
125724, 1205
125741, 1206
125780, 1207
125823, 1208
125849, 1209
125888, 1210
125917, 1211
125943, 1212
125993, 1213
126021, 1214
126048, 1215
126078, 1216
126115, 1217
126154, 1218
126200, 1219
126223, 1220
126270, 1221
126298, 1222
126320, 1223
126373, 1224
126391, 1225
126428, 1226
126468, 1227
126497, 1228
126522, 1229
126561, 1230
126592, 1231
126633, 1232
126689, 1233
126731, 1234
126749, 1235
126790, 1236
126827, 1237
126856, 1238
126897, 1239
126925, 1240
126950, 1241
126993, 1242
127033, 1243
127053, 1244
127101, 1245
127132, 1246
127157, 1247
127212, 1248
127236, 1249
127276, 1250
127304, 1251
127330, 1252
127372, 1253
127409, 1254
127442, 1255
127479, 1256
127497, 1257
127545, 1258
127574, 1259
127600, 1260
127649, 1261
127677, 1262
127720, 1263
127747, 1264
127792, 1265
127814, 1266
127856, 1267
127887, 1268
127913, 1269
127940, 1270
127995, 1271
128021, 1272
128050, 1273
128090, 1274
128118, 1275
128161, 1276
128184, 1277
128221, 1278
128262, 1279
128290, 1280
128318, 1281
128359, 1282
128385, 1283
128428, 1284
128458, 1285
128485, 1286
128526, 1287
128554, 1288
128599, 1289
128624, 1290
128667, 1291
128693, 1292
128737, 1293
128761, 1294
128790, 1295
128830, 1296
128869, 1297
128899, 1298
128925, 1299
128965, 1300
128992, 1301
129035, 1302
129095, 1303
129117, 1304
129164, 1305
129193, 1306
129220, 1307
129261, 1308
129288, 1309
129325, 1310
129354, 1311
129384, 1312
129408, 1313
129459, 1314
129485, 1315
129546, 1316
129574, 1317
129599, 1318
129635, 1319
129679, 1320
129705, 1321
129730, 1322
129768, 1323
129811, 1324
129837, 1325
129863, 1326
129907, 1327
129934, 1328
129956, 1329
130007, 1330
130024, 1331
130077, 1332
130103, 1333
130145, 1334
130182, 1335
130211, 1336
130242, 1337
130283, 1338
130307, 1339
130347, 1340
130379, 1341
130417, 1342
130448, 1343
130469, 1344
130524, 1345
130550, 1346
130574, 1347
130615, 1348
130644, 1349
130674, 1350
130711, 1351
130752, 1352
130781, 1353
130811, 1354
130841, 1355
130876, 1356
130915, 1357
130942, 1358
130995, 1359
131021, 1360
131046, 1361
131076, 1362
131117, 1363
131134, 1364
131192, 1365
131216, 1366
131240, 1367
131281, 1368
131309, 1369
131353, 1370
131380, 1371
131409, 1372
131466, 1373
131489, 1374
131531, 1375
131559, 1376
131599, 1377
131636, 1378
131665, 1379
131702, 1380
131734, 1381
131759, 1382
131787, 1383
131836, 1384
131863, 1385
131917, 1386
131948, 1387
131970, 1388
131998, 1389
132036, 1390
132073, 1391
132114, 1392
132142, 1393
132173, 1394
132201, 1395
132229, 1396
132280, 1397
132307, 1398
132345, 1399
132374, 1400
132416, 1401
132469, 1402
132497, 1403
132522, 1404
132561, 1405
132588, 1406
132633, 1407
132660, 1408
132687, 1409
132726, 1410
132754, 1411
132790, 1412
132835, 1413
132876, 1414
132901, 1415
132925, 1416
132965, 1417
133008, 1418
133035, 1419
133068, 1420
133091, 1421
133143, 1422
133169, 1423
133193, 1424
133235, 1425
133265, 1426
133289, 1427
133350, 1428
133381, 1429
133407, 1430
133435, 1431
133470, 1432
133515, 1433
133541, 1434
133566, 1435
133605, 1436
133646, 1437
133673, 1438
133704, 1439
133730, 1440
133771, 1441
133842, 1442
133866, 1443
133888, 1444
133916, 1445
133967, 1446
133996, 1447
134022, 1448
134064, 1449
134101, 1450
134130, 1451
134156, 1452
134194, 1453
134223, 1454
134262, 1455
134316, 1456
134343, 1457
134369, 1458
134395, 1459
134422, 1460
134460, 1461
134500, 1462
134528, 1463
134566, 1464
134594, 1465
134622, 1466
134666, 1467
134693, 1468
134737, 1469
134762, 1470
134805, 1471
134833, 1472
134862, 1473
134887, 1474
134929, 1475
134967, 1476
134985, 1477
135025, 1478
135065, 1479
135092, 1480
135129, 1481
135156, 1482
135211, 1483
135238, 1484
135268, 1485
135294, 1486
135331, 1487
135358, 1488
135395, 1489
135424, 1490
135461, 1491
135493, 1492
135532, 1493
135556, 1494
135600, 1495
135627, 1496
135656, 1497
135708, 1498
135736, 1499
135766, 1500
135792, 1501
135834, 1502
135861, 1503
135899, 1504
135928, 1505
135966, 1506
135995, 1507
136020, 1508
136071, 1509
136099, 1510
136127, 1511
136195, 1512
136214, 1513
136256, 1514
136272, 1515
136323, 1516
136340, 1517
136384, 1518
136420, 1519
136448, 1520
136490, 1521
136518, 1522
136534, 1523
136589, 1524
136616, 1525
136644, 1526
136685, 1527
136717, 1528
136761, 1529
136814, 1530
136850, 1531
136883, 1532
136923, 1533
136950, 1534
136976, 1535
137028, 1536
137058, 1537
137083, 1538
137120, 1539
137160, 1540
137188, 1541
137232, 1542
137257, 1543
137294, 1544
137335, 1545
137364, 1546
137390, 1547
137429, 1548
137465, 1549
137495, 1550
137522, 1551
137561, 1552
137591, 1553
137632, 1554
137660, 1555
137701, 1556
137731, 1557
137757, 1558
137799, 1559
137840, 1560
137868, 1561
137898, 1562
137922, 1563
137965, 1564
138007, 1565
138033, 1566
138062, 1567
138090, 1568
138134, 1569
138171, 1570
138200, 1571
138241, 1572
138285, 1573
138313, 1574
138351, 1575
138378, 1576
138415, 1577
138455, 1578
138471, 1579
138523, 1580
138551, 1581
138580, 1582
138623, 1583
138649, 1584
138689, 1585
138717, 1586
138744, 1587
138801, 1588
138852, 1589
138879, 1590
138903, 1591
138946, 1592
138970, 1593
139006, 1594
139044, 1595
139087, 1596
139112, 1597
139141, 1598
139175, 1599
139216, 1600
139245, 1601
139289, 1602
139312, 1603
139364, 1604
139392, 1605
139419, 1606
139455, 1607
139495, 1608
139522, 1609
139564, 1610
139596, 1611
139623, 1612
139660, 1613
139689, 1614
139740, 1615
139768, 1616
139794, 1617
139832, 1618
139862, 1619
139886, 1620
139927, 1621
139962, 1622
139985, 1623
140038, 1624
140066, 1625
140092, 1626
140133, 1627
140161, 1628
140197, 1629
140227, 1630
140255, 1631
140305, 1632
140333, 1633
140363, 1634
140390, 1635
140425, 1636
140464, 1637
140504, 1638
140530, 1639
140559, 1640
140589, 1641
140637, 1642
140663, 1643
140705, 1644
140734, 1645
140770, 1646
140810, 1647
140840, 1648
140863, 1649
140902, 1650
140944, 1651
140970, 1652
141003, 1653
141027, 1654
141079, 1655
141107, 1656
141133, 1657
141214, 1658
141238, 1659
141262, 1660
141307, 1661
141334, 1662
141362, 1663
141402, 1664
141428, 1665
141473, 1666
141506, 1667
141532, 1668
141554, 1669
141594, 1670
141631, 1671
141677, 1672
141713, 1673
141735, 1674
141779, 1675
141814, 1676
141843, 1677
141882, 1678
141908, 1679
141948, 1680
141976, 1681
142018, 1682
142044, 1683
142086, 1684
142112, 1685
142141, 1686
142202, 1687
142224, 1688
142250, 1689
142287, 1690
142327, 1691
142343, 1692
142396, 1693
142428, 1694
142451, 1695
142488, 1696
142515, 1697
142552, 1698
142590, 1699
142622, 1700
142646, 1701
142702, 1702
142727, 1703
142764, 1704
142782, 1705
142821, 1706
142858, 1707
142886, 1708
142913, 1709
142965, 1710
142993, 1711
143019, 1712
143064, 1713
143089, 1714
143117, 1715
143168, 1716
143211, 1717
143233, 1718
143270, 1719
143297, 1720
143326, 1721
143364, 1722
143403, 1723
143430, 1724
143469, 1725
143510, 1726
143541, 1727
143564, 1728
143603, 1729
143635, 1730
143660, 1731
143738, 1732
143766, 1733
143795, 1734
143821, 1735
143851, 1736
143879, 1737
143903, 1738
143955, 1739
143981, 1740
144006, 1741
144037, 1742
144080, 1743
144106, 1744
144134, 1745
144171, 1746
144223, 1747
144252, 1748
144278, 1749
144317, 1750
144343, 1751
144387, 1752
144413, 1753
144451, 1754
144479, 1755
144521, 1756
144549, 1757
144596, 1758
144635, 1759
144659, 1760
144704, 1761
144730, 1762
144754, 1763
144793, 1764
144835, 1765
144863, 1766
144890, 1767
144927, 1768
144955, 1769
144997, 1770
145023, 1771
145080, 1772
145109, 1773
145136, 1774
145163, 1775
145204, 1776
145231, 1777
145273, 1778
145301, 1779
145333, 1780
145361, 1781
145411, 1782
145441, 1783
145463, 1784
145505, 1785
145540, 1786
145562, 1787
145601, 1788
145628, 1789
145668, 1790
145706, 1791
145734, 1792
145764, 1793
145804, 1794
145830, 1795
145861, 1796
145913, 1797
145940, 1798
145963, 1799
146039, 1800
146057, 1801
146087, 1802
146127, 1803
146156, 1804
146180, 1805
146236, 1806
146263, 1807
146293, 1808
146317, 1809
146359, 1810
146402, 1811
146429, 1812
146471, 1813
146496, 1814
146542, 1815
146569, 1816
146599, 1817
146639, 1818
146668, 1819
146692, 1820
146739, 1821
146766, 1822
146791, 1823
146831, 1824
146877, 1825
146901, 1826
146934, 1827
146958, 1828
147013, 1829
147043, 1830
147069, 1831
147112, 1832
147137, 1833
147170, 1834
147198, 1835
147236, 1836
147278, 1837
147308, 1838
147336, 1839
147361, 1840
147390, 1841
147456, 1842
147488, 1843
147522, 1844
147547, 1845
147574, 1846
147601, 1847
147640, 1848
147675, 1849
147699, 1850
147740, 1851
147779, 1852
147806, 1853
147851, 1854
147877, 1855
147918, 1856
147943, 1857
147985, 1858
148013, 1859
148039, 1860
148089, 1861
148116, 1862
148144, 1863
148171, 1864
148214, 1865
148243, 1866
148284, 1867
148310, 1868
148340, 1869
148389, 1870
148438, 1871
148459, 1872
148501, 1873
148525, 1874
148566, 1875
148598, 1876
148622, 1877
148658, 1878
148700, 1879
148729, 1880
148760, 1881
148785, 1882
148825, 1883
148865, 1884
148908, 1885
148941, 1886
148966, 1887
149017, 1888
149044, 1889
149073, 1890
149114, 1891
149143, 1892
149169, 1893
149209, 1894
149241, 1895
149268, 1896
149299, 1897
149338, 1898
149378, 1899
149406, 1900
149431, 1901
149485, 1902
149511, 1903
149536, 1904
149575, 1905
149609, 1906
149633, 1907
149670, 1908
149710, 1909
149742, 1910
149765, 1911
149816, 1912
149844, 1913
149871, 1914
149912, 1915
149938, 1916
149985, 1917
150023, 1918
150048, 1919
150076, 1920
150101, 1921
150143, 1922
150185, 1923
150214, 1924
150239, 1925
150278, 1926
150306, 1927
150343, 1928
150372, 1929
150400, 1930
150450, 1931
150478, 1932
150500, 1933
150558, 1934
150582, 1935
150605, 1936
150649, 1937
150675, 1938
150715, 1939
150735, 1940
150781, 1941
150814, 1942
150836, 1943
150886, 1944
150915, 1945
150942, 1946
150969, 1947
151008, 1948
151045, 1949
151116, 1950
151140, 1951
151166, 1952
151202, 1953
151229, 1954
151264, 1955
151305, 1956
151337, 1957
151362, 1958
151388, 1959
151438, 1960
151465, 1961
151501, 1962
151543, 1963
151570, 1964
151595, 1965
151637, 1966
151675, 1967
151705, 1968
151730, 1969
151784, 1970
151812, 1971
151838, 1972
151862, 1973
151918, 1974
151942, 1975
151970, 1976
152014, 1977
152040, 1978
152066, 1979
152109, 1980
152152, 1981
152176, 1982
152218, 1983
152246, 1984
152269, 1985
152311, 1986
152348, 1987
152393, 1988
152420, 1989
152447, 1990
152470, 1991
152525, 1992
152551, 1993
152580, 1994
152606, 1995
152661, 1996
152684, 1997
152710, 1998
152751, 1999
152792, 2000
152818, 2001
152847, 2002
152874, 2003
152915, 2004
152952, 2005
152982, 2006
153009, 2007
153055, 2008
153075, 2009
153121, 2010
153165, 2011
153189, 2012
153213, 2013
153266, 2014
153292, 2015
153322, 2016
153362, 2017
153389, 2018
153432, 2019
153460, 2020
153489, 2021
153526, 2022
153568, 2023
153594, 2024
153622, 2025
153668, 2026
153722, 2027
153746, 2028
153771, 2029
153812, 2030
153840, 2031
153867, 2032
153894, 2033
153945, 2034
153973, 2035
153996, 2036
154038, 2037
154078, 2038
154106, 2039
154144, 2040
154191, 2041
154214, 2042
154250, 2043
154290, 2044
154318, 2045
154343, 2046
154386, 2047
154423, 2048
154451, 2049
154477, 2050
154506, 2051
154561, 2052
154590, 2053
154614, 2054
154672, 2055
154698, 2056
154728, 2057
154753, 2058
154795, 2059
154823, 2060
154848, 2061
154887, 2062
154927, 2063
154955, 2064
154984, 2065
155022, 2066
155064, 2067
155089, 2068
155145, 2069
155174, 2070
155201, 2071
155233, 2072
155257, 2073
155298, 2074
155339, 2075
155368, 2076
155397, 2077
155424, 2078
155465, 2079
155506, 2080
155535, 2081
155566, 2082
155603, 2083
155644, 2084
155672, 2085
155699, 2086
155738, 2087
155780, 2088
155807, 2089
155832, 2090
155872, 2091
155897, 2092
155940, 2093
155981, 2094
156006, 2095
156034, 2096
156106, 2097
156131, 2098
156155, 2099
156186, 2100
156213, 2101
156241, 2102
156282, 2103
156305, 2104
156343, 2105
156386, 2106
156416, 2107
156445, 2108
156480, 2109
156525, 2110
156565, 2111
156589, 2112
156620, 2113
156646, 2114
156689, 2115
156714, 2116
156756, 2117
156784, 2118
156811, 2119
156837, 2120
156890, 2121
156918, 2122
156945, 2123
157002, 2124
157025, 2125
157055, 2126
157091, 2127
157118, 2128
157156, 2129
157201, 2130
157229, 2131
157267, 2132
157291, 2133
157331, 2134
157363, 2135
157389, 2136
157429, 2137
157459, 2138
157498, 2139
157551, 2140
157579, 2141
157602, 2142
157641, 2143
157681, 2144
157708, 2145
157735, 2146
157776, 2147
157804, 2148
157846, 2149
157872, 2150
157902, 2151
157945, 2152
157989, 2153
158012, 2154
158050, 2155
158079, 2156
158120, 2157
158146, 2158
158185, 2159
158206, 2160
158245, 2161
158286, 2162
158313, 2163
158338, 2164
158389, 2165
158416, 2166
158463, 2167
158512, 2168
158539, 2169
158590, 2170
158619, 2171
158643, 2172
158682, 2173
158723, 2174
158752, 2175
158777, 2176
158817, 2177
158847, 2178
158871, 2179
158924, 2180
158952, 2181
158977, 2182
159015, 2183
159045, 2184
159083, 2185
159121, 2186
159151, 2187
159180, 2188
159221, 2189
159246, 2190
159286, 2191
159313, 2192
159356, 2193
159397, 2194
159419, 2195
159461, 2196
159490, 2197
159516, 2198
159560, 2199
159586, 2200
159628, 2201
159654, 2202
159683, 2203
159723, 2204
159763, 2205
159808, 2206
159833, 2207
159858, 2208
159902, 2209
159926, 2210
159962, 2211
160005, 2212
160033, 2213
160063, 2214
160105, 2215
160131, 2216
160174, 2217
160200, 2218
160227, 2219
160266, 2220
160307, 2221
160334, 2222
160364, 2223
160403, 2224
160432, 2225
160469, 2226
160507, 2227
160535, 2228
160562, 2229
160603, 2230
160632, 2231
160671, 2232
160699, 2233
160740, 2234
160797, 2235
160824, 2236
160854, 2237
160893, 2238
160920, 2239
160960, 2240
161002, 2241
161031, 2242
161066, 2243
161097, 2244
161122, 2245
161159, 2246
161219, 2247
161243, 2248
161275, 2249
161299, 2250
161338, 2251
161363, 2252
161405, 2253
161431, 2254
161466, 2255
161509, 2256
161536, 2257
161564, 2258
161605, 2259
161652, 2260
161674, 2261
161728, 2262
161754, 2263
161782, 2264
161807, 2265
161847, 2266
161886, 2267
161913, 2268
161955, 2269
161984, 2270
162009, 2271
162068, 2272
162093, 2273
162123, 2274
162148, 2275
162190, 2276
162216, 2277
162257, 2278
162285, 2279
162324, 2280
162354, 2281
162377, 2282
162428, 2283
162456, 2284
162504, 2285
162526, 2286
162554, 2287
162579, 2288
162622, 2289
162660, 2290
162686, 2291
162723, 2292
162751, 2293
162793, 2294
162821, 2295
162846, 2296
162886, 2297
162966, 2298
162983, 2299
163008, 2300
163047, 2301
163089, 2302
163118, 2303
163144, 2304
163183, 2305
163213, 2306
163251, 2307
163278, 2308
163318, 2309
163364, 2310
163406, 2311
163429, 2312
163457, 2313
163499, 2314
163524, 2315
163565, 2316
163593, 2317
163635, 2318
163663, 2319
163691, 2320
163734, 2321
163770, 2322
163811, 2323
163836, 2324
163865, 2325
163913, 2326
163940, 2327
163975, 2328
164016, 2329
164044, 2330
164071, 2331
164111, 2332
164136, 2333
164177, 2334
164213, 2335
164233, 2336
164285, 2337
164314, 2338
164339, 2339
164376, 2340
164421, 2341
164448, 2342
164473, 2343
164502, 2344
164541, 2345
164582, 2346
164612, 2347
164650, 2348
164689, 2349
164718, 2350
164755, 2351
164795, 2352
164822, 2353
164850, 2354
164890, 2355
164920, 2356
164959, 2357
164986, 2358
165058, 2359
165082, 2360
165112, 2361
165144, 2362
165169, 2363
165208, 2364
165244, 2365
165286, 2366
165314, 2367
165340, 2368
165366, 2369
165419, 2370
165445, 2371
165465, 2372
165513, 2373
165539, 2374
165579, 2375
165607, 2376
165648, 2377
165674, 2378
165711, 2379
165741, 2380
165781, 2381
165809, 2382
165853, 2383
165884, 2384
165910, 2385
165963, 2386
165988, 2387
166004, 2388
166058, 2389
166086, 2390
166119, 2391
166146, 2392
166173, 2393
166226, 2394
166252, 2395
166293, 2396
166321, 2397
166360, 2398
166384, 2399
166425, 2400
166451, 2401
166493, 2402
166533, 2403
166560, 2404
166589, 2405
166617, 2406
166658, 2407
166690, 2408
166733, 2409
166763, 2410
166798, 2411
166869, 2412
166903, 2413
166931, 2414
166969, 2415
166996, 2416
167023, 2417
167072, 2418
167101, 2419
167125, 2420
167174, 2421
167193, 2422
167230, 2423
167269, 2424
167310, 2425
167339, 2426
167401, 2427
167421, 2428
167458, 2429
167500, 2430
167528, 2431
167556, 2432
167591, 2433
167633, 2434
167661, 2435
167700, 2436
167729, 2437
167753, 2438
167815, 2439
167848, 2440
167876, 2441
167900, 2442
167941, 2443
167967, 2444
168008, 2445
168046, 2446
168077, 2447
168103, 2448
168146, 2449
168189, 2450
168216, 2451
168244, 2452
168271, 2453
168311, 2454
168351, 2455
168379, 2456
168418, 2457
168450, 2458
168474, 2459
168522, 2460
168549, 2461
168576, 2462
168612, 2463
168651, 2464
168692, 2465
168721, 2466
168749, 2467
168787, 2468
168826, 2469
168855, 2470
168880, 2471
168906, 2472
168958, 2473
169001, 2474
169025, 2475
169068, 2476
169092, 2477
169121, 2478
169163, 2479
169200, 2480
169230, 2481
169253, 2482
169296, 2483
169333, 2484
169363, 2485
169387, 2486
169455, 2487
169482, 2488
169506, 2489
169534, 2490
169557, 2491
169609, 2492
169637, 2493
169664, 2494
169709, 2495
169736, 2496
169763, 2497
169801, 2498
169840, 2499
169859, 2500
169909, 2501
169938, 2502
169965, 2503
170003, 2504
170043, 2505
170071, 2506
170098, 2507
170144, 2508
170171, 2509
170200, 2510
170253, 2511
170276, 2512
170311, 2513
170352, 2514
170380, 2515
170406, 2516
170446, 2517
170473, 2518
170515, 2519
170541, 2520
170583, 2521
170610, 2522
170658, 2523
170681, 2524
170724, 2525
170763, 2526
170790, 2527
170820, 2528
170861, 2529
170891, 2530
170918, 2531
170959, 2532
170998, 2533
171025, 2534
171060, 2535
171079, 2536
171134, 2537
171161, 2538
171184, 2539
171224, 2540
171265, 2541
171294, 2542
171325, 2543
171350, 2544
171392, 2545
171433, 2546
171459, 2547
171522, 2548
171544, 2549
171585, 2550
171627, 2551
171659, 2552
171686, 2553
171722, 2554
171762, 2555
171791, 2556
171816, 2557
171856, 2558
171881, 2559
171924, 2560
171961, 2561
172003, 2562
172028, 2563
172070, 2564
172100, 2565
172124, 2566
172158, 2567
172198, 2568
172226, 2569
172256, 2570
172298, 2571
172325, 2572
172380, 2573
172409, 2574
172439, 2575
172466, 2576
172493, 2577
172521, 2578
172574, 2579
172604, 2580
172631, 2581
172672, 2582
172700, 2583
172728, 2584
172772, 2585
172797, 2586
172838, 2587
172867, 2588
172895, 2589
172939, 2590
172964, 2591
173012, 2592
173034, 2593
173078, 2594
173110, 2595
173134, 2596
173172, 2597
173195, 2598
173236, 2599
173293, 2600
173317, 2601
173341, 2602
173381, 2603
173413, 2604
173450, 2605
173488, 2606
173516, 2607
173541, 2608
173582, 2609
173621, 2610
173650, 2611
173680, 2612
173735, 2613
173755, 2614
173797, 2615
173836, 2616
173864, 2617
173903, 2618
173925, 2619
173965, 2620
174009, 2621
174037, 2622
174061, 2623
174120, 2624
174145, 2625
174172, 2626
174199, 2627
174225, 2628
174277, 2629
174304, 2630
174346, 2631
174378, 2632
174401, 2633
174439, 2634
174481, 2635
174510, 2636
174535, 2637
174586, 2638
174613, 2639
174639, 2640
174664, 2641
174707, 2642
174733, 2643
174773, 2644
174810, 2645
174832, 2646
174868, 2647
174916, 2648
174943, 2649
174971, 2650
175013, 2651
175043, 2652
175095, 2653
175123, 2654
175164, 2655
175196, 2656
175222, 2657
175265, 2658
175289, 2659
175333, 2660
175360, 2661
175387, 2662
175432, 2663
175457, 2664
175483, 2665
175550, 2666
175576, 2667
175601, 2668
175639, 2669
175667, 2670
175698, 2671
175746, 2672
175772, 2673
175797, 2674
175837, 2675
175875, 2676
175906, 2677
175932, 2678
175973, 2679
176046, 2680
176067, 2681
176097, 2682
176135, 2683
176163, 2684
176202, 2685
176227, 2686
176264, 2687
176303, 2688
176331, 2689
176356, 2690
176406, 2691
176434, 2692
176461, 2693
176512, 2694
176537, 2695
176561, 2696
176601, 2697
176640, 2698
176666, 2699
176706, 2700
176734, 2701
176770, 2702
176799, 2703
176826, 2704
176879, 2705
176907, 2706
176947, 2707
176971, 2708
177001, 2709
177027, 2710
177067, 2711
177105, 2712
177132, 2713
177159, 2714
177197, 2715
177241, 2716
177266, 2717
177308, 2718
177337, 2719
177375, 2720
177393, 2721
177446, 2722
177473, 2723
177501, 2724
177530, 2725
177568, 2726
177607, 2727
177640, 2728
177664, 2729
177700, 2730
177739, 2731
177758, 2732
177828, 2733
177848, 2734
177886, 2735
177916, 2736
177941, 2737
177982, 2738
178024, 2739
178051, 2740
178077, 2741
178119, 2742
178145, 2743
178184, 2744
178222, 2745
178263, 2746
178287, 2747
178328, 2748
178357, 2749
178385, 2750
178414, 2751
178461, 2752
178487, 2753
178527, 2754
178560, 2755
178593, 2756
178623, 2757
178672, 2758
178726, 2759
178763, 2760
178805, 2761
178833, 2762
178855, 2763
178897, 2764
178938, 2765
178966, 2766
178994, 2767
179021, 2768
179061, 2769
179110, 2770
179140, 2771
179165, 2772
179194, 2773
179221, 2774
179269, 2775
179296, 2776
179332, 2777
179362, 2778
179397, 2779
179443, 2780
179482, 2781
179507, 2782
179534, 2783
179562, 2784
179602, 2785
179645, 2786
179672, 2787
179697, 2788
179735, 2789
179775, 2790
179802, 2791
179844, 2792
179878, 2793
179916, 2794
179941, 2795
179982, 2796
180023, 2797
180049, 2798
180080, 2799
180121, 2800
180148, 2801
180187, 2802
180215, 2803
180256, 2804
180284, 2805
180331, 2806
180356, 2807
180395, 2808
180423, 2809
180450, 2810
180497, 2811
180529, 2812
180558, 2813
180583, 2814
180633, 2815
180660, 2816
180698, 2817
180742, 2818
180765, 2819
180801, 2820
180840, 2821
180866, 2822
180909, 2823
180938, 2824
180961, 2825
181009, 2826
181038, 2827
181060, 2828
181100, 2829
181142, 2830
181202, 2831
181223, 2832
181260, 2833
181297, 2834
181328, 2835
181352, 2836
181391, 2837
181430, 2838
181459, 2839
181502, 2840
181529, 2841
181569, 2842
181604, 2843
181621, 2844
181662, 2845
181703, 2846
181726, 2847
181765, 2848
181804, 2849
181821, 2850
181873, 2851
181904, 2852
181933, 2853
181983, 2854
182009, 2855
182033, 2856
182074, 2857
182105, 2858
182140, 2859
182169, 2860
182212, 2861
182237, 2862
182280, 2863
182309, 2864
182354, 2865
182376, 2866
182414, 2867
182451, 2868
182478, 2869
182506, 2870
182545, 2871
182588, 2872
182614, 2873
182645, 2874
182683, 2875
182714, 2876
182751, 2877
182777, 2878
182831, 2879
182858, 2880
182882, 2881
182921, 2882
182962, 2883
182992, 2884
183020, 2885
183060, 2886
183086, 2887
183123, 2888
183143, 2889
183196, 2890
183221, 2891
183248, 2892
183289, 2893
183326, 2894
183367, 2895
183393, 2896
183421, 2897
183465, 2898
183522, 2899
183546, 2900
183574, 2901
183616, 2902
183643, 2903
183685, 2904
183714, 2905
183741, 2906
183798, 2907
183824, 2908
183852, 2909
183893, 2910
183922, 2911
183949, 2912
183994, 2913
184020, 2914
184057, 2915
184089, 2916
184115, 2917
184157, 2918
184198, 2919
184225, 2920
184243, 2921
184297, 2922
184323, 2923
184350, 2924
184401, 2925
184419, 2926
184455, 2927
184498, 2928
184527, 2929
184553, 2930
184590, 2931
184616, 2932
184660, 2933
184698, 2934
184730, 2935
184754, 2936
184794, 2937
184822, 2938
184847, 2939
184888, 2940
184927, 2941
184956, 2942
184981, 2943
185063, 2944
185090, 2945
185120, 2946
185147, 2947
185173, 2948
185202, 2949
185232, 2950
185264, 2951
185302, 2952
185351, 2953
185380, 2954
185405, 2955
185441, 2956
185482, 2957
185510, 2958
185554, 2959
185579, 2960
185620, 2961
185650, 2962
185675, 2963
185716, 2964
185760, 2965
185790, 2966
185816, 2967
185871, 2968
185899, 2969
185929, 2970
185956, 2971
185981, 2972
186021, 2973
186047, 2974
186084, 2975
186124, 2976
186165, 2977
186196, 2978
186233, 2979
186262, 2980
186302, 2981
186331, 2982
186362, 2983
186400, 2984
186455, 2985
186485, 2986
186513, 2987
186555, 2988
186584, 2989
186621, 2990
186650, 2991
186676, 2992
186730, 2993
186757, 2994
186782, 2995
186807, 2996
186860, 2997
186888, 2998
186915, 2999
186959, 3000
186984, 3001
187014, 3002
187065, 3003
187096, 3004
187119, 3005
187146, 3006
187185, 3007
187213, 3008
187252, 3009
187289, 3010
187318, 3011
187357, 3012
187394, 3013
187436, 3014
187463, 3015
187489, 3016
187530, 3017
187570, 3018
187597, 3019
187632, 3020
187673, 3021
187694, 3022
187732, 3023
187769, 3024
187810, 3025
187839, 3026
187865, 3027
187906, 3028
187933, 3029
187992, 3030
188016, 3031
188041, 3032
188083, 3033
188110, 3034
188149, 3035
188178, 3036
188211, 3037
188241, 3038
188317, 3039
188337, 3040
188364, 3041
188404, 3042
188427, 3043
188467, 3044
188503, 3045
188556, 3046
188575, 3047
188615, 3048
188646, 3049
188671, 3050
188697, 3051
188752, 3052
188792, 3053
188821, 3054
188848, 3055
188875, 3056
188916, 3057
188948, 3058
188973, 3059
189011, 3060
189068, 3061
189095, 3062
189119, 3063
189157, 3064
189188, 3065
189244, 3066
189265, 3067
189305, 3068
189344, 3069
189373, 3070
189398, 3071
189453, 3072
189475, 3073
189503, 3074
189533, 3075
189581, 3076
189610, 3077
189637, 3078
189690, 3079
189721, 3080
189748, 3081
189773, 3082
189810, 3083
189851, 3084
189888, 3085
189926, 3086
189962, 3087
189990, 3088
190030, 3089
190070, 3090
190116, 3091
190140, 3092
190164, 3093
190207, 3094
190242, 3095
190272, 3096
190311, 3097
190339, 3098
190400, 3099
190428, 3100
190474, 3101
190509, 3102
190537, 3103
190577, 3104
190606, 3105
190636, 3106
190688, 3107
190718, 3108
190744, 3109
190784, 3110
190810, 3111
190864, 3112
190891, 3113
190915, 3114
190952, 3115
190984, 3116
191012, 3117
191052, 3118
191080, 3119
191127, 3120
191156, 3121
191196, 3122
191221, 3123
191258, 3124
191302, 3125
191328, 3126
191352, 3127
191405, 3128
191426, 3129
191460, 3130
191500, 3131
191529, 3132
191551, 3133
191593, 3134
191621, 3135
191692, 3136
191719, 3137
191742, 3138
191766, 3139
191782, 3140
191828, 3141
191859, 3142
191887, 3143
191918, 3144
191956, 3145
192012, 3146
192026, 3147
192053, 3148
192093, 3149
192121, 3150
192164, 3151
192177, 3152
192220, 3153
192249, 3154
192289, 3155
192330, 3156
192344, 3157
192387, 3158
192430, 3159
192444, 3160
192486, 3161
192528, 3162
192557, 3163
192596, 3164
192625, 3165
192653, 3166
192695, 3167
192722, 3168
192751, 3169
192790, 3170
192820, 3171
192859, 3172
192889, 3173
192919, 3174
192959, 3175
193000, 3176
193025, 3177
193068, 3178
193083, 3179
193124, 3180
193166, 3181
193180, 3182
193235, 3183
193250, 3184
193292, 3185
193322, 3186
193362, 3187
193391, 3188
193431, 3189
193459, 3190
193505, 3191
193543, 3192
193557, 3193
193599, 3194
193629, 3195
193668, 3196
193696, 3197
193726, 3198
193766, 3199
193795, 3200
193837, 3201
193851, 3202
193891, 3203
193935, 3204
193949, 3205
194006, 3206
194031, 3207
194058, 3208
194101, 3209
194129, 3210
194171, 3211
194186, 3212
194239, 3213
194254, 3214
194297, 3215
194326, 3216
194367, 3217
194394, 3218
194449, 3219
194492, 3220
194532, 3221
194561, 3222
194603, 3223
194617, 3224
194658, 3225
194699, 3226
194729, 3227
194757, 3228
194797, 3229
194825, 3230
194867, 3231
194898, 3232
194936, 3233
194963, 3234
195005, 3235
195034, 3236
195062, 3237
195103, 3238
195131, 3239
195161, 3240
195201, 3241
195231, 3242
195270, 3243
195299, 3244
195340, 3245
195369, 3246
195399, 3247
195437, 3248
195466, 3249
195508, 3250
195536, 3251
195565, 3252
195606, 3253
195620, 3254
195675, 3255
195689, 3256
195730, 3257
195772, 3258
195801, 3259
195829, 3260
195871, 3261
195937, 3262
195950, 3263
195983, 3264
196021, 3265
196064, 3266
196079, 3267
196121, 3268
196161, 3269
196189, 3270
196218, 3271
196258, 3272
196286, 3273
196327, 3274
196355, 3275
196384, 3276
196426, 3277
196457, 3278
196484, 3279
196522, 3280
196552, 3281
196591, 3282
196620, 3283
196649, 3284
196689, 3285
196718, 3286
196760, 3287
196788, 3288
196818, 3289
196857, 3290
196885, 3291
196916, 3292
196955, 3293
196984, 3294
197025, 3295
197054, 3296
197083, 3297
197123, 3298
197151, 3299
197191, 3300
197219, 3301
197250, 3302
197288, 3303
197319, 3304
197361, 3305
197389, 3306
197431, 3307
197445, 3308
197500, 3309
197514, 3310
197556, 3311
197596, 3312
197625, 3313
197655, 3314
197694, 3315
197722, 3316
197761, 3317
197790, 3318
197819, 3319
197860, 3320
197889, 3321
197918, 3322
197956, 3323
197985, 3324
198036, 3325
198082, 3326
198095, 3327
198123, 3328
198163, 3329
198192, 3330
198234, 3331
198249, 3332
198290, 3333
198332, 3334
198359, 3335
198400, 3336
198424, 3337
198464, 3338
198489, 3339
198530, 3340
198557, 3341
198597, 3342
198629, 3343
198655, 3344
198694, 3345
198723, 3346
198764, 3347
198792, 3348
198823, 3349
198861, 3350
198903, 3351
198917, 3352
198961, 3353
199002, 3354
199016, 3355
199057, 3356
199100, 3357
199128, 3358
199156, 3359
199198, 3360
199228, 3361
199267, 3362
199283, 3363
199336, 3364
199351, 3365
199404, 3366
199417, 3367
199462, 3368
199491, 3369
199531, 3370
199560, 3371
199589, 3372
199628, 3373
199657, 3374
199703, 3375
199728, 3376
199767, 3377
199796, 3378
199825, 3379
199864, 3380
199894, 3381
199936, 3382
199963, 3383
199991, 3384
200032, 3385
200058, 3386
200101, 3387
200130, 3388
200158, 3389
200199, 3390
200241, 3391
200255, 3392
200297, 3393
200325, 3394
200366, 3395
200395, 3396
200435, 3397
200463, 3398
200494, 3399
200577, 3400
200604, 3401
200640, 3402
200682, 3403
200710, 3404
200738, 3405
200778, 3406
200806, 3407
200846, 3408
200875, 3409
200899, 3410
200961, 3411
200983, 3412
201023, 3413
201053, 3414
201079, 3415
201121, 3416
201148, 3417
201174, 3418
201213, 3419
201254, 3420
201300, 3421
201325, 3422
201366, 3423
201394, 3424
201423, 3425
201451, 3426
201494, 3427
201520, 3428
201560, 3429
201615, 3430
201642, 3431
201672, 3432
201699, 3433
201726, 3434
201769, 3435
201798, 3436
201824, 3437
201868, 3438
201897, 3439
201954, 3440
201977, 3441
202019, 3442
202046, 3443
202076, 3444
202106, 3445
202147, 3446
202171, 3447
202211, 3448
202249, 3449
202278, 3450
202340, 3451
202364, 3452
202398, 3453
202437, 3454
202468, 3455
202494, 3456
202538, 3457
202566, 3458
202614, 3459
202644, 3460
202681, 3461
202720, 3462
202750, 3463
202774, 3464
202813, 3465
202851, 3466
202895, 3467
202920, 3468
202971, 3469
202996, 3470
203024, 3471
203052, 3472
203105, 3473
203130, 3474
203159, 3475
203184, 3476
203234, 3477
203251, 3478
203289, 3479
203333, 3480
203360, 3481
203385, 3482
203427, 3483
203453, 3484
203497, 3485
203524, 3486
203565, 3487
203606, 3488
203633, 3489
203662, 3490
203703, 3491
203741, 3492
203769, 3493
203805, 3494
203846, 3495
203884, 3496
203932, 3497
203973, 3498
204002, 3499
204041, 3500
204073, 3501
204101, 3502
204127, 3503
204174, 3504
204202, 3505
204257, 3506
204285, 3507
204323, 3508
204352, 3509
204378, 3510
204418, 3511
204456, 3512
204485, 3513
204511, 3514
204554, 3515
204593, 3516
204620, 3517
204645, 3518
204697, 3519
204724, 3520
204749, 3521
204789, 3522
204820, 3523
204857, 3524
204903, 3525
204926, 3526
204969, 3527
204999, 3528
205027, 3529
205072, 3530
205107, 3531
205137, 3532
205166, 3533
205216, 3534
205258, 3535
205295, 3536
205322, 3537
205363, 3538
205391, 3539
205423, 3540
205461, 3541
205496, 3542
205539, 3543
205592, 3544
205621, 3545
205676, 3546
205705, 3547
205737, 3548
205763, 3549
205807, 3550
205834, 3551
205893, 3552
205919, 3553
205961, 3554
205986, 3555
206037, 3556
206062, 3557
206102, 3558
206122, 3559
206182, 3560
206202, 3561
206239, 3562
206270, 3563
206298, 3564
206322, 3565
206367, 3566
206393, 3567
206445, 3568
206470, 3569
206495, 3570
206535, 3571
206562, 3572
206602, 3573
206635, 3574
206660, 3575
206706, 3576
206733, 3577
206772, 3578
206810, 3579
206839, 3580
206867, 3581
206925, 3582
206951, 3583
206976, 3584
207007, 3585
207060, 3586
207087, 3587
207114, 3588
207141, 3589
207228, 3590
207255, 3591
207298, 3592
207334, 3593
207361, 3594
207399, 3595
207450, 3596
207522, 3597
207563, 3598
207598, 3599
207672, 3600
207717, 3601
207755, 3602
207800, 3603
207856, 3604
207909, 3605
207945, 3606
207985, 3607
208023, 3608
208054, 3609
208085, 3610
208142, 3611
208171, 3612
208221, 3613
208249, 3614
208275, 3615
208299, 3616
208347, 3617
208413, 3618
208430, 3619
208487, 3620
208532, 3621
208568, 3622
208596, 3623
208622, 3624
208658, 3625
208711, 3626
208735, 3627
208776, 3628
208817, 3629
208844, 3630
208875, 3631
208900, 3632
208962, 3633
208990, 3634
209015, 3635
209041, 3636
209083, 3637
209109, 3638
209146, 3639
209177, 3640
209231, 3641
209258, 3642
209298, 3643
209326, 3644
209368, 3645
209395, 3646
209437, 3647
209497, 3648
209517, 3649
209560, 3650
209590, 3651
209615, 3652
209654, 3653
209681, 3654
209719, 3655
209761, 3656
209786, 3657
209815, 3658
209859, 3659
209888, 3660
209914, 3661
209984, 3662
210008, 3663
210035, 3664
210073, 3665
210112, 3666
210141, 3667
210169, 3668
210224, 3669
210246, 3670
210272, 3671
210315, 3672
210339, 3673
210393, 3674
210421, 3675
210448, 3676
210506, 3677
210537, 3678
210577, 3679
210605, 3680
210645, 3681
210672, 3682
210701, 3683
210759, 3684
210797, 3685
210836, 3686
210862, 3687
210903, 3688
210932, 3689
210974, 3690
210998, 3691
211045, 3692
211070, 3693
211108, 3694
211139, 3695
211174, 3696
211203, 3697
211239, 3698
211282, 3699
211322, 3700
211346, 3701
211390, 3702
211419, 3703
211444, 3704
211528, 3705
211554, 3706
211580, 3707
211607, 3708
211637, 3709
211661, 3710
211688, 3711
211725, 3712
211779, 3713
211808, 3714
211836, 3715
211863, 3716
211904, 3717
211934, 3718
211964, 3719
212013, 3720
212047, 3721
212084, 3722
212126, 3723
212152, 3724
212180, 3725
212218, 3726
212245, 3727
212286, 3728
212327, 3729
212354, 3730
212388, 3731
212428, 3732
212455, 3733
212496, 3734
212527, 3735
212550, 3736
212596, 3737
212628, 3738
212664, 3739
212715, 3740
212746, 3741
212780, 3742
212803, 3743
212831, 3744
212882, 3745
212909, 3746
212953, 3747
212991, 3748
213019, 3749
213044, 3750
213098, 3751
213127, 3752
213155, 3753
213182, 3754
213234, 3755
213277, 3756
213303, 3757
213329, 3758
213370, 3759
213397, 3760
213438, 3761
213465, 3762
213492, 3763
213532, 3764
213587, 3765
213614, 3766
213645, 3767
213682, 3768
213707, 3769
213744, 3770
213797, 3771
213820, 3772
213850, 3773
213877, 3774
213920, 3775
213942, 3776
213992, 3777
214035, 3778
214059, 3779
214089, 3780
214126, 3781
214165, 3782
214182, 3783
214233, 3784
214263, 3785
214304, 3786
214330, 3787
214377, 3788
214393, 3789
214446, 3790
214474, 3791
214497, 3792
214538, 3793
214633, 3794
214661, 3795
214691, 3796
214717, 3797
214759, 3798
214783, 3799
214833, 3800
214863, 3801
214901, 3802
214927, 3803
214955, 3804
214994, 3805
215035, 3806
215059, 3807
215096, 3808
215126, 3809
215155, 3810
215192, 3811
215229, 3812
215268, 3813
215307, 3814
215335, 3815
215362, 3816
215388, 3817
215439, 3818
215469, 3819
215493, 3820
215549, 3821
215576, 3822
215603, 3823
215638, 3824
215670, 3825
215705, 3826
215733, 3827
215804, 3828
215832, 3829
215882, 3830
215912, 3831
215936, 3832
215978, 3833
216002, 3834
216046, 3835
216068, 3836
216119, 3837
216145, 3838
216183, 3839
216212, 3840
216242, 3841
216290, 3842
216331, 3843
216362, 3844
216390, 3845
216415, 3846
216458, 3847
216496, 3848
216524, 3849
216562, 3850
216588, 3851
216626, 3852
216669, 3853
216698, 3854
216723, 3855
216764, 3856
216804, 3857
216843, 3858
216869, 3859
216898, 3860
216948, 3861
216976, 3862
217005, 3863
217062, 3864
217084, 3865
217123, 3866
217161, 3867
217191, 3868
217228, 3869
217259, 3870
217283, 3871
217327, 3872
217358, 3873
217394, 3874
217438, 3875
217469, 3876
217503, 3877
217543, 3878
217580, 3879
217620, 3880
217649, 3881
217674, 3882
217729, 3883
217765, 3884
217800, 3885
217828, 3886
217867, 3887
217909, 3888
217941, 3889
217975, 3890
218012, 3891
218041, 3892
218072, 3893
218098, 3894
218189, 3895
218210, 3896
218235, 3897
218271, 3898
218311, 3899
218339, 3900
218366, 3901
218408, 3902
218448, 3903
218479, 3904
218503, 3905
218548, 3906
218583, 3907
218623, 3908
218653, 3909
218675, 3910
218716, 3911
218781, 3912
218809, 3913
218833, 3914
218873, 3915
218900, 3916
218975, 3917
219001, 3918
219039, 3919
219065, 3920
219092, 3921
219130, 3922
219183, 3923
219210, 3924
219237, 3925
219276, 3926
219316, 3927
219348, 3928
219386, 3929
219425, 3930
219461, 3931
219490, 3932
219514, 3933
219567, 3934
219595, 3935
219620, 3936
219647, 3937
219701, 3938
219729, 3939
219789, 3940
219815, 3941
219851, 3942
219876, 3943
219914, 3944
219967, 3945
219993, 3946
220014, 3947
220060, 3948
220088, 3949
220113, 3950
220163, 3951
220190, 3952
220231, 3953
220260, 3954
220300, 3955
220353, 3956
220378, 3957
220422, 3958
220462, 3959
220488, 3960
220558, 3961
220581, 3962
220604, 3963
220642, 3964
220685, 3965
220711, 3966
220739, 3967
220776, 3968
220814, 3969
220853, 3970
220882, 3971
220907, 3972
220973, 3973
221003, 3974
221028, 3975
221053, 3976
221092, 3977
221137, 3978
221163, 3979
221202, 3980
221233, 3981
221261, 3982
221337, 3983
221357, 3984
221393, 3985
221423, 3986
221448, 3987
221500, 3988
221528, 3989
221575, 3990
221605, 3991
221628, 3992
221684, 3993
221710, 3994
221747, 3995
221774, 3996
221817, 3997
221842, 3998
221886, 3999
221931, 4000
221957, 4001
221995, 4002
222031, 4003
222059, 4004
222130, 4005
222154, 4006
222181, 4007
222220, 4008
222246, 4009
222297, 4010
222326, 4011
222354, 4012
222377, 4013
222403, 4014
222457, 4015
222500, 4016
222526, 4017
222554, 4018
222592, 4019
222632, 4020
222661, 4021
222687, 4022
222722, 4023
222762, 4024
222791, 4025
222816, 4026
222872, 4027
222901, 4028
222952, 4029
222991, 4030
223018, 4031
223058, 4032
223087, 4033
223114, 4034
223169, 4035
223197, 4036
223223, 4037
223261, 4038
223277, 4039
223327, 4040
223371, 4041
223396, 4042
223431, 4043
223458, 4044
223515, 4045
223541, 4046
223570, 4047
223610, 4048
223638, 4049
223681, 4050
223719, 4051
223748, 4052
223772, 4053
223845, 4054
223865, 4055
223901, 4056
223940, 4057
223967, 4058
224005, 4059
224033, 4060
224075, 4061
224113, 4062
224142, 4063
224169, 4064
224221, 4065
224252, 4066
224274, 4067
224326, 4068
224343, 4069
224381, 4070
224408, 4071
224454, 4072
224477, 4073
224515, 4074
224542, 4075
224580, 4076
224622, 4077
224649, 4078
224685, 4079
224730, 4080
224757, 4081
224781, 4082
224824, 4083
224863, 4084
224890, 4085
224926, 4086
224988, 4087
225008, 4088
225045, 4089
225073, 4090
225101, 4091
225143, 4092
225180, 4093
225223, 4094
225261, 4095
225278, 4096
225331, 4097
225358, 4098
225385, 4099
225437, 4100
225453, 4101
225494, 4102
225520, 4103
225545, 4104
225600, 4105
225625, 4106
225677, 4107
225704, 4108
225733, 4109
225760, 4110
225807, 4111
225835, 4112
225877, 4113
225916, 4114
225947, 4115
225968, 4116
226019, 4117
226045, 4118
226107, 4119
226127, 4120
226176, 4121
226204, 4122
226246, 4123
226273, 4124
226301, 4125
226364, 4126
226395, 4127
226422, 4128
226449, 4129
226472, 4130
226511, 4131
226549, 4132
226590, 4133
226610, 4134
226659, 4135
226685, 4136
226721, 4137
226752, 4138
226800, 4139
226817, 4140
226856, 4141
226881, 4142
226923, 4143
226954, 4144
226985, 4145
227033, 4146
227059, 4147
227082, 4148
227122, 4149
227165, 4150
227194, 4151
227256, 4152
227276, 4153
227317, 4154
227342, 4155
227381, 4156
227426, 4157
227449, 4158
227496, 4159
227525, 4160
227566, 4161
227604, 4162
227633, 4163
227661, 4164
227706, 4165
227734, 4166
227766, 4167
227799, 4168
227830, 4169
227883, 4170
227909, 4171
227933, 4172
228004, 4173
228026, 4174
228056, 4175
228084, 4176
228134, 4177
228161, 4178
228197, 4179
228220, 4180
228258, 4181
228297, 4182
228326, 4183
228361, 4184
228403, 4185
228430, 4186
228454, 4187
228492, 4188
228531, 4189
228560, 4190
228585, 4191
228625, 4192
228681, 4193
228707, 4194
228723, 4195
228762, 4196
228800, 4197
228827, 4198
228890, 4199
228920, 4200
228948, 4201
228974, 4202
229001, 4203
229068, 4204
229098, 4205
229134, 4206
229185, 4207
229211, 4208
229237, 4209
229291, 4210
229318, 4211
229347, 4212
229386, 4213
229415, 4214
229452, 4215
229477, 4216
229517, 4217
229545, 4218
229585, 4219
229630, 4220
229656, 4221
229695, 4222
229725, 4223
229766, 4224
229831, 4225
229859, 4226
229896, 4227
229939, 4228
229964, 4229
230002, 4230
230031, 4231
230073, 4232
230101, 4233
230127, 4234
230173, 4235
230194, 4236
230245, 4237
230277, 4238
230305, 4239
230356, 4240
230391, 4241
230430, 4242
230454, 4243
230539, 4244
230561, 4245
230587, 4246
230623, 4247
230666, 4248
230695, 4249
230745, 4250
230774, 4251
230809, 4252
230836, 4253
230863, 4254
230900, 4255
230951, 4256
230979, 4257
231008, 4258
231047, 4259
231088, 4260
231118, 4261
231146, 4262
231193, 4263
231239, 4264
231276, 4265
231317, 4266
231346, 4267
231370, 4268
231437, 4269
231464, 4270
231508, 4271
231531, 4272
231581, 4273
231601, 4274
231640, 4275
231677, 4276
231705, 4277
231740, 4278
231772, 4279
231796, 4280
231848, 4281
231907, 4282
231927, 4283
231950, 4284
231989, 4285
232028, 4286
232070, 4287
232095, 4288
232145, 4289
232162, 4290
232226, 4291
232254, 4292
232282, 4293
232318, 4294
232348, 4295
232385, 4296
232427, 4297
232447, 4298
232494, 4299
232519, 4300
232561, 4301
232633, 4302
232654, 4303
232711, 4304
232740, 4305
232788, 4306
232815, 4307
232841, 4308
232879, 4309
232905, 4310
232944, 4311
232989, 4312
233014, 4313
233051, 4314
233090, 4315
233120, 4316
233170, 4317
233201, 4318
233236, 4319
233265, 4320
233303, 4321
233333, 4322
233403, 4323
233425, 4324
233480, 4325
233508, 4326
233541, 4327
233583, 4328
233607, 4329
233634, 4330
233674, 4331
233702, 4332
233745, 4333
233767, 4334
233816, 4335
233845, 4336
233872, 4337
233927, 4338
233954, 4339
233975, 4340
234002, 4341
234055, 4342
234117, 4343
234138, 4344
234181, 4345
234220, 4346
234246, 4347
234287, 4348
234311, 4349
234340, 4350
234390, 4351
234446, 4352
234469, 4353
234495, 4354
234541, 4355
234582, 4356
234602, 4357
234649, 4358
234676, 4359
234702, 4360
234756, 4361
234778, 4362
234815, 4363
234856, 4364
234903, 4365
234923, 4366
234963, 4367
234990, 4368
235032, 4369
235077, 4370
235104, 4371
235136, 4372
235175, 4373
235200, 4374
235254, 4375
235281, 4376
235309, 4377
235334, 4378
235414, 4379
235445, 4380
235480, 4381
235518, 4382
235546, 4383
235575, 4384
235599, 4385
235626, 4386
235665, 4387
235697, 4388
235734, 4389
235761, 4390
235813, 4391
235842, 4392
235868, 4393
235896, 4394
235973, 4395
236003, 4396
236032, 4397
236062, 4398
236088, 4399
236142, 4400
236169, 4401
236220, 4402
236264, 4403
236296, 4404
236334, 4405
236365, 4406
236398, 4407
236425, 4408
236466, 4409
236490, 4410
236576, 4411
236601, 4412
236646, 4413
236672, 4414
236722, 4415
236750, 4416
236800, 4417
236841, 4418
236869, 4419
236897, 4420
236922, 4421
236976, 4422
237002, 4423
237056, 4424
237085, 4425
237157, 4426
237184, 4427
237218, 4428
237256, 4429
237286, 4430
237332, 4431
237381, 4432
237410, 4433
237448, 4434
237474, 4435
237511, 4436
237538, 4437
237594, 4438
237623, 4439
237664, 4440
237690, 4441
237746, 4442
237770, 4443
237813, 4444
237837, 4445
237879, 4446
237905, 4447
237946, 4448
237970, 4449
238027, 4450
238045, 4451
238085, 4452
238110, 4453
238164, 4454
238191, 4455
238221, 4456
238246, 4457
238284, 4458
238350, 4459
238381, 4460
238405, 4461
238426, 4462
238464, 4463
238493, 4464
238520, 4465
238586, 4466
238612, 4467
238636, 4468
238691, 4469
238729, 4470
238760, 4471
238783, 4472
238849, 4473
238880, 4474
238905, 4475
238932, 4476
238980, 4477
239011, 4478
239034, 4479
239093, 4480
239132, 4481
239174, 4482
239199, 4483
239222, 4484
239262, 4485
239302, 4486
239342, 4487
239399, 4488
239418, 4489
239455, 4490
239495, 4491
239543, 4492
239563, 4493
239590, 4494
239629, 4495
239660, 4496
239692, 4497
239734, 4498
239764, 4499
239806, 4500
239843, 4501
239871, 4502
239917, 4503
239974, 4504
239998, 4505
240027, 4506
240066, 4507
240098, 4508
240120, 4509
240173, 4510
240202, 4511
240260, 4512
240291, 4513
240316, 4514
240348, 4515
240382, 4516
240419, 4517
240460, 4518
240519, 4519
240541, 4520
240578, 4521
240633, 4522
240662, 4523
240684, 4524
240725, 4525
240753, 4526
240791, 4527
240830, 4528
240868, 4529
240899, 4530
240926, 4531
240974, 4532
241000, 4533
241062, 4534
241092, 4535
241119, 4536
241147, 4537
241183, 4538
241234, 4539
241266, 4540
241314, 4541
241337, 4542
241376, 4543
241424, 4544
241448, 4545
241485, 4546
241512, 4547
241586, 4548
241604, 4549
241623, 4550
241674, 4551
241705, 4552
241732, 4553
241754, 4554
241791, 4555
241830, 4556
241871, 4557
241900, 4558
241947, 4559
241981, 4560
242008, 4561
242091, 4562
242114, 4563
242152, 4564
242178, 4565
242219, 4566
242249, 4567
242294, 4568
242338, 4569
242364, 4570
242393, 4571
242447, 4572
242478, 4573
242502, 4574
242531, 4575
242597, 4576
242624, 4577
242679, 4578
242712, 4579
242738, 4580
242764, 4581
242815, 4582
242842, 4583
242870, 4584
242899, 4585
242940, 4586
242990, 4587
243017, 4588
243081, 4589
243118, 4590
243171, 4591
243206, 4592
243233, 4593
243279, 4594
243307, 4595
243331, 4596
243370, 4597
243410, 4598
243440, 4599
243462, 4600
243535, 4601
243561, 4602
243587, 4603
243615, 4604
243653, 4605
243679, 4606
243731, 4607
243776, 4608
243801, 4609
243824, 4610
243890, 4611
243918, 4612
243943, 4613
244008, 4614
244028, 4615
244058, 4616
244089, 4617
244126, 4618
244154, 4619
244216, 4620
244245, 4621
244268, 4622
244300, 4623
244348, 4624
244374, 4625
244398, 4626
244474, 4627
244491, 4628
244517, 4629
244575, 4630
244597, 4631
244621, 4632
244673, 4633
244697, 4634
244729, 4635
244754, 4636
244827, 4637
244849, 4638
244871, 4639
244924, 4640
244968, 4641
244997, 4642
245042, 4643
245070, 4644
245110, 4645
245138, 4646
245166, 4647
245244, 4648
245265, 4649
245302, 4650
245341, 4651
245366, 4652
245400, 4653
245444, 4654
245483, 4655
245511, 4656
245550, 4657
245588, 4658
245614, 4659
245660, 4660
245714, 4661
245742, 4662
245783, 4663
245828, 4664
245855, 4665
245888, 4666
245934, 4667
245969, 4668
245994, 4669
246044, 4670
246069, 4671
246110, 4672
246182, 4673
246205, 4674
246230, 4675
246282, 4676
246311, 4677
246348, 4678
246378, 4679
246403, 4680
246460, 4681
246486, 4682
246512, 4683
246595, 4684
246623, 4685
246669, 4686
246695, 4687
246721, 4688
246759, 4689
246790, 4690
246814, 4691
246851, 4692
246876, 4693
246903, 4694
246990, 4695
247011, 4696
247036, 4697
247074, 4698
247117, 4699
247147, 4700
247173, 4701
247210, 4702
247261, 4703
247300, 4704
247325, 4705
247363, 4706
247429, 4707
247458, 4708
247500, 4709
247523, 4710
247557, 4711
247599, 4712
247623, 4713
247652, 4714
247694, 4715
247716, 4716
247767, 4717
247806, 4718
247848, 4719
247884, 4720
247908, 4721
247953, 4722
247979, 4723
248032, 4724
248059, 4725
248084, 4726
248157, 4727
248179, 4728
248213, 4729
248250, 4730
248274, 4731
248332, 4732
248353, 4733
248396, 4734
248441, 4735
248468, 4736
248493, 4737
248547, 4738
248574, 4739
248616, 4740
248643, 4741
248680, 4742
248706, 4743
248768, 4744
248797, 4745
248821, 4746
248886, 4747
248934, 4748
248955, 4749
248989, 4750
249039, 4751
249069, 4752
249095, 4753
249131, 4754
249198, 4755
249225, 4756
249251, 4757
249299, 4758
249325, 4759
249374, 4760
249397, 4761
249459, 4762
249489, 4763
249548, 4764
249568, 4765
249614, 4766
249643, 4767
249667, 4768
249707, 4769
249731, 4770
249775, 4771
249813, 4772
249872, 4773
249893, 4774
249937, 4775
249981, 4776
250008, 4777
250043, 4778
250080, 4779
250109, 4780
250171, 4781
250193, 4782
250260, 4783
250283, 4784
250325, 4785
250370, 4786
250392, 4787
250432, 4788
250498, 4789
250550, 4790
250582, 4791
250623, 4792
250655, 4793
250697, 4794
250724, 4795
250762, 4796
250792, 4797
250832, 4798
250870, 4799
250899, 4800
250975, 4801
251019, 4802
251046, 4803
251087, 4804
251114, 4805
251181, 4806
251233, 4807
251264, 4808
251301, 4809
251356, 4810
251411, 4811
251445, 4812
251486, 4813
251524, 4814
251566, 4815
251605, 4816
251632, 4817
251672, 4818
251709, 4819
251743, 4820
251782, 4821
251836, 4822
251886, 4823
251904, 4824
251956, 4825
252016, 4826
252038, 4827
252071, 4828
252115, 4829
252144, 4830
252205, 4831
252239, 4832
252270, 4833
252337, 4834
252396, 4835
252416, 4836
252460, 4837
252487, 4838
252525, 4839
252582, 4840
252602, 4841
252638, 4842
252691, 4843
252731, 4844
252779, 4845
252803, 4846
252864, 4847
252934, 4848
252967, 4849
253005, 4850
253028, 4851
253082, 4852
253119, 4853
253163, 4854
253185, 4855
253221, 4856
253278, 4857
253318, 4858
253361, 4859
253386, 4860
253439, 4861
253466, 4862
253514, 4863
253544, 4864
253580, 4865
253617, 4866
253666, 4867
253689, 4868
253740, 4869
253767, 4870
253815, 4871
253834, 4872
253911, 4873
253933, 4874
253989, 4875
254013, 4876
254056, 4877
254120, 4878
254158, 4879
254184, 4880
254224, 4881
254287, 4882
254328, 4883
254366, 4884
254397, 4885
254455, 4886
254496, 4887
254523, 4888
254562, 4889
254604, 4890
254657, 4891
254681, 4892
254721, 4893
254774, 4894
254827, 4895
254863, 4896
254901, 4897
254953, 4898
254987, 4899
255016, 4900
255052, 4901
255093, 4902
255119, 4903
255181, 4904
255221, 4905
255250, 4906
255294, 4907
255367, 4908
255397, 4909
255428, 4910
255460, 4911
255517, 4912
255541, 4913
255591, 4914
255634, 4915
255680, 4916
255756, 4917
255795, 4918
255851, 4919
255892, 4920
255932, 4921
255974, 4922
256034, 4923
256063, 4924
256101, 4925
256152, 4926
256172, 4927
256210, 4928
256263, 4929
256291, 4930
256353, 4931
256397, 4932
256439, 4933
256475, 4934
256517, 4935
256585, 4936
256623, 4937
256675, 4938
256728, 4939
256755, 4940
256810, 4941
256852, 4942
256913, 4943
256992, 4944
257034, 4945
257097, 4946
257151, 4947
257212, 4948
257231, 4949
257299, 4950
257335, 4951
257409, 4952
257436, 4953
257483, 4954
257560, 4955
257580, 4956
257658, 4957
257701, 4958
257766, 4959
257798, 4960
257830, 4961
257881, 4962
257918, 4963
257955, 4964
258014, 4965
258056, 4966
258090, 4967
258171, 4968
258236, 4969
258297, 4970
258355, 4971
258390, 4972
258450, 4973
258532, 4974
258555, 4975
258600, 4976
258656, 4977
258795, 4978
258843, 4979
258878, 4980
258947, 4981
259040, 4982
259063, 4983
259100, 4984
259148, 4985
259179, 4986
259247, 4987
259286, 4988
259346, 4989
259405, 4990
259461, 4991
259548, 4992
259624, 4993
259680, 4994
259754, 4995
259801, 4996
259835, 4997
259903, 4998
259941, 4999
259978, 5000
