87096, 1
87147, 2
87193, 3
87234, 4
87284, 5
87332, 6
87381, 7
87424, 8
87467, 9
87494, 10
87521, 11
87562, 12
87593, 13
87620, 14
87661, 15
87734, 16
87766, 17
87792, 18
87835, 19
87857, 20
87902, 21
87930, 22
87955, 23
88006, 24
88035, 25
88061, 26
88102, 27
88129, 28
88168, 29
88195, 30
88235, 31
88264, 32
88287, 33
88342, 34
88371, 35
88425, 36
88452, 37
88479, 38
88522, 39
88553, 40
88582, 41
88608, 42
88651, 43
88687, 44
88711, 45
88751, 46
88776, 47
88818, 48
88849, 49
88875, 50
88923, 51
88948, 52
88975, 53
89021, 54
89050, 55
89076, 56
89105, 57
89163, 58
89189, 59
89233, 60
89256, 61
89299, 62
89325, 63
89365, 64
89389, 65
89430, 66
89472, 67
89498, 68
89525, 69
89571, 70
89593, 71
89637, 72
89661, 73
89701, 74
89730, 75
89772, 76
89800, 77
89837, 78
89862, 79
89901, 80
89930, 81
89986, 82
90009, 83
90034, 84
90079, 85
90107, 86
90134, 87
90173, 88
90212, 89
90241, 90
90266, 91
90304, 92
90332, 93
90376, 94
90401, 95
90447, 96
90474, 97
90501, 98
90545, 99
90568, 100
90619, 101
90650, 102
90692, 103
90721, 104
90746, 105
90778, 106
90806, 107
90858, 108
90882, 109
90906, 110
90953, 111
90973, 112
91019, 113
91042, 114
91087, 115
91114, 116
91154, 117
91180, 118
91223, 119
91252, 120
91292, 121
91403, 122
91443, 123
91470, 124
91509, 125
91536, 126
91576, 127
91603, 128
91642, 129
91670, 130
91710, 131
91740, 132
91779, 133
91807, 134
91835, 135
91876, 136
91920, 137
91971, 138
92001, 139
92026, 140
92054, 141
92091, 142
92134, 143
92158, 144
92203, 145
92225, 146
92257, 147
92296, 148
92325, 149
92353, 150
92396, 151
92434, 152
92465, 153
92492, 154
92532, 155
92561, 156
92604, 157
92642, 158
92660, 159
92700, 160
92746, 161
92774, 162
92808, 163
92836, 164
92874, 165
92899, 166
92943, 167
92967, 168
93009, 169
93032, 170
93077, 171
93106, 172
93133, 173
93161, 174
93202, 175
93243, 176
93270, 177
93297, 178
93343, 179
93390, 180
93416, 181
93455, 182
93484, 183
93510, 184
93552, 185
93579, 186
93619, 187
93645, 188
93692, 189
93717, 190
93742, 191
93786, 192
93813, 193
93854, 194
93883, 195
93911, 196
93955, 197
93983, 198
94009, 199
94052, 200
94111, 201
94135, 202
94158, 203
94196, 204
94235, 205
94260, 206
94304, 207
94330, 208
94359, 209
94400, 210
94426, 211
94467, 212
94499, 213
94526, 214
94580, 215
94606, 216
94632, 217
94673, 218
94697, 219
94724, 220
94765, 221
94805, 222
94871, 223
94890, 224
94930, 225
94954, 226
94998, 227
95025, 228
95057, 229
95083, 230
95137, 231
95166, 232
95194, 233
95218, 234
95260, 235
95290, 236
95316, 237
95359, 238
95385, 239
95428, 240
95446, 241
95500, 242
95550, 243
95577, 244
95603, 245
95646, 246
95670, 247
95710, 248
95737, 249
95769, 250
95793, 251
95844, 252
95871, 253
95910, 254
95934, 255
95974, 256
96000, 257
96042, 258
96069, 259
96110, 260
96131, 261
96179, 262
96195, 263
96236, 264
96297, 265
96319, 266
96361, 267
96389, 268
96415, 269
96458, 270
96485, 271
96527, 272
96553, 273
96581, 274
96621, 275
96661, 276
96684, 277
96725, 278
96752, 279
96784, 280
96806, 281
96861, 282
96890, 283
96920, 284
96946, 285
97008, 286
97028, 287
97066, 288
97106, 289
97132, 290
97160, 291
97188, 292
97239, 293
97269, 294
97306, 295
97333, 296
97373, 297
97398, 298
97438, 299
97467, 300
97501, 301
97533, 302
97572, 303
97601, 304
97630, 305
97669, 306
97698, 307
97724, 308
97782, 309
97810, 310
97839, 311
97864, 312
97892, 313
97934, 314
97978, 315
98002, 316
98049, 317
98074, 318
98099, 319
98140, 320
98166, 321
98204, 322
98229, 323
98273, 324
98297, 325
98338, 326
98367, 327
98411, 328
98437, 329
98462, 330
98524, 331
98546, 332
98571, 333
98612, 334
98635, 335
98678, 336
98706, 337
98731, 338
98782, 339
98810, 340
98841, 341
98867, 342
98910, 343
98935, 344
98980, 345
99005, 346
99049, 347
99076, 348
99104, 349
99147, 350
99175, 351
99202, 352
99244, 353
99303, 354
99328, 355
99354, 356
99395, 357
99424, 358
99467, 359
99494, 360
99523, 361
99564, 362
99592, 363
99624, 364
99646, 365
99700, 366
99723, 367
99764, 368
99780, 369
99832, 370
99859, 371
99900, 372
99927, 373
99954, 374
99995, 375
100024, 376
100065, 377
100083, 378
100134, 379
100163, 380
100209, 381
100231, 382
100273, 383
100301, 384
100318, 385
100375, 386
100400, 387
100427, 388
100467, 389
100494, 390
100535, 391
100563, 392
100602, 393
100631, 394
100672, 395
100698, 396
100722, 397
100778, 398
100801, 399
100831, 400
100877, 401
100901, 402
100927, 403
100970, 404
100998, 405
101027, 406
101069, 407
101093, 408
101136, 409
101162, 410
101195, 411
101234, 412
101265, 413
101301, 414
101346, 415
101373, 416
101401, 417
101429, 418
101490, 419
101509, 420
101547, 421
101576, 422
101615, 423
101641, 424
101680, 425
101708, 426
101750, 427
101779, 428
101807, 429
101848, 430
101875, 431
101902, 432
101944, 433
101983, 434
102007, 435
102052, 436
102080, 437
102121, 438
102169, 439
102196, 440
102216, 441
102257, 442
102297, 443
102322, 444
102363, 445
102394, 446
102433, 447
102461, 448
102499, 449
102515, 450
102570, 451
102587, 452
102628, 453
102669, 454
102697, 455
102724, 456
102765, 457
102794, 458
102822, 459
102863, 460
102919, 461
102945, 462
102974, 463
103004, 464
103030, 465
103059, 466
103100, 467
103128, 468
103156, 469
103196, 470
103226, 471
103273, 472
103296, 473
103322, 474
103363, 475
103396, 476
103419, 477
103461, 478
103506, 479
103533, 480
103558, 481
103584, 482
103657, 483
103686, 484
103713, 485
103738, 486
103783, 487
103807, 488
103846, 489
103889, 490
103915, 491
103939, 492
103980, 493
104007, 494
104046, 495
104074, 496
104115, 497
104149, 498
104174, 499
104211, 500
104240, 501
104285, 502
104309, 503
104365, 504
104393, 505
104421, 506
104449, 507
104465, 508
104523, 509
104548, 510
104575, 511
104616, 512
104643, 513
104686, 514
104715, 515
104745, 516
104771, 517
104815, 518
104840, 519
104878, 520
104917, 521
104944, 522
104985, 523
105012, 524
105039, 525
105094, 526
105123, 527
105145, 528
105187, 529
105218, 530
105245, 531
105287, 532
105312, 533
105355, 534
105383, 535
105428, 536
105452, 537
105480, 538
105521, 539
105550, 540
105581, 541
105623, 542
105650, 543
105687, 544
105717, 545
105764, 546
105787, 547
105831, 548
105867, 549
105906, 550
105932, 551
105961, 552
105999, 553
106029, 554
106053, 555
106107, 556
106138, 557
106165, 558
106190, 559
106233, 560
106273, 561
106301, 562
106332, 563
106358, 564
106398, 565
106441, 566
106490, 567
106507, 568
106548, 569
106574, 570
106613, 571
106639, 572
106682, 573
106707, 574
106752, 575
106777, 576
106814, 577
106840, 578
106879, 579
106909, 580
106947, 581
106975, 582
106998, 583
107055, 584
107082, 585
107111, 586
107137, 587
107191, 588
107250, 589
107282, 590
107318, 591
107345, 592
107373, 593
107415, 594
107441, 595
107474, 596
107509, 597
107535, 598
107576, 599
107613, 600
107641, 601
107681, 602
107709, 603
107740, 604
107782, 605
107810, 606
107836, 607
107884, 608
107909, 609
107987, 610
108010, 611
108032, 612
108072, 613
108111, 614
108140, 615
108168, 616
108209, 617
108227, 618
108278, 619
108307, 620
108335, 621
108376, 622
108402, 623
108441, 624
108481, 625
108504, 626
108531, 627
108577, 628
108613, 629
108656, 630
108683, 631
108713, 632
108738, 633
108782, 634
108819, 635
108838, 636
108889, 637
108914, 638
108944, 639
108984, 640
109020, 641
109046, 642
109087, 643
109127, 644
109157, 645
109202, 646
109225, 647
109267, 648
109294, 649
109337, 650
109367, 651
109392, 652
109435, 653
109464, 654
109493, 655
109531, 656
109559, 657
109603, 658
109634, 659
109657, 660
109698, 661
109731, 662
109764, 663
109806, 664
109832, 665
109879, 666
109902, 667
109954, 668
109978, 669
110007, 670
110046, 671
110065, 672
110118, 673
110145, 674
110172, 675
110213, 676
110243, 677
110288, 678
110318, 679
110339, 680
110380, 681
110409, 682
110451, 683
110496, 684
110522, 685
110547, 686
110589, 687
110618, 688
110646, 689
110688, 690
110717, 691
110757, 692
110784, 693
110811, 694
110854, 695
110883, 696
110927, 697
110955, 698
110982, 699
111055, 700
111075, 701
111102, 702
111143, 703
111170, 704
111209, 705
111235, 706
111273, 707
111313, 708
111342, 709
111370, 710
111413, 711
111440, 712
111468, 713
111508, 714
111539, 715
111564, 716
111606, 717
111647, 718
111668, 719
111721, 720
111743, 721
111781, 722
111807, 723
111849, 724
111876, 725
111899, 726
111942, 727
111981, 728
112011, 729
112038, 730
112082, 731
112113, 732
112160, 733
112184, 734
112223, 735
112251, 736
112291, 737
112318, 738
112347, 739
112388, 740
112430, 741
112454, 742
112497, 743
112523, 744
112562, 745
112587, 746
112628, 747
112654, 748
112697, 749
112723, 750
112751, 751
112806, 752
112830, 753
112875, 754
112900, 755
112928, 756
112958, 757
112998, 758
113027, 759
113071, 760
113096, 761
113139, 762
113165, 763
113196, 764
113222, 765
113263, 766
113307, 767
113342, 768
113364, 769
113404, 770
113431, 771
113475, 772
113505, 773
113528, 774
113570, 775
113611, 776
113627, 777
113668, 778
113710, 779
113740, 780
113769, 781
113799, 782
113832, 783
113901, 784
113931, 785
113959, 786
113986, 787
114012, 788
114043, 789
114085, 790
114116, 791
114141, 792
114181, 793
114208, 794
114252, 795
114278, 796
114313, 797
114339, 798
114389, 799
114428, 800
114459, 801
114487, 802
114532, 803
114559, 804
114585, 805
114631, 806
114656, 807
114683, 808
114725, 809
114755, 810
114793, 811
114823, 812
114866, 813
114898, 814
114938, 815
114961, 816
115001, 817
115028, 818
115055, 819
115097, 820
115132, 821
115160, 822
115204, 823
115226, 824
115255, 825
115296, 826
115337, 827
115366, 828
115395, 829
115436, 830
115465, 831
115508, 832
115532, 833
115575, 834
115604, 835
115643, 836
115670, 837
115713, 838
115744, 839
115769, 840
115809, 841
115841, 842
115867, 843
115909, 844
115937, 845
115977, 846
116027, 847
116045, 848
116088, 849
116131, 850
116159, 851
116186, 852
116227, 853
116245, 854
116284, 855
116330, 856
116352, 857
116394, 858
116421, 859
116451, 860
116494, 861
116520, 862
116560, 863
116579, 864
116663, 865
116687, 866
116713, 867
116731, 868
116770, 869
116798, 870
116842, 871
116869, 872
116897, 873
116925, 874
116967, 875
117007, 876
117028, 877
117064, 878
117107, 879
117152, 880
117175, 881
117217, 882
117234, 883
117274, 884
117316, 885
117344, 886
117371, 887
117399, 888
117443, 889
117467, 890
117512, 891
117537, 892
117580, 893
117611, 894
117651, 895
117677, 896
117718, 897
117748, 898
117774, 899
117814, 900
117848, 901
117872, 902
117912, 903
117955, 904
117981, 905
118010, 906
118054, 907
118081, 908
118127, 909
118149, 910
118193, 911
118220, 912
118261, 913
118289, 914
118331, 915
118362, 916
118398, 917
118426, 918
118470, 919
118497, 920
118530, 921
118554, 922
118606, 923
118652, 924
118673, 925
118719, 926
118746, 927
118774, 928
118798, 929
118851, 930
118877, 931
118903, 932
118947, 933
118987, 934
119016, 935
119053, 936
119082, 937
119111, 938
119141, 939
119179, 940
119251, 941
119279, 942
119308, 943
119333, 944
119361, 945
119403, 946
119432, 947
119462, 948
119500, 949
119542, 950
119569, 951
119597, 952
119628, 953
119668, 954
119717, 955
119749, 956
119779, 957
119805, 958
119846, 959
119875, 960
119917, 961
119949, 962
119973, 963
120016, 964
120042, 965
120083, 966
120107, 967
120148, 968
120176, 969
120216, 970
120246, 971
120274, 972
120329, 973
120345, 974
120384, 975
120400, 976
120458, 977
120486, 978
120513, 979
120549, 980
120592, 981
120614, 982
120656, 983
120685, 984
120717, 985
120745, 986
120779, 987
120808, 988
120848, 989
120886, 990
120927, 991
120954, 992
120993, 993
121018, 994
121058, 995
121087, 996
121129, 997
121157, 998
121200, 999
121228, 1000
121254, 1001
121282, 1002
121322, 1003
121351, 1004
121395, 1005
121422, 1006
121479, 1007
121506, 1008
121531, 1009
121559, 1010
121604, 1011
121628, 1012
121673, 1013
121698, 1014
121738, 1015
121762, 1016
121803, 1017
121828, 1018
121869, 1019
121897, 1020
121936, 1021
121966, 1022
122033, 1023
122053, 1024
122104, 1025
122131, 1026
122158, 1027
122200, 1028
122227, 1029
122271, 1030
122300, 1031
122325, 1032
122366, 1033
122395, 1034
122424, 1035
122469, 1036
122510, 1037
122531, 1038
122572, 1039
122600, 1040
122640, 1041
122664, 1042
122706, 1043
122733, 1044
122775, 1045
122800, 1046
122844, 1047
122870, 1048
122896, 1049
122940, 1050
122971, 1051
123005, 1052
123045, 1053
123091, 1054
123115, 1055
123154, 1056
123192, 1057
123218, 1058
123263, 1059
123286, 1060
123327, 1061
123359, 1062
123383, 1063
123410, 1064
123465, 1065
123499, 1066
123521, 1067
123559, 1068
123583, 1069
123625, 1070
123650, 1071
123685, 1072
123725, 1073
123748, 1074
123790, 1075
123830, 1076
123858, 1077
123890, 1078
123912, 1079
123955, 1080
123997, 1081
124025, 1082
124049, 1083
124089, 1084
124128, 1085
124156, 1086
124184, 1087
124235, 1088
124262, 1089
124306, 1090
124329, 1091
124373, 1092
124405, 1093
124428, 1094
124473, 1095
124500, 1096
124536, 1097
124575, 1098
124602, 1099
124630, 1100
124669, 1101
124700, 1102
124740, 1103
124780, 1104
124857, 1105
124877, 1106
124929, 1107
124958, 1108
124987, 1109
125027, 1110
125055, 1111
125083, 1112
125125, 1113
125151, 1114
125191, 1115
125216, 1116
125260, 1117
125286, 1118
125328, 1119
125370, 1120
125390, 1121
125436, 1122
125476, 1123
125500, 1124
125541, 1125
125569, 1126
125597, 1127
125639, 1128
125665, 1129
125705, 1130
125731, 1131
125772, 1132
125799, 1133
125823, 1134
125865, 1135
125904, 1136
125952, 1137
125973, 1138
126004, 1139
126043, 1140
126073, 1141
126113, 1142
126144, 1143
126178, 1144
126205, 1145
126243, 1146
126287, 1147
126312, 1148
126340, 1149
126374, 1150
126412, 1151
126441, 1152
126493, 1153
126519, 1154
126551, 1155
126588, 1156
126615, 1157
126658, 1158
126689, 1159
126713, 1160
126750, 1161
126790, 1162
126814, 1163
126854, 1164
126885, 1165
126909, 1166
126951, 1167
126989, 1168
127036, 1169
127058, 1170
127098, 1171
127124, 1172
127162, 1173
127189, 1174
127229, 1175
127258, 1176
127285, 1177
127327, 1178
127368, 1179
127395, 1180
127423, 1181
127465, 1182
127490, 1183
127546, 1184
127600, 1185
127628, 1186
127658, 1187
127685, 1188
127725, 1189
127749, 1190
127789, 1191
127815, 1192
127858, 1193
127884, 1194
127923, 1195
127964, 1196
127993, 1197
128021, 1198
128066, 1199
128086, 1200
128142, 1201
128165, 1202
128204, 1203
128231, 1204
128261, 1205
128302, 1206
128330, 1207
128355, 1208
128423, 1209
128461, 1210
128503, 1211
128559, 1212
128606, 1213
128653, 1214
128677, 1215
128702, 1216
128729, 1217
128755, 1218
128794, 1219
128820, 1220
128846, 1221
128889, 1222
128927, 1223
128954, 1224
128996, 1225
129022, 1226
129050, 1227
129091, 1228
129144, 1229
129170, 1230
129195, 1231
129239, 1232
129265, 1233
129292, 1234
129329, 1235
129370, 1236
129399, 1237
129429, 1238
129455, 1239
129507, 1240
129530, 1241
129572, 1242
129597, 1243
129638, 1244
129682, 1245
129706, 1246
129749, 1247
129778, 1248
129803, 1249
129855, 1250
129882, 1251
129908, 1252
129950, 1253
129975, 1254
130015, 1255
130040, 1256
130070, 1257
130121, 1258
130146, 1259
130191, 1260
130246, 1261
130267, 1262
130294, 1263
130336, 1264
130361, 1265
130399, 1266
130441, 1267
130471, 1268
130499, 1269
130527, 1270
130552, 1271
130608, 1272
130637, 1273
130666, 1274
130693, 1275
130747, 1276
130777, 1277
130802, 1278
130830, 1279
130870, 1280
130895, 1281
130938, 1282
130963, 1283
130993, 1284
131041, 1285
131067, 1286
131086, 1287
131143, 1288
131165, 1289
131194, 1290
131237, 1291
131276, 1292
131306, 1293
131333, 1294
131374, 1295
131404, 1296
131444, 1297
131472, 1298
131502, 1299
131542, 1300
131571, 1301
131598, 1302
131627, 1303
131667, 1304
131709, 1305
131727, 1306
131770, 1307
131823, 1308
131847, 1309
131876, 1310
131904, 1311
131935, 1312
131976, 1313
132003, 1314
132030, 1315
132071, 1316
132113, 1317
132130, 1318
132170, 1319
132214, 1320
132240, 1321
132269, 1322
132312, 1323
132334, 1324
132378, 1325
132418, 1326
132447, 1327
132475, 1328
132516, 1329
132541, 1330
132583, 1331
132608, 1332
132644, 1333
132686, 1334
132703, 1335
132742, 1336
132785, 1337
132813, 1338
132840, 1339
132902, 1340
132929, 1341
132971, 1342
132995, 1343
133035, 1344
133074, 1345
133092, 1346
133147, 1347
133171, 1348
133213, 1349
133230, 1350
133270, 1351
133305, 1352
133327, 1353
133366, 1354
133407, 1355
133435, 1356
133494, 1357
133518, 1358
133547, 1359
133574, 1360
133615, 1361
133659, 1362
133685, 1363
133714, 1364
133761, 1365
133786, 1366
133810, 1367
133853, 1368
133880, 1369
133926, 1370
133950, 1371
133981, 1372
134012, 1373
134047, 1374
134101, 1375
134127, 1376
134151, 1377
134191, 1378
134237, 1379
134258, 1380
134297, 1381
134317, 1382
134368, 1383
134397, 1384
134423, 1385
134468, 1386
134494, 1387
134536, 1388
134564, 1389
134590, 1390
134632, 1391
134651, 1392
134704, 1393
134730, 1394
134759, 1395
134787, 1396
134829, 1397
134857, 1398
134901, 1399
134927, 1400
134967, 1401
134985, 1402
135028, 1403
135082, 1404
135105, 1405
135133, 1406
135174, 1407
135203, 1408
135230, 1409
135273, 1410
135303, 1411
135343, 1412
135370, 1413
135399, 1414
135445, 1415
135469, 1416
135512, 1417
135540, 1418
135566, 1419
135609, 1420
135662, 1421
135702, 1422
135729, 1423
135752, 1424
135795, 1425
135831, 1426
135862, 1427
135900, 1428
135928, 1429
135957, 1430
136002, 1431
136024, 1432
136066, 1433
136093, 1434
136152, 1435
136167, 1436
136207, 1437
136234, 1438
136264, 1439
136307, 1440
136331, 1441
136376, 1442
136401, 1443
136428, 1444
136471, 1445
136502, 1446
136526, 1447
136567, 1448
136610, 1449
136629, 1450
136689, 1451
136719, 1452
136747, 1453
136775, 1454
136816, 1455
136838, 1456
136880, 1457
136905, 1458
136947, 1459
136989, 1460
137014, 1461
137046, 1462
137070, 1463
137112, 1464
137152, 1465
137182, 1466
137229, 1467
137250, 1468
137305, 1469
137339, 1470
137375, 1471
137405, 1472
137427, 1473
137468, 1474
137504, 1475
137536, 1476
137575, 1477
137600, 1478
137641, 1479
137668, 1480
137696, 1481
137738, 1482
137767, 1483
137793, 1484
137853, 1485
137879, 1486
137902, 1487
137943, 1488
137981, 1489
138008, 1490
138033, 1491
138074, 1492
138102, 1493
138141, 1494
138185, 1495
138213, 1496
138237, 1497
138280, 1498
138308, 1499
138347, 1500
138379, 1501
138431, 1502
138452, 1503
138511, 1504
138533, 1505
138561, 1506
138600, 1507
138630, 1508
138658, 1509
138698, 1510
138727, 1511
138767, 1512
138796, 1513
138823, 1514
138868, 1515
138893, 1516
138937, 1517
138962, 1518
139004, 1519
139038, 1520
139062, 1521
139101, 1522
139144, 1523
139171, 1524
139199, 1525
139243, 1526
139269, 1527
139311, 1528
139340, 1529
139368, 1530
139396, 1531
139455, 1532
139476, 1533
139519, 1534
139549, 1535
139578, 1536
139603, 1537
139644, 1538
139673, 1539
139719, 1540
139744, 1541
139783, 1542
139813, 1543
139838, 1544
139882, 1545
139906, 1546
139947, 1547
139971, 1548
140029, 1549
140052, 1550
140083, 1551
140106, 1552
140147, 1553
140191, 1554
140218, 1555
140245, 1556
140285, 1557
140313, 1558
140355, 1559
140387, 1560
140410, 1561
140454, 1562
140481, 1563
140526, 1564
140569, 1565
140604, 1566
140633, 1567
140662, 1568
140690, 1569
140731, 1570
140763, 1571
140791, 1572
140825, 1573
140866, 1574
140891, 1575
140933, 1576
140960, 1577
140996, 1578
141025, 1579
141102, 1580
141128, 1581
141156, 1582
141185, 1583
141226, 1584
141252, 1585
141290, 1586
141329, 1587
141357, 1588
141386, 1589
141427, 1590
141454, 1591
141499, 1592
141526, 1593
141552, 1594
141608, 1595
141635, 1596
141665, 1597
141689, 1598
141722, 1599
141758, 1600
141784, 1601
141822, 1602
141863, 1603
141890, 1604
141921, 1605
141958, 1606
141984, 1607
142026, 1608
142055, 1609
142104, 1610
142125, 1611
142165, 1612
142195, 1613
142223, 1614
142252, 1615
142302, 1616
142324, 1617
142365, 1618
142394, 1619
142420, 1620
142449, 1621
142503, 1622
142525, 1623
142568, 1624
142595, 1625
142643, 1626
142665, 1627
142684, 1628
142739, 1629
142766, 1630
142791, 1631
142833, 1632
142862, 1633
142889, 1634
142932, 1635
142963, 1636
142991, 1637
143042, 1638
143067, 1639
143095, 1640
143124, 1641
143183, 1642
143204, 1643
143245, 1644
143270, 1645
143297, 1646
143346, 1647
143386, 1648
143406, 1649
143447, 1650
143475, 1651
143502, 1652
143547, 1653
143570, 1654
143612, 1655
143631, 1656
143685, 1657
143712, 1658
143756, 1659
143803, 1660
143829, 1661
143870, 1662
143894, 1663
143936, 1664
143977, 1665
144003, 1666
144045, 1667
144076, 1668
144103, 1669
144140, 1670
144171, 1671
144209, 1672
144252, 1673
144277, 1674
144307, 1675
144347, 1676
144389, 1677
144418, 1678
144442, 1679
144494, 1680
144522, 1681
144549, 1682
144575, 1683
144620, 1684
144646, 1685
144686, 1686
144726, 1687
144753, 1688
144778, 1689
144819, 1690
144857, 1691
144898, 1692
144927, 1693
144961, 1694
144992, 1695
145033, 1696
145063, 1697
145088, 1698
145130, 1699
145158, 1700
145202, 1701
145231, 1702
145257, 1703
145293, 1704
145335, 1705
145359, 1706
145403, 1707
145428, 1708
145455, 1709
145491, 1710
145549, 1711
145577, 1712
145607, 1713
145633, 1714
145673, 1715
145699, 1716
145728, 1717
145770, 1718
145815, 1719
145839, 1720
145867, 1721
145915, 1722
145941, 1723
145966, 1724
146005, 1725
146042, 1726
146068, 1727
146110, 1728
146135, 1729
146182, 1730
146221, 1731
146243, 1732
146287, 1733
146313, 1734
146341, 1735
146381, 1736
146421, 1737
146450, 1738
146484, 1739
146524, 1740
146553, 1741
146580, 1742
146624, 1743
146651, 1744
146690, 1745
146719, 1746
146747, 1747
146778, 1748
146829, 1749
146891, 1750
146909, 1751
146949, 1752
146977, 1753
147018, 1754
147043, 1755
147082, 1756
147111, 1757
147150, 1758
147176, 1759
147219, 1760
147247, 1761
147275, 1762
147318, 1763
147345, 1764
147374, 1765
147415, 1766
147470, 1767
147501, 1768
147527, 1769
147553, 1770
147586, 1771
147626, 1772
147651, 1773
147692, 1774
147720, 1775
147752, 1776
147778, 1777
147816, 1778
147856, 1779
147882, 1780
147922, 1781
147950, 1782
147990, 1783
148016, 1784
148071, 1785
148101, 1786
148125, 1787
148151, 1788
148194, 1789
148224, 1790
148250, 1791
148293, 1792
148322, 1793
148348, 1794
148396, 1795
148423, 1796
148465, 1797
148489, 1798
148529, 1799
148555, 1800
148612, 1801
148640, 1802
148674, 1803
148701, 1804
148726, 1805
148761, 1806
148800, 1807
148829, 1808
148868, 1809
148893, 1810
148935, 1811
148962, 1812
149004, 1813
149031, 1814
149058, 1815
149100, 1816
149130, 1817
149156, 1818
149202, 1819
149248, 1820
149275, 1821
149301, 1822
149344, 1823
149369, 1824
149394, 1825
149434, 1826
149477, 1827
149504, 1828
149532, 1829
149572, 1830
149591, 1831
149644, 1832
149672, 1833
149699, 1834
149748, 1835
149810, 1836
149850, 1837
149877, 1838
149919, 1839
149949, 1840
149976, 1841
150018, 1842
150046, 1843
150075, 1844
150115, 1845
150143, 1846
150185, 1847
150213, 1848
150242, 1849
150287, 1850
150325, 1851
150365, 1852
150399, 1853
150423, 1854
150467, 1855
150491, 1856
150530, 1857
150562, 1858
150588, 1859
150631, 1860
150669, 1861
150703, 1862
150725, 1863
150768, 1864
150807, 1865
150837, 1866
150866, 1867
150907, 1868
150936, 1869
150965, 1870
151009, 1871
151037, 1872
151061, 1873
151103, 1874
151144, 1875
151172, 1876
151202, 1877
151242, 1878
151260, 1879
151307, 1880
151357, 1881
151378, 1882
151417, 1883
151457, 1884
151485, 1885
151511, 1886
151552, 1887
151577, 1888
151618, 1889
151655, 1890
151684, 1891
151707, 1892
151762, 1893
151788, 1894
151814, 1895
151856, 1896
151900, 1897
151924, 1898
151971, 1899
151996, 1900
152026, 1901
152063, 1902
152104, 1903
152133, 1904
152161, 1905
152190, 1906
152242, 1907
152266, 1908
152306, 1909
152332, 1910
152378, 1911
152403, 1912
152429, 1913
152504, 1914
152521, 1915
152559, 1916
152596, 1917
152624, 1918
152666, 1919
152693, 1920
152721, 1921
152762, 1922
152786, 1923
152825, 1924
152865, 1925
152891, 1926
152918, 1927
152956, 1928
153001, 1929
153029, 1930
153064, 1931
153103, 1932
153141, 1933
153168, 1934
153199, 1935
153232, 1936
153274, 1937
153301, 1938
153331, 1939
153377, 1940
153400, 1941
153427, 1942
153469, 1943
153510, 1944
153540, 1945
153572, 1946
153611, 1947
153632, 1948
153676, 1949
153702, 1950
153742, 1951
153781, 1952
153811, 1953
153836, 1954
153860, 1955
153913, 1956
153937, 1957
153976, 1958
154004, 1959
154046, 1960
154071, 1961
154118, 1962
154160, 1963
154187, 1964
154215, 1965
154242, 1966
154283, 1967
154310, 1968
154348, 1969
154389, 1970
154422, 1971
154449, 1972
154474, 1973
154515, 1974
154543, 1975
154582, 1976
154618, 1977
154649, 1978
154686, 1979
154723, 1980
154768, 1981
154793, 1982
154834, 1983
154863, 1984
154891, 1985
154931, 1986
154960, 1987
154989, 1988
155030, 1989
155060, 1990
155089, 1991
155126, 1992
155169, 1993
155232, 1994
155250, 1995
155292, 1996
155319, 1997
155361, 1998
155386, 1999
155426, 2000
155453, 2001
155493, 2002
155520, 2003
155546, 2004
155574, 2005
155628, 2006
155648, 2007
155697, 2008
155715, 2009
155778, 2010
155807, 2011
155835, 2012
155863, 2013
155904, 2014
155944, 2015
155969, 2016
155993, 2017
156035, 2018
156074, 2019
156103, 2020
156133, 2021
156172, 2022
156215, 2023
156242, 2024
156269, 2025
156310, 2026
156355, 2027
156379, 2028
156408, 2029
156448, 2030
156480, 2031
156517, 2032
156546, 2033
156588, 2034
156617, 2035
156644, 2036
156686, 2037
156714, 2038
156743, 2039
156785, 2040
156812, 2041
156878, 2042
156905, 2043
156930, 2044
156956, 2045
156984, 2046
157008, 2047
157039, 2048
157086, 2049
157111, 2050
157152, 2051
157178, 2052
157229, 2053
157257, 2054
157273, 2055
157313, 2056
157346, 2057
157383, 2058
157425, 2059
157449, 2060
157491, 2061
157533, 2062
157558, 2063
157596, 2064
157624, 2065
157648, 2066
157705, 2067
157731, 2068
157760, 2069
157785, 2070
157832, 2071
157858, 2072
157885, 2073
157958, 2074
157977, 2075
158016, 2076
158040, 2077
158081, 2078
158109, 2079
158139, 2080
158177, 2081
158219, 2082
158246, 2083
158274, 2084
158300, 2085
158346, 2086
158371, 2087
158412, 2088
158453, 2089
158497, 2090
158522, 2091
158567, 2092
158593, 2093
158620, 2094
158662, 2095
158690, 2096
158718, 2097
158759, 2098
158786, 2099
158829, 2100
158857, 2101
158888, 2102
158930, 2103
158954, 2104
159008, 2105
159035, 2106
159062, 2107
159087, 2108
159130, 2109
159151, 2110
159193, 2111
159234, 2112
159263, 2113
159294, 2114
159317, 2115
159362, 2116
159388, 2117
159429, 2118
159455, 2119
159503, 2120
159541, 2121
159565, 2122
159607, 2123
159644, 2124
159670, 2125
159715, 2126
159740, 2127
159777, 2128
159805, 2129
159833, 2130
159874, 2131
159905, 2132
159947, 2133
159973, 2134
160002, 2135
160059, 2136
160080, 2137
160120, 2138
160147, 2139
160172, 2140
160213, 2141
160252, 2142
160280, 2143
160312, 2144
160335, 2145
160389, 2146
160408, 2147
160434, 2148
160486, 2149
160514, 2150
160541, 2151
160584, 2152
160649, 2153
160668, 2154
160709, 2155
160748, 2156
160777, 2157
160804, 2158
160846, 2159
160883, 2160
160908, 2161
160949, 2162
160976, 2163
161017, 2164
161046, 2165
161073, 2166
161115, 2167
161143, 2168
161185, 2169
161201, 2170
161254, 2171
161284, 2172
161310, 2173
161342, 2174
161389, 2175
161414, 2176
161453, 2177
161480, 2178
161521, 2179
161548, 2180
161575, 2181
161620, 2182
161645, 2183
161684, 2184
161747, 2185
161769, 2186
161796, 2187
161835, 2188
161872, 2189
161902, 2190
161927, 2191
161953, 2192
162005, 2193
162034, 2194
162064, 2195
162089, 2196
162131, 2197
162172, 2198
162203, 2199
162242, 2200
162285, 2201
162309, 2202
162354, 2203
162380, 2204
162408, 2205
162449, 2206
162474, 2207
162514, 2208
162539, 2209
162565, 2210
162622, 2211
162644, 2212
162675, 2213
162717, 2214
162766, 2215
162799, 2216
162832, 2217
162852, 2218
162907, 2219
162932, 2220
162959, 2221
162984, 2222
163036, 2223
163064, 2224
163094, 2225
163123, 2226
163173, 2227
163192, 2228
163231, 2229
163273, 2230
163301, 2231
163370, 2232
163399, 2233
163425, 2234
163479, 2235
163510, 2236
163537, 2237
163562, 2238
163603, 2239
163640, 2240
163666, 2241
163708, 2242
163733, 2243
163775, 2244
163802, 2245
163830, 2246
163889, 2247
163912, 2248
163939, 2249
163985, 2250
164012, 2251
164049, 2252
164078, 2253
164104, 2254
164144, 2255
164183, 2256
164210, 2257
164248, 2258
164278, 2259
164310, 2260
164347, 2261
164376, 2262
164439, 2263
164470, 2264
164511, 2265
164552, 2266
164588, 2267
164613, 2268
164655, 2269
164684, 2270
164718, 2271
164761, 2272
164788, 2273
164813, 2274
164853, 2275
164895, 2276
164920, 2277
164959, 2278
164998, 2279
165035, 2280
165062, 2281
165105, 2282
165135, 2283
165157, 2284
165198, 2285
165239, 2286
165265, 2287
165309, 2288
165336, 2289
165360, 2290
165402, 2291
165427, 2292
165469, 2293
165496, 2294
165545, 2295
165568, 2296
165608, 2297
165639, 2298
165663, 2299
165715, 2300
165739, 2301
165781, 2302
165808, 2303
165833, 2304
165876, 2305
165910, 2306
165931, 2307
165977, 2308
165999, 2309
166040, 2310
166098, 2311
166118, 2312
166159, 2313
166183, 2314
166227, 2315
166255, 2316
166291, 2317
166313, 2318
166361, 2319
166386, 2320
166426, 2321
166451, 2322
166492, 2323
166517, 2324
166558, 2325
166587, 2326
166628, 2327
166673, 2328
166713, 2329
166741, 2330
166764, 2331
166810, 2332
166835, 2333
166875, 2334
166900, 2335
166940, 2336
166979, 2337
167008, 2338
167032, 2339
167075, 2340
167102, 2341
167147, 2342
167171, 2343
167218, 2344
167238, 2345
167291, 2346
167315, 2347
167341, 2348
167383, 2349
167410, 2350
167459, 2351
167501, 2352
167530, 2353
167558, 2354
167585, 2355
167627, 2356
167663, 2357
167688, 2358
167728, 2359
167756, 2360
167817, 2361
167838, 2362
167867, 2363
167893, 2364
167938, 2365
167961, 2366
168002, 2367
168040, 2368
168070, 2369
168096, 2370
168147, 2371
168172, 2372
168198, 2373
168226, 2374
168269, 2375
168300, 2376
168326, 2377
168368, 2378
168425, 2379
168448, 2380
168477, 2381
168508, 2382
168546, 2383
168576, 2384
168616, 2385
168645, 2386
168673, 2387
168718, 2388
168741, 2389
168784, 2390
168812, 2391
168842, 2392
168880, 2393
168909, 2394
168949, 2395
168977, 2396
169035, 2397
169082, 2398
169108, 2399
169148, 2400
169189, 2401
169206, 2402
169245, 2403
169286, 2404
169315, 2405
169342, 2406
169382, 2407
169413, 2408
169452, 2409
169469, 2410
169524, 2411
169551, 2412
169578, 2413
169623, 2414
169669, 2415
169699, 2416
169725, 2417
169749, 2418
169802, 2419
169830, 2420
169859, 2421
169884, 2422
169924, 2423
169968, 2424
169998, 2425
170024, 2426
170064, 2427
170092, 2428
170134, 2429
170157, 2430
170218, 2431
170243, 2432
170265, 2433
170307, 2434
170331, 2435
170374, 2436
170402, 2437
170430, 2438
170485, 2439
170513, 2440
170538, 2441
170568, 2442
170607, 2443
170627, 2444
170680, 2445
170706, 2446
170733, 2447
170778, 2448
170803, 2449
170841, 2450
170886, 2451
170912, 2452
170939, 2453
170977, 2454
171004, 2455
171045, 2456
171074, 2457
171102, 2458
171148, 2459
171173, 2460
171214, 2461
171239, 2462
171280, 2463
171308, 2464
171336, 2465
171365, 2466
171417, 2467
171443, 2468
171471, 2469
171530, 2470
171555, 2471
171584, 2472
171613, 2473
171640, 2474
171681, 2475
171722, 2476
171750, 2477
171779, 2478
171809, 2479
171849, 2480
171888, 2481
171919, 2482
171946, 2483
171987, 2484
172016, 2485
172056, 2486
172076, 2487
172115, 2488
172155, 2489
172176, 2490
172209, 2491
172252, 2492
172295, 2493
172324, 2494
172349, 2495
172390, 2496
172433, 2497
172462, 2498
172494, 2499
172517, 2500
172557, 2501
172589, 2502
172614, 2503
172656, 2504
172686, 2505
172726, 2506
172753, 2507
172796, 2508
172827, 2509
172881, 2510
172905, 2511
172949, 2512
172976, 2513
173006, 2514
173043, 2515
173083, 2516
173108, 2517
173146, 2518
173176, 2519
173202, 2520
173245, 2521
173271, 2522
173311, 2523
173350, 2524
173373, 2525
173419, 2526
173457, 2527
173484, 2528
173511, 2529
173552, 2530
173590, 2531
173634, 2532
173660, 2533
173687, 2534
173723, 2535
173763, 2536
173788, 2537
173815, 2538
173856, 2539
173895, 2540
173923, 2541
173957, 2542
174005, 2543
174032, 2544
174057, 2545
174083, 2546
174126, 2547
174151, 2548
174193, 2549
174219, 2550
174255, 2551
174297, 2552
174319, 2553
174360, 2554
174386, 2555
174436, 2556
174464, 2557
174492, 2558
174550, 2559
174576, 2560
174606, 2561
174631, 2562
174673, 2563
174701, 2564
174742, 2565
174770, 2566
174800, 2567
174841, 2568
174868, 2569
174909, 2570
174937, 2571
174965, 2572
175009, 2573
175036, 2574
175081, 2575
175109, 2576
175145, 2577
175169, 2578
175209, 2579
175235, 2580
175278, 2581
175304, 2582
175344, 2583
175361, 2584
175414, 2585
175441, 2586
175472, 2587
175495, 2588
175544, 2589
175565, 2590
175606, 2591
175647, 2592
175677, 2593
175704, 2594
175764, 2595
175788, 2596
175817, 2597
175841, 2598
175883, 2599
175917, 2600
175941, 2601
175984, 2602
176026, 2603
176051, 2604
176078, 2605
176122, 2606
176150, 2607
176179, 2608
176220, 2609
176248, 2610
176288, 2611
176308, 2612
176386, 2613
176403, 2614
176444, 2615
176472, 2616
176515, 2617
176541, 2618
176580, 2619
176599, 2620
176643, 2621
176668, 2622
176704, 2623
176746, 2624
176772, 2625
176797, 2626
176839, 2627
176876, 2628
176924, 2629
176943, 2630
176984, 2631
177012, 2632
177040, 2633
177070, 2634
177109, 2635
177151, 2636
177181, 2637
177211, 2638
177235, 2639
177277, 2640
177315, 2641
177342, 2642
177383, 2643
177408, 2644
177464, 2645
177487, 2646
177515, 2647
177554, 2648
177584, 2649
177613, 2650
177655, 2651
177681, 2652
177721, 2653
177751, 2654
177780, 2655
177808, 2656
177848, 2657
177893, 2658
177918, 2659
177947, 2660
178004, 2661
178028, 2662
178071, 2663
178098, 2664
178130, 2665
178165, 2666
178203, 2667
178228, 2668
178269, 2669
178295, 2670
178339, 2671
178364, 2672
178405, 2673
178424, 2674
178473, 2675
178490, 2676
178554, 2677
178573, 2678
178598, 2679
178640, 2680
178670, 2681
178695, 2682
178739, 2683
178765, 2684
178807, 2685
178836, 2686
178878, 2687
178906, 2688
178935, 2689
178974, 2690
178996, 2691
179048, 2692
179095, 2693
179122, 2694
179149, 2695
179178, 2696
179217, 2697
179248, 2698
179273, 2699
179327, 2700
179352, 2701
179377, 2702
179419, 2703
179448, 2704
179473, 2705
179525, 2706
179579, 2707
179615, 2708
179643, 2709
179673, 2710
179699, 2711
179743, 2712
179783, 2713
179808, 2714
179847, 2715
179872, 2716
179916, 2717
179940, 2718
179987, 2719
180007, 2720
180035, 2721
180073, 2722
180114, 2723
180139, 2724
180179, 2725
180206, 2726
180244, 2727
180273, 2728
180316, 2729
180342, 2730
180382, 2731
180417, 2732
180437, 2733
180479, 2734
180508, 2735
180534, 2736
180576, 2737
180607, 2738
180633, 2739
180674, 2740
180718, 2741
180744, 2742
180773, 2743
180811, 2744
180857, 2745
180893, 2746
180917, 2747
180959, 2748
180998, 2749
181025, 2750
181053, 2751
181097, 2752
181122, 2753
181162, 2754
181191, 2755
181220, 2756
181267, 2757
181285, 2758
181341, 2759
181366, 2760
181403, 2761
181430, 2762
181472, 2763
181499, 2764
181526, 2765
181565, 2766
181608, 2767
181639, 2768
181700, 2769
181729, 2770
181757, 2771
181798, 2772
181823, 2773
181863, 2774
181900, 2775
181930, 2776
181968, 2777
181995, 2778
182034, 2779
182073, 2780
182098, 2781
182131, 2782
182170, 2783
182194, 2784
182234, 2785
182275, 2786
182301, 2787
182326, 2788
182367, 2789
182405, 2790
182433, 2791
182462, 2792
182506, 2793
182527, 2794
182567, 2795
182611, 2796
182638, 2797
182666, 2798
182695, 2799
182735, 2800
182763, 2801
182790, 2802
182831, 2803
182862, 2804
182902, 2805
182931, 2806
182972, 2807
183004, 2808
183043, 2809
183082, 2810
183109, 2811
183152, 2812
183180, 2813
183211, 2814
183236, 2815
183282, 2816
183304, 2817
183348, 2818
183377, 2819
183403, 2820
183462, 2821
183485, 2822
183527, 2823
183556, 2824
183583, 2825
183616, 2826
183652, 2827
183689, 2828
183714, 2829
183759, 2830
183786, 2831
183809, 2832
183864, 2833
183907, 2834
183930, 2835
183958, 2836
183985, 2837
184025, 2838
184066, 2839
184091, 2840
184115, 2841
184157, 2842
184197, 2843
184226, 2844
184290, 2845
184318, 2846
184344, 2847
184397, 2848
184426, 2849
184450, 2850
184489, 2851
184516, 2852
184562, 2853
184588, 2854
184634, 2855
184657, 2856
184696, 2857
184724, 2858
184764, 2859
184790, 2860
184828, 2861
184869, 2862
184898, 2863
184922, 2864
184976, 2865
185005, 2866
185033, 2867
185064, 2868
185088, 2869
185130, 2870
185169, 2871
185195, 2872
185224, 2873
185272, 2874
185302, 2875
185341, 2876
185367, 2877
185408, 2878
185439, 2879
185464, 2880
185492, 2881
185534, 2882
185574, 2883
185603, 2884
185630, 2885
185674, 2886
185716, 2887
185747, 2888
185773, 2889
185811, 2890
185851, 2891
185878, 2892
185908, 2893
185935, 2894
185983, 2895
186011, 2896
186039, 2897
186081, 2898
186145, 2899
186166, 2900
186216, 2901
186248, 2902
186274, 2903
186302, 2904
186329, 2905
186380, 2906
186407, 2907
186429, 2908
186485, 2909
186513, 2910
186555, 2911
186575, 2912
186618, 2913
186645, 2914
186681, 2915
186706, 2916
186748, 2917
186774, 2918
186818, 2919
186844, 2920
186870, 2921
186913, 2922
186940, 2923
186982, 2924
187007, 2925
187047, 2926
187084, 2927
187112, 2928
187140, 2929
187191, 2930
187219, 2931
187247, 2932
187278, 2933
187316, 2934
187361, 2935
187384, 2936
187414, 2937
187452, 2938
187479, 2939
187520, 2940
187544, 2941
187590, 2942
187630, 2943
187652, 2944
187680, 2945
187738, 2946
187761, 2947
187778, 2948
187831, 2949
187858, 2950
187891, 2951
187914, 2952
187969, 2953
187999, 2954
188024, 2955
188053, 2956
188095, 2957
188161, 2958
188186, 2959
188230, 2960
188254, 2961
188297, 2962
188334, 2963
188356, 2964
188395, 2965
188436, 2966
188462, 2967
188503, 2968
188528, 2969
188569, 2970
188598, 2971
188625, 2972
188667, 2973
188707, 2974
188736, 2975
188765, 2976
188793, 2977
188845, 2978
188866, 2979
188902, 2980
188930, 2981
188972, 2982
189001, 2983
189031, 2984
189054, 2985
189099, 2986
189146, 2987
189163, 2988
189206, 2989
189228, 2990
189271, 2991
189298, 2992
189336, 2993
189364, 2994
189392, 2995
189433, 2996
189491, 2997
189514, 2998
189543, 2999
189584, 3000
189611, 3001
189644, 3002
189671, 3003
189710, 3004
189752, 3005
189780, 3006
189850, 3007
189876, 3008
189918, 3009
189950, 3010
189974, 3011
190028, 3012
190057, 3013
190087, 3014
190116, 3015
190154, 3016
190205, 3017
190233, 3018
190262, 3019
190286, 3020
190325, 3021
190353, 3022
190378, 3023
190435, 3024
190462, 3025
190491, 3026
190531, 3027
190549, 3028
190606, 3029
190631, 3030
190660, 3031
190697, 3032
190729, 3033
190755, 3034
190797, 3035
190838, 3036
190878, 3037
190903, 3038
190930, 3039
190975, 3040
191004, 3041
191029, 3042
191068, 3043
191108, 3044
191133, 3045
191178, 3046
191203, 3047
191237, 3048
191258, 3049
191312, 3050
191342, 3051
191366, 3052
191393, 3053
191434, 3054
191479, 3055
191506, 3056
191535, 3057
191561, 3058
191608, 3059
191670, 3060
191694, 3061
191725, 3062
191750, 3063
191803, 3064
191826, 3065
191861, 3066
191896, 3067
191923, 3068
191965, 3069
191993, 3070
192043, 3071
192072, 3072
192115, 3073
192139, 3074
192164, 3075
192206, 3076
192246, 3077
192274, 3078
192305, 3079
192341, 3080
192370, 3081
192430, 3082
192455, 3083
192480, 3084
192525, 3085
192548, 3086
192593, 3087
192619, 3088
192645, 3089
192686, 3090
192726, 3091
192752, 3092
192793, 3093
192834, 3094
192869, 3095
192898, 3096
192923, 3097
192968, 3098
192991, 3099
193030, 3100
193061, 3101
193100, 3102
193123, 3103
193168, 3104
193218, 3105
193244, 3106
193285, 3107
193309, 3108
193353, 3109
193379, 3110
193402, 3111
193453, 3112
193486, 3113
193513, 3114
193553, 3115
193598, 3116
193620, 3117
193673, 3118
193700, 3119
193724, 3120
193764, 3121
193793, 3122
193832, 3123
193861, 3124
193901, 3125
193932, 3126
193960, 3127
194025, 3128
194048, 3129
194098, 3130
194125, 3131
194157, 3132
194183, 3133
194233, 3134
194255, 3135
194296, 3136
194316, 3137
194362, 3138
194390, 3139
194417, 3140
194467, 3141
194483, 3142
194523, 3143
194549, 3144
194586, 3145
194628, 3146
194655, 3147
194684, 3148
194723, 3149
194752, 3150
194792, 3151
194820, 3152
194862, 3153
194890, 3154
194920, 3155
194960, 3156
194987, 3157
195019, 3158
195058, 3159
195085, 3160
195127, 3161
195155, 3162
195185, 3163
195225, 3164
195253, 3165
195283, 3166
195322, 3167
195365, 3168
195379, 3169
195421, 3170
195451, 3171
195490, 3172
195520, 3173
195562, 3174
195586, 3175
195616, 3176
195656, 3177
195684, 3178
195715, 3179
195754, 3180
195783, 3181
195825, 3182
195855, 3183
195894, 3184
195924, 3185
195951, 3186
196007, 3187
196021, 3188
196063, 3189
196079, 3190
196117, 3191
196159, 3192
196187, 3193
196229, 3194
196259, 3195
196287, 3196
196328, 3197
196342, 3198
196383, 3199
196424, 3200
196454, 3201
196494, 3202
196523, 3203
196552, 3204
196591, 3205
196620, 3206
196650, 3207
196689, 3208
196719, 3209
196759, 3210
196843, 3211
196858, 3212
196872, 3213
196901, 3214
196940, 3215
196971, 3216
197010, 3217
197041, 3218
197080, 3219
197108, 3220
197137, 3221
197178, 3222
197206, 3223
197236, 3224
197274, 3225
197302, 3226
197345, 3227
197374, 3228
197415, 3229
197428, 3230
197485, 3231
197499, 3232
197541, 3233
197579, 3234
197623, 3235
197648, 3236
197663, 3237
197706, 3238
197746, 3239
197790, 3240
197803, 3241
197844, 3242
197872, 3243
197914, 3244
197943, 3245
197973, 3246
198012, 3247
198040, 3248
198081, 3249
198111, 3250
198138, 3251
198180, 3252
198207, 3253
198249, 3254
198263, 3255
198307, 3256
198347, 3257
198374, 3258
198417, 3259
198432, 3260
198472, 3261
198514, 3262
198529, 3263
198571, 3264
198611, 3265
198640, 3266
198697, 3267
198710, 3268
198739, 3269
198778, 3270
198820, 3271
198834, 3272
198875, 3273
198916, 3274
198945, 3275
198987, 3276
199002, 3277
199044, 3278
199083, 3279
199111, 3280
199141, 3281
199181, 3282
199209, 3283
199239, 3284
199278, 3285
199306, 3286
199349, 3287
199376, 3288
199418, 3289
199433, 3290
199475, 3291
199515, 3292
199544, 3293
199572, 3294
199614, 3295
199672, 3296
199697, 3297
199725, 3298
199753, 3299
199794, 3300
199823, 3301
199864, 3302
199878, 3303
199920, 3304
199962, 3305
199987, 3306
200029, 3307
200058, 3308
200100, 3309
200113, 3310
200156, 3311
200198, 3312
200212, 3313
200268, 3314
200281, 3315
200324, 3316
200352, 3317
200390, 3318
200421, 3319
200462, 3320
200490, 3321
200519, 3322
200559, 3323
200589, 3324
200627, 3325
200656, 3326
200698, 3327
200726, 3328
200756, 3329
200797, 3330
200811, 3331
200853, 3332
200893, 3333
200924, 3334
200962, 3335
200990, 3336
201020, 3337
201059, 3338
201087, 3339
201132, 3340
201157, 3341
201186, 3342
201227, 3343
201255, 3344
201297, 3345
201325, 3346
201354, 3347
201396, 3348
201424, 3349
201466, 3350
201480, 3351
201524, 3352
201562, 3353
201591, 3354
201621, 3355
201690, 3356
201715, 3357
201744, 3358
201783, 3359
201813, 3360
201842, 3361
201882, 3362
201910, 3363
201940, 3364
201981, 3365
202023, 3366
202037, 3367
202078, 3368
202120, 3369
202148, 3370
202176, 3371
202219, 3372
202246, 3373
202302, 3374
202316, 3375
202343, 3376
202385, 3377
202399, 3378
202441, 3379
202482, 3380
202511, 3381
202552, 3382
202567, 3383
202608, 3384
202649, 3385
202665, 3386
202718, 3387
202747, 3388
202776, 3389
202816, 3390
202845, 3391
202887, 3392
202917, 3393
202957, 3394
202985, 3395
203027, 3396
203041, 3397
203085, 3398
203123, 3399
203159, 3400
203179, 3401
203232, 3402
203260, 3403
203290, 3404
203314, 3405
203393, 3406
203424, 3407
203452, 3408
203482, 3409
203525, 3410
203552, 3411
203582, 3412
203605, 3413
203660, 3414
203679, 3415
203724, 3416
203763, 3417
203787, 3418
203831, 3419
203868, 3420
203898, 3421
203927, 3422
203954, 3423
203998, 3424
204026, 3425
204065, 3426
204111, 3427
204133, 3428
204179, 3429
204210, 3430
204248, 3431
204274, 3432
204312, 3433
204338, 3434
204383, 3435
204410, 3436
204435, 3437
204488, 3438
204515, 3439
204566, 3440
204595, 3441
204623, 3442
204651, 3443
204693, 3444
204722, 3445
204752, 3446
204797, 3447
204845, 3448
204872, 3449
204900, 3450
204928, 3451
204973, 3452
204997, 3453
205038, 3454
205078, 3455
205103, 3456
205130, 3457
205219, 3458
205246, 3459
205273, 3460
205299, 3461
205337, 3462
205364, 3463
205406, 3464
205429, 3465
205474, 3466
205501, 3467
205556, 3468
205582, 3469
205610, 3470
205653, 3471
205680, 3472
205709, 3473
205735, 3474
205777, 3475
205819, 3476
205845, 3477
205878, 3478
205907, 3479
205979, 3480
206010, 3481
206033, 3482
206063, 3483
206089, 3484
206139, 3485
206167, 3486
206195, 3487
206235, 3488
206253, 3489
206294, 3490
206338, 3491
206367, 3492
206413, 3493
206440, 3494
206494, 3495
206529, 3496
206559, 3497
206586, 3498
206613, 3499
206653, 3500
206678, 3501
206721, 3502
206742, 3503
206787, 3504
206825, 3505
206851, 3506
206894, 3507
206920, 3508
206961, 3509
206990, 3510
207016, 3511
207058, 3512
207089, 3513
207115, 3514
207157, 3515
207211, 3516
207228, 3517
207273, 3518
207299, 3519
207326, 3520
207367, 3521
207388, 3522
207434, 3523
207458, 3524
207490, 3525
207542, 3526
207568, 3527
207636, 3528
207659, 3529
207698, 3530
207740, 3531
207768, 3532
207797, 3533
207839, 3534
207871, 3535
207903, 3536
207929, 3537
207969, 3538
208014, 3539
208057, 3540
208078, 3541
208108, 3542
208147, 3543
208170, 3544
208212, 3545
208240, 3546
208281, 3547
208310, 3548
208349, 3549
208388, 3550
208413, 3551
208455, 3552
208483, 3553
208521, 3554
208552, 3555
208574, 3556
208618, 3557
208658, 3558
208686, 3559
208717, 3560
208767, 3561
208791, 3562
208819, 3563
208847, 3564
208898, 3565
208917, 3566
208953, 3567
208993, 3568
209021, 3569
209052, 3570
209089, 3571
209115, 3572
209157, 3573
209186, 3574
209229, 3575
209256, 3576
209286, 3577
209315, 3578
209353, 3579
209426, 3580
209452, 3581
209479, 3582
209504, 3583
209540, 3584
209566, 3585
209607, 3586
209649, 3587
209678, 3588
209725, 3589
209749, 3590
209785, 3591
209812, 3592
209855, 3593
209882, 3594
209921, 3595
209959, 3596
209988, 3597
210010, 3598
210079, 3599
210108, 3600
210137, 3601
210162, 3602
210191, 3603
210231, 3604
210272, 3605
210297, 3606
210327, 3607
210367, 3608
210397, 3609
210452, 3610
210487, 3611
210515, 3612
210539, 3613
210579, 3614
210607, 3615
210648, 3616
210675, 3617
210702, 3618
210742, 3619
210781, 3620
210806, 3621
210844, 3622
210885, 3623
210915, 3624
210958, 3625
210987, 3626
211023, 3627
211062, 3628
211085, 3629
211129, 3630
211154, 3631
211234, 3632
211258, 3633
211281, 3634
211321, 3635
211347, 3636
211387, 3637
211428, 3638
211455, 3639
211485, 3640
211513, 3641
211577, 3642
211605, 3643
211631, 3644
211673, 3645
211696, 3646
211737, 3647
211764, 3648
211795, 3649
211821, 3650
211878, 3651
211900, 3652
211926, 3653
211965, 3654
211992, 3655
212046, 3656
212072, 3657
212097, 3658
212127, 3659
212166, 3660
212195, 3661
212240, 3662
212266, 3663
212292, 3664
212333, 3665
212353, 3666
212407, 3667
212432, 3668
212489, 3669
212512, 3670
212551, 3671
212576, 3672
212616, 3673
212644, 3674
212671, 3675
212717, 3676
212741, 3677
212818, 3678
212839, 3679
212857, 3680
212910, 3681
212939, 3682
212967, 3683
212993, 3684
213041, 3685
213065, 3686
213123, 3687
213149, 3688
213183, 3689
213225, 3690
213252, 3691
213280, 3692
213319, 3693
213358, 3694
213384, 3695
213427, 3696
213466, 3697
213490, 3698
213519, 3699
213560, 3700
213589, 3701
213617, 3702
213667, 3703
213706, 3704
213731, 3705
213761, 3706
213797, 3707
213840, 3708
213869, 3709
213893, 3710
213935, 3711
213963, 3712
214008, 3713
214050, 3714
214073, 3715
214115, 3716
214153, 3717
214179, 3718
214205, 3719
214258, 3720
214323, 3721
214351, 3722
214378, 3723
214406, 3724
214445, 3725
214486, 3726
214514, 3727
214536, 3728
214599, 3729
214631, 3730
214659, 3731
214687, 3732
214727, 3733
214757, 3734
214787, 3735
214822, 3736
214864, 3737
214911, 3738
214939, 3739
214966, 3740
215010, 3741
215037, 3742
215078, 3743
215107, 3744
215135, 3745
215185, 3746
215238, 3747
215271, 3748
215310, 3749
215332, 3750
215374, 3751
215401, 3752
215428, 3753
215466, 3754
215490, 3755
215541, 3756
215597, 3757
215620, 3758
215651, 3759
215691, 3760
215716, 3761
215759, 3762
215792, 3763
215828, 3764
215854, 3765
215901, 3766
215925, 3767
215966, 3768
216007, 3769
216031, 3770
216068, 3771
216110, 3772
216137, 3773
216164, 3774
216212, 3775
216231, 3776
216285, 3777
216307, 3778
216349, 3779
216372, 3780
216415, 3781
216445, 3782
216469, 3783
216513, 3784
216539, 3785
216579, 3786
216618, 3787
216647, 3788
216671, 3789
216723, 3790
216750, 3791
216778, 3792
216827, 3793
216853, 3794
216893, 3795
216932, 3796
216957, 3797
216986, 3798
217026, 3799
217066, 3800
217096, 3801
217163, 3802
217212, 3803
217237, 3804
217282, 3805
217305, 3806
217333, 3807
217373, 3808
217404, 3809
217444, 3810
217471, 3811
217500, 3812
217540, 3813
217582, 3814
217609, 3815
217637, 3816
217678, 3817
217709, 3818
217741, 3819
217792, 3820
217829, 3821
217869, 3822
217894, 3823
217935, 3824
217962, 3825
217991, 3826
218029, 3827
218072, 3828
218099, 3829
218131, 3830
218156, 3831
218190, 3832
218234, 3833
218274, 3834
218297, 3835
218337, 3836
218376, 3837
218405, 3838
218431, 3839
218479, 3840
218513, 3841
218556, 3842
218585, 3843
218608, 3844
218640, 3845
218684, 3846
218707, 3847
218748, 3848
218773, 3849
218858, 3850
218877, 3851
218906, 3852
218933, 3853
218977, 3854
219003, 3855
219046, 3856
219071, 3857
219101, 3858
219159, 3859
219183, 3860
219211, 3861
219254, 3862
219281, 3863
219309, 3864
219353, 3865
219379, 3866
219418, 3867
219486, 3868
219518, 3869
219545, 3870
219588, 3871
219614, 3872
219655, 3873
219680, 3874
219722, 3875
219745, 3876
219787, 3877
219831, 3878
219861, 3879
219886, 3880
219928, 3881
219966, 3882
219993, 3883
220020, 3884
220065, 3885
220092, 3886
220132, 3887
220181, 3888
220210, 3889
220253, 3890
220276, 3891
220305, 3892
220341, 3893
220381, 3894
220407, 3895
220449, 3896
220476, 3897
220548, 3898
220575, 3899
220601, 3900
220640, 3901
220665, 3902
220705, 3903
220744, 3904
220774, 3905
220800, 3906
220844, 3907
220893, 3908
220919, 3909
220957, 3910
220986, 3911
221023, 3912
221066, 3913
221097, 3914
221121, 3915
221163, 3916
221187, 3917
221230, 3918
221258, 3919
221283, 3920
221336, 3921
221364, 3922
221391, 3923
221430, 3924
221477, 3925
221509, 3926
221534, 3927
221561, 3928
221613, 3929
221641, 3930
221665, 3931
221706, 3932
221741, 3933
221759, 3934
221812, 3935
221836, 3936
221876, 3937
221901, 3938
221945, 3939
221972, 3940
222010, 3941
222072, 3942
222091, 3943
222146, 3944
222167, 3945
222205, 3946
222233, 3947
222262, 3948
222304, 3949
222329, 3950
222374, 3951
222398, 3952
222426, 3953
222467, 3954
222497, 3955
222524, 3956
222568, 3957
222594, 3958
222651, 3959
222673, 3960
222699, 3961
222740, 3962
222783, 3963
222805, 3964
222833, 3965
222860, 3966
222914, 3967
222961, 3968
222986, 3969
223011, 3970
223053, 3971
223093, 3972
223122, 3973
223151, 3974
223191, 3975
223234, 3976
223266, 3977
223302, 3978
223328, 3979
223378, 3980
223406, 3981
223431, 3982
223474, 3983
223546, 3984
223570, 3985
223611, 3986
223639, 3987
223666, 3988
223707, 3989
223737, 3990
223761, 3991
223827, 3992
223852, 3993
223881, 3994
223904, 3995
223948, 3996
223973, 3997
224013, 3998
224037, 3999
224096, 4000
224130, 4001
224157, 4002
224188, 4003
224210, 4004
224238, 4005
224278, 4006
224308, 4007
224338, 4008
224384, 4009
224406, 4010
224444, 4011
224473, 4012
224516, 4013
224542, 4014
224571, 4015
224630, 4016
224653, 4017
224693, 4018
224721, 4019
224751, 4020
224791, 4021
224816, 4022
224855, 4023
224915, 4024
224935, 4025
224973, 4026
225010, 4027
225053, 4028
225074, 4029
225117, 4030
225145, 4031
225190, 4032
225211, 4033
225255, 4034
225282, 4035
225322, 4036
225347, 4037
225377, 4038
225418, 4039
225464, 4040
225484, 4041
225538, 4042
225561, 4043
225588, 4044
225631, 4045
225660, 4046
225707, 4047
225727, 4048
225782, 4049
225809, 4050
225848, 4051
225872, 4052
225915, 4053
225977, 4054
226000, 4055
226026, 4056
226066, 4057
226107, 4058
226133, 4059
226165, 4060
226194, 4061
226231, 4062
226292, 4063
226321, 4064
226345, 4065
226385, 4066
226414, 4067
226441, 4068
226468, 4069
226538, 4070
226561, 4071
226587, 4072
226628, 4073
226651, 4074
226692, 4075
226731, 4076
226751, 4077
226816, 4078
226841, 4079
226869, 4080
226898, 4081
226939, 4082
226964, 4083
227008, 4084
227034, 4085
227077, 4086
227103, 4087
227175, 4088
227197, 4089
227226, 4090
227249, 4091
227305, 4092
227329, 4093
227357, 4094
227419, 4095
227449, 4096
227477, 4097
227502, 4098
227547, 4099
227570, 4100
227622, 4101
227655, 4102
227687, 4103
227736, 4104
227769, 4105
227791, 4106
227842, 4107
227865, 4108
227910, 4109
227939, 4110
227981, 4111
228008, 4112
228058, 4113
228089, 4114
228110, 4115
228155, 4116
228180, 4117
228219, 4118
228256, 4119
228280, 4120
228327, 4121
228366, 4122
228395, 4123
228432, 4124
228459, 4125
228487, 4126
228528, 4127
228570, 4128
228605, 4129
228662, 4130
228702, 4131
228728, 4132
228768, 4133
228794, 4134
228833, 4135
228860, 4136
228918, 4137
228942, 4138
228971, 4139
229001, 4140
229032, 4141
229065, 4142
229118, 4143
229139, 4144
229192, 4145
229221, 4146
229249, 4147
229276, 4148
229304, 4149
229343, 4150
229369, 4151
229434, 4152
229461, 4153
229491, 4154
229513, 4155
229544, 4156
229568, 4157
229615, 4158
229681, 4159
229706, 4160
229737, 4161
229780, 4162
229808, 4163
229833, 4164
229877, 4165
229902, 4166
229938, 4167
229966, 4168
230020, 4169
230047, 4170
230071, 4171
230111, 4172
230147, 4173
230188, 4174
230216, 4175
230255, 4176
230283, 4177
230308, 4178
230350, 4179
230390, 4180
230418, 4181
230457, 4182
230484, 4183
230507, 4184
230559, 4185
230587, 4186
230615, 4187
230655, 4188
230685, 4189
230750, 4190
230790, 4191
230833, 4192
230865, 4193
230894, 4194
230920, 4195
230965, 4196
230997, 4197
231014, 4198
231070, 4199
231091, 4200
231131, 4201
231160, 4202
231199, 4203
231241, 4204
231269, 4205
231295, 4206
231342, 4207
231368, 4208
231404, 4209
231428, 4210
231469, 4211
231510, 4212
231536, 4213
231575, 4214
231606, 4215
231644, 4216
231670, 4217
231709, 4218
231774, 4219
231805, 4220
231831, 4221
231870, 4222
231895, 4223
231923, 4224
231965, 4225
231993, 4226
232031, 4227
232073, 4228
232109, 4229
232134, 4230
232176, 4231
232203, 4232
232245, 4233
232271, 4234
232328, 4235
232355, 4236
232385, 4237
232412, 4238
232442, 4239
232481, 4240
232507, 4241
232566, 4242
232588, 4243
232617, 4244
232653, 4245
232692, 4246
232721, 4247
232750, 4248
232818, 4249
232842, 4250
232899, 4251
232923, 4252
232951, 4253
232990, 4254
233014, 4255
233054, 4256
233092, 4257
233117, 4258
233156, 4259
233197, 4260
233223, 4261
233246, 4262
233290, 4263
233327, 4264
233356, 4265
233386, 4266
233426, 4267
233454, 4268
233495, 4269
233516, 4270
233576, 4271
233596, 4272
233635, 4273
233666, 4274
233702, 4275
233731, 4276
233756, 4277
233810, 4278
233865, 4279
233886, 4280
233913, 4281
233956, 4282
233984, 4283
234010, 4284
234054, 4285
234078, 4286
234145, 4287
234171, 4288
234193, 4289
234222, 4290
234252, 4291
234275, 4292
234344, 4293
234368, 4294
234390, 4295
234436, 4296
234457, 4297
234499, 4298
234528, 4299
234555, 4300
234616, 4301
234635, 4302
234677, 4303
234700, 4304
234739, 4305
234765, 4306
234805, 4307
234846, 4308
234910, 4309
234934, 4310
234961, 4311
235017, 4312
235041, 4313
235070, 4314
235098, 4315
235150, 4316
235175, 4317
235228, 4318
235257, 4319
235280, 4320
235320, 4321
235361, 4322
235397, 4323
235425, 4324
235451, 4325
235491, 4326
235534, 4327
235557, 4328
235588, 4329
235630, 4330
235653, 4331
235694, 4332
235736, 4333
235762, 4334
235789, 4335
235828, 4336
235854, 4337
235927, 4338
235953, 4339
235981, 4340
236010, 4341
236058, 4342
236087, 4343
236114, 4344
236171, 4345
236194, 4346
236223, 4347
236262, 4348
236302, 4349
236326, 4350
236367, 4351
236408, 4352
236436, 4353
236466, 4354
236502, 4355
236542, 4356
236564, 4357
236607, 4358
236659, 4359
236697, 4360
236726, 4361
236750, 4362
236796, 4363
236820, 4364
236863, 4365
236932, 4366
236956, 4367
236981, 4368
237020, 4369
237046, 4370
237089, 4371
237128, 4372
237154, 4373
237192, 4374
237232, 4375
237256, 4376
237298, 4377
237325, 4378
237367, 4379
237410, 4380
237437, 4381
237466, 4382
237494, 4383
237530, 4384
237582, 4385
237605, 4386
237660, 4387
237689, 4388
237717, 4389
237755, 4390
237784, 4391
237810, 4392
237850, 4393
237874, 4394
237937, 4395
237956, 4396
238000, 4397
238036, 4398
238077, 4399
238106, 4400
238135, 4401
238176, 4402
238199, 4403
238252, 4404
238277, 4405
238316, 4406
238343, 4407
238374, 4408
238412, 4409
238453, 4410
238508, 4411
238532, 4412
238572, 4413
238603, 4414
238633, 4415
238671, 4416
238721, 4417
238747, 4418
238774, 4419
238802, 4420
238844, 4421
238869, 4422
238912, 4423
238964, 4424
238987, 4425
239015, 4426
239041, 4427
239083, 4428
239108, 4429
239152, 4430
239189, 4431
239211, 4432
239251, 4433
239279, 4434
239309, 4435
239357, 4436
239384, 4437
239402, 4438
239456, 4439
239487, 4440
239509, 4441
239550, 4442
239581, 4443
239606, 4444
239647, 4445
239684, 4446
239719, 4447
239739, 4448
239783, 4449
239818, 4450
239847, 4451
239876, 4452
239914, 4453
239957, 4454
240000, 4455
240026, 4456
240054, 4457
240083, 4458
240126, 4459
240151, 4460
240190, 4461
240227, 4462
240253, 4463
240324, 4464
240352, 4465
240380, 4466
240403, 4467
240444, 4468
240483, 4469
240511, 4470
240551, 4471
240574, 4472
240629, 4473
240657, 4474
240682, 4475
240711, 4476
240750, 4477
240781, 4478
240805, 4479
240850, 4480
240885, 4481
240914, 4482
240957, 4483
240982, 4484
241022, 4485
241048, 4486
241104, 4487
241133, 4488
241162, 4489
241190, 4490
241237, 4491
241264, 4492
241293, 4493
241348, 4494
241376, 4495
241406, 4496
241431, 4497
241474, 4498
241500, 4499
241532, 4500
241570, 4501
241637, 4502
241678, 4503
241718, 4504
241743, 4505
241766, 4506
241823, 4507
241875, 4508
241904, 4509
241931, 4510
241958, 4511
242001, 4512
242028, 4513
242068, 4514
242111, 4515
242140, 4516
242169, 4517
242194, 4518
242251, 4519
242279, 4520
242307, 4521
242348, 4522
242370, 4523
242409, 4524
242439, 4525
242478, 4526
242505, 4527
242574, 4528
242599, 4529
242626, 4530
242654, 4531
242680, 4532
242720, 4533
242774, 4534
242796, 4535
242825, 4536
242869, 4537
242897, 4538
242922, 4539
242962, 4540
243001, 4541
243030, 4542
243075, 4543
243100, 4544
243141, 4545
243166, 4546
243217, 4547
243246, 4548
243272, 4549
243303, 4550
243342, 4551
243368, 4552
243445, 4553
243481, 4554
243507, 4555
243534, 4556
243575, 4557
243606, 4558
243643, 4559
243671, 4560
243715, 4561
243744, 4562
243770, 4563
243808, 4564
243849, 4565
243872, 4566
243913, 4567
243941, 4568
243971, 4569
243997, 4570
244041, 4571
244073, 4572
244114, 4573
244140, 4574
244179, 4575
244205, 4576
244265, 4577
244286, 4578
244314, 4579
244358, 4580
244387, 4581
244413, 4582
244453, 4583
244511, 4584
244533, 4585
244579, 4586
244606, 4587
244631, 4588
244668, 4589
244724, 4590
244744, 4591
244786, 4592
244810, 4593
244837, 4594
244880, 4595
244925, 4596
244953, 4597
244993, 4598
245021, 4599
245050, 4600
245088, 4601
245113, 4602
245181, 4603
245205, 4604
245233, 4605
245260, 4606
245288, 4607
245316, 4608
245369, 4609
245393, 4610
245423, 4611
245447, 4612
245504, 4613
245528, 4614
245590, 4615
245617, 4616
245648, 4617
245669, 4618
245723, 4619
245749, 4620
245799, 4621
245818, 4622
245864, 4623
245890, 4624
245936, 4625
245963, 4626
246010, 4627
246033, 4628
246085, 4629
246112, 4630
246143, 4631
246178, 4632
246219, 4633
246242, 4634
246284, 4635
246311, 4636
246349, 4637
246423, 4638
246443, 4639
246482, 4640
246507, 4641
246549, 4642
246575, 4643
246626, 4644
246644, 4645
246683, 4646
246713, 4647
246735, 4648
246777, 4649
246817, 4650
246841, 4651
246904, 4652
246937, 4653
246962, 4654
247006, 4655
247030, 4656
247071, 4657
247102, 4658
247138, 4659
247176, 4660
247199, 4661
247240, 4662
247270, 4663
247298, 4664
247336, 4665
247391, 4666
247420, 4667
247446, 4668
247487, 4669
247562, 4670
247583, 4671
247621, 4672
247646, 4673
247673, 4674
247713, 4675
247752, 4676
247802, 4677
247832, 4678
247859, 4679
247898, 4680
247922, 4681
247963, 4682
248016, 4683
248044, 4684
248070, 4685
248101, 4686
248145, 4687
248184, 4688
248207, 4689
248247, 4690
248272, 4691
248298, 4692
248341, 4693
248397, 4694
248427, 4695
248464, 4696
248495, 4697
248529, 4698
248557, 4699
248675, 4700
248704, 4701
248743, 4702
248769, 4703
248796, 4704
248823, 4705
248861, 4706
248887, 4707
248913, 4708
248939, 4709
248982, 4710
249035, 4711
249062, 4712
249087, 4713
249126, 4714
249168, 4715
249195, 4716
249240, 4717
249266, 4718
249305, 4719
249332, 4720
249361, 4721
249449, 4722
249473, 4723
249501, 4724
249527, 4725
249568, 4726
249595, 4727
249636, 4728
249658, 4729
249714, 4730
249739, 4731
249765, 4732
249808, 4733
249850, 4734
249873, 4735
249923, 4736
249950, 4737
249988, 4738
250014, 4739
250060, 4740
250082, 4741
250130, 4742
250181, 4743
250208, 4744
250235, 4745
250276, 4746
250302, 4747
250355, 4748
250384, 4749
250414, 4750
250452, 4751
250482, 4752
250526, 4753
250548, 4754
250591, 4755
250615, 4756
250666, 4757
250709, 4758
250736, 4759
250763, 4760
250792, 4761
250839, 4762
250862, 4763
250914, 4764
250957, 4765
250985, 4766
251012, 4767
251077, 4768
251104, 4769
251129, 4770
251157, 4771
251197, 4772
251237, 4773
251259, 4774
251288, 4775
251343, 4776
251378, 4777
251405, 4778
251431, 4779
251470, 4780
251497, 4781
251567, 4782
251595, 4783
251623, 4784
251651, 4785
251691, 4786
251731, 4787
251753, 4788
251796, 4789
251834, 4790
251861, 4791
251893, 4792
251939, 4793
251978, 4794
252017, 4795
252043, 4796
252102, 4797
252134, 4798
252157, 4799
252185, 4800
252213, 4801
252274, 4802
252301, 4803
252343, 4804
252366, 4805
252422, 4806
252447, 4807
252474, 4808
252517, 4809
252541, 4810
252584, 4811
252609, 4812
252648, 4813
252688, 4814
252732, 4815
252754, 4816
252792, 4817
252821, 4818
252861, 4819
252905, 4820
252966, 4821
252991, 4822
253032, 4823
253063, 4824
253101, 4825
253126, 4826
253180, 4827
253203, 4828
253229, 4829
253270, 4830
253296, 4831
253339, 4832
253364, 4833
253392, 4834
253444, 4835
253482, 4836
253506, 4837
253549, 4838
253573, 4839
253600, 4840
253675, 4841
253693, 4842
253732, 4843
253757, 4844
253789, 4845
253841, 4846
253867, 4847
253894, 4848
253920, 4849
253965, 4850
253993, 4851
254039, 4852
254067, 4853
254106, 4854
254146, 4855
254172, 4856
254215, 4857
254238, 4858
254291, 4859
254314, 4860
254357, 4861
254393, 4862
254422, 4863
254465, 4864
254490, 4865
254557, 4866
254581, 4867
254607, 4868
254646, 4869
254677, 4870
254714, 4871
254756, 4872
254793, 4873
254821, 4874
254862, 4875
254901, 4876
254931, 4877
254978, 4878
255007, 4879
255051, 4880
255076, 4881
255107, 4882
255147, 4883
255186, 4884
255240, 4885
255283, 4886
255316, 4887
255345, 4888
255394, 4889
255432, 4890
255461, 4891
255500, 4892
255541, 4893
255565, 4894
255607, 4895
255631, 4896
255674, 4897
255701, 4898
255745, 4899
255771, 4900
255815, 4901
255841, 4902
255879, 4903
255906, 4904
255961, 4905
255984, 4906
256011, 4907
256052, 4908
256078, 4909
256147, 4910
256170, 4911
256222, 4912
256248, 4913
256267, 4914
256303, 4915
256346, 4916
256372, 4917
256399, 4918
256466, 4919
256488, 4920
256515, 4921
256543, 4922
256615, 4923
256636, 4924
256664, 4925
256692, 4926
256719, 4927
256760, 4928
256814, 4929
256838, 4930
256876, 4931
256937, 4932
256957, 4933
257011, 4934
257036, 4935
257064, 4936
257104, 4937
257142, 4938
257187, 4939
257211, 4940
257264, 4941
257287, 4942
257316, 4943
257356, 4944
257381, 4945
257445, 4946
257476, 4947
257498, 4948
257526, 4949
257565, 4950
257594, 4951
257618, 4952
257659, 4953
257728, 4954
257748, 4955
257790, 4956
257822, 4957
257867, 4958
257904, 4959
257933, 4960
257960, 4961
257987, 4962
258041, 4963
258075, 4964
258099, 4965
258126, 4966
258164, 4967
258207, 4968
258249, 4969
258276, 4970
258318, 4971
258348, 4972
258377, 4973
258414, 4974
258438, 4975
258477, 4976
258518, 4977
258556, 4978
258598, 4979
258616, 4980
258657, 4981
258683, 4982
258735, 4983
258777, 4984
258801, 4985
258853, 4986
258872, 4987
258909, 4988
258938, 4989
258965, 4990
259030, 4991
259054, 4992
259080, 4993
259117, 4994
259168, 4995
259187, 4996
259229, 4997
259253, 4998
259322, 4999
259349, 5000
259377, 5001
259437, 5002
259471, 5003
259496, 5004
259521, 5005
259562, 5006
259601, 5007
259628, 5008
259670, 5009
259696, 5010
259750, 5011
259777, 5012
259803, 5013
259829, 5014
259892, 5015
259917, 5016
259942, 5017
259973, 5018
260011, 5019
260056, 5020
260083, 5021
260109, 5022
260155, 5023
260179, 5024
260206, 5025
260261, 5026
260285, 5027
260314, 5028
260369, 5029
260400, 5030
260454, 5031
260491, 5032
260509, 5033
260554, 5034
260576, 5035
260632, 5036
260660, 5037
260689, 5038
260733, 5039
260764, 5040
260790, 5041
260818, 5042
260892, 5043
260920, 5044
260964, 5045
260985, 5046
261024, 5047
261049, 5048
261093, 5049
261132, 5050
261160, 5051
261187, 5052
261215, 5053
261268, 5054
261293, 5055
261320, 5056
261371, 5057
261397, 5058
261414, 5059
261453, 5060
261513, 5061
261564, 5062
261589, 5063
261646, 5064
261673, 5065
261701, 5066
261737, 5067
261790, 5068
261819, 5069
261845, 5070
261888, 5071
261922, 5072
261951, 5073
261988, 5074
262050, 5075
262078, 5076
262108, 5077
262137, 5078
262172, 5079
262210, 5080
262237, 5081
262291, 5082
262317, 5083
262357, 5084
262391, 5085
262422, 5086
262446, 5087
262518, 5088
262545, 5089
262566, 5090
262636, 5091
262661, 5092
262689, 5093
262728, 5094
262768, 5095
262795, 5096
262839, 5097
262884, 5098
262907, 5099
262957, 5100
262983, 5101
263026, 5102
263085, 5103
263106, 5104
263153, 5105
263187, 5106
263223, 5107
263251, 5108
263292, 5109
263333, 5110
263383, 5111
263410, 5112
263448, 5113
263503, 5114
263529, 5115
263589, 5116
263618, 5117
263645, 5118
263683, 5119
263709, 5120
263766, 5121
263792, 5122
263831, 5123
263858, 5124
263882, 5125
263963, 5126
263987, 5127
264035, 5128
264075, 5129
264109, 5130
264133, 5131
264177, 5132
264212, 5133
264240, 5134
264264, 5135
264328, 5136
264349, 5137
264391, 5138
264416, 5139
264461, 5140
264485, 5141
264552, 5142
264574, 5143
264622, 5144
264665, 5145
264704, 5146
264747, 5147
264774, 5148
264814, 5149
264892, 5150
264922, 5151
264965, 5152
264990, 5153
265032, 5154
265096, 5155
265123, 5156
265155, 5157
265194, 5158
265217, 5159
265267, 5160
265295, 5161
265334, 5162
265350, 5163
265426, 5164
265470, 5165
265493, 5166
265539, 5167
265562, 5168
265587, 5169
265654, 5170
265697, 5171
265723, 5172
265756, 5173
265796, 5174
265856, 5175
265880, 5176
265906, 5177
265961, 5178
265981, 5179
266033, 5180
266052, 5181
266088, 5182
266117, 5183
266181, 5184
266215, 5185
266258, 5186
266287, 5187
266330, 5188
266356, 5189
266413, 5190
266433, 5191
266489, 5192
266512, 5193
266550, 5194
266579, 5195
266622, 5196
266645, 5197
266717, 5198
266738, 5199
266795, 5200
266817, 5201
266886, 5202
266912, 5203
266938, 5204
266997, 5205
267019, 5206
267052, 5207
267079, 5208
267131, 5209
267157, 5210
267181, 5211
267237, 5212
267295, 5213
267323, 5214
267362, 5215
267389, 5216
267420, 5217
267454, 5218
267544, 5219
267572, 5220
267619, 5221
267645, 5222
267693, 5223
267720, 5224
267789, 5225
267811, 5226
267872, 5227
267903, 5228
267945, 5229
267992, 5230
268047, 5231
268067, 5232
268108, 5233
268163, 5234
268191, 5235
268250, 5236
268274, 5237
268326, 5238
268353, 5239
268383, 5240
268422, 5241
268479, 5242
268522, 5243
268577, 5244
268604, 5245
268636, 5246
268682, 5247
268721, 5248
268749, 5249
268808, 5250
268840, 5251
268892, 5252
268918, 5253
268949, 5254
268982, 5255
269052, 5256
269073, 5257
269101, 5258
269141, 5259
269168, 5260
269215, 5261
269243, 5262
269298, 5263
269323, 5264
269383, 5265
269408, 5266
269448, 5267
269475, 5268
269502, 5269
269544, 5270
269570, 5271
269623, 5272
269678, 5273
269706, 5274
269743, 5275
269781, 5276
269808, 5277
269846, 5278
269873, 5279
269929, 5280
269951, 5281
270015, 5282
270043, 5283
270083, 5284
270105, 5285
270167, 5286
270200, 5287
270258, 5288
270290, 5289
270332, 5290
270381, 5291
270424, 5292
270444, 5293
270493, 5294
270529, 5295
270607, 5296
270633, 5297
270669, 5298
270710, 5299
270741, 5300
270805, 5301
270829, 5302
270870, 5303
270917, 5304
270959, 5305
271027, 5306
271054, 5307
271082, 5308
271133, 5309
271156, 5310
271193, 5311
271230, 5312
271285, 5313
271328, 5314
271365, 5315
271412, 5316
271436, 5317
271474, 5318
271494, 5319
271567, 5320
271590, 5321
271631, 5322
271669, 5323
271721, 5324
271743, 5325
271788, 5326
271825, 5327
271891, 5328
271942, 5329
271980, 5330
272011, 5331
272037, 5332
272118, 5333
272156, 5334
272194, 5335
272218, 5336
272292, 5337
272312, 5338
272365, 5339
272399, 5340
272427, 5341
272493, 5342
272534, 5343
272559, 5344
272595, 5345
272624, 5346
272693, 5347
272718, 5348
272783, 5349
272808, 5350
272850, 5351
272896, 5352
272940, 5353
272974, 5354
273015, 5355
273053, 5356
273078, 5357
273128, 5358
273185, 5359
273205, 5360
273263, 5361
273288, 5362
273344, 5363
273381, 5364
273422, 5365
273461, 5366
273486, 5367
273552, 5368
273572, 5369
273622, 5370
273660, 5371
273720, 5372
273745, 5373
273794, 5374
273837, 5375
273873, 5376
273954, 5377
273980, 5378
274019, 5379
274058, 5380
274100, 5381
274159, 5382
274202, 5383
274237, 5384
274280, 5385
274320, 5386
274357, 5387
274424, 5388
274468, 5389
274491, 5390
274559, 5391
274608, 5392
274677, 5393
274720, 5394
274747, 5395
274781, 5396
274836, 5397
274867, 5398
274891, 5399
274928, 5400
274996, 5401
275038, 5402
275064, 5403
275102, 5404
275160, 5405
275203, 5406
275231, 5407
275271, 5408
275325, 5409
275347, 5410
275387, 5411
275456, 5412
275494, 5413
275569, 5414
275610, 5415
275640, 5416
275691, 5417
275759, 5418
275794, 5419
275844, 5420
275866, 5421
275927, 5422
275963, 5423
275989, 5424
276028, 5425
276099, 5426
276124, 5427
276150, 5428
276199, 5429
276235, 5430
276317, 5431
276357, 5432
276385, 5433
276424, 5434
276462, 5435
276529, 5436
276561, 5437
276604, 5438
276632, 5439
276669, 5440
276749, 5441
276816, 5442
276839, 5443
276886, 5444
276931, 5445
276964, 5446
277042, 5447
277068, 5448
277125, 5449
277153, 5450
277201, 5451
277255, 5452
277313, 5453
277343, 5454
277404, 5455
277447, 5456
277490, 5457
277557, 5458
277605, 5459
277698, 5460
277762, 5461
277802, 5462
277839, 5463
277903, 5464
277958, 5465
277978, 5466
278046, 5467
278103, 5468
278141, 5469
278179, 5470
278239, 5471
278277, 5472
278318, 5473
278387, 5474
278411, 5475
278511, 5476
278557, 5477
278623, 5478
278658, 5479
278724, 5480
278771, 5481
278800, 5482
278840, 5483
278877, 5484
278960, 5485
279016, 5486
279033, 5487
279075, 5488
279126, 5489
279214, 5490
279273, 5491
279311, 5492
279377, 5493
279405, 5494
279481, 5495
279522, 5496
279587, 5497
279644, 5498
279675, 5499
279761, 5500
279837, 5501
279875, 5502
279928, 5503
279961, 5504
280041, 5505
280084, 5506
280146, 5507
280222, 5508
280282, 5509
280316, 5510
280355, 5511
280423, 5512
280465, 5513
280549, 5514
280605, 5515
280655, 5516
280699, 5517
