69952, 1
69998, 2
70021, 3
70051, 4
70091, 5
70131, 6
70146, 7
70186, 8
70229, 9
70256, 10
70285, 11
70327, 12
70354, 13
70395, 14
70424, 15
70452, 16
70494, 17
70514, 18
70568, 19
70597, 20
70616, 21
70661, 22
70689, 23
70730, 24
70757, 25
70803, 26
70843, 27
70881, 28
70899, 29
70950, 30
70965, 31
71008, 32
71049, 33
71066, 34
71118, 35
71136, 36
71177, 37
71215, 38
71243, 39
71286, 40
71312, 41
71340, 42
71381, 43
71398, 44
71451, 45
71469, 46
71509, 47
71548, 48
71577, 49
71606, 50
71656, 51
71678, 52
71714, 53
71741, 54
71771, 55
71839, 56
71854, 57
71896, 58
71913, 59
71952, 60
71995, 61
72012, 62
72052, 63
72092, 64
72121, 65
72163, 66
72190, 67
72218, 68
72257, 69
72287, 70
72330, 71
72356, 72
72384, 73
72425, 74
72454, 75
72497, 76
72513, 77
72554, 78
72580, 79
72620, 80
72663, 81
72681, 82
72719, 83
72759, 84
72780, 85
72832, 86
72872, 87
72889, 88
72928, 89
72970, 90
72987, 91
73026, 92
73067, 93
73082, 94
73126, 95
73164, 96
73192, 97
73222, 98
73262, 99
73290, 100
73332, 101
73346, 102
73389, 103
73431, 104
73457, 105
73499, 106
73516, 107
73556, 108
73597, 109
73624, 110
73652, 111
73693, 112
73738, 113
73763, 114
73791, 115
73832, 116
73862, 117
73902, 118
73946, 119
73973, 120
74014, 121
74033, 122
74073, 123
74112, 124
74142, 125
74180, 126
74198, 127
74250, 128
74267, 129
74310, 130
74348, 131
74365, 132
74417, 133
74446, 134
74475, 135
74513, 136
74540, 137
74583, 138
74612, 139
74655, 140
74671, 141
74711, 142
74753, 143
74780, 144
74809, 145
74851, 146
74878, 147
74927, 148
74948, 149
74988, 150
75029, 151
75059, 152
75088, 153
75126, 154
75155, 155
75197, 156
75214, 157
75256, 158
75296, 159
75322, 160
75367, 161
75392, 162
75419, 163
75461, 164
75489, 165
75530, 166
75560, 167
75590, 168
75630, 169
75659, 170
75691, 171
75725, 172
75766, 173
75784, 174
75828, 175
75866, 176
75894, 177
75925, 178
75999, 179
76019, 180
76055, 181
76084, 182
76110, 183
76153, 184
76188, 185
76217, 186
76258, 187
76286, 188
76313, 189
76341, 190
76391, 191
76418, 192
76447, 193
76489, 194
76506, 195
76560, 196
76586, 197
76616, 198
76658, 199
76684, 200
76724, 201
76742, 202
76785, 203
76821, 204
76847, 205
76901, 206
76925, 207
76952, 208
76981, 209
77021, 210
77050, 211
77077, 212
77119, 213
77147, 214
77190, 215
77217, 216
77257, 217
77284, 218
77315, 219
77354, 220
77383, 221
77425, 222
77441, 223
77484, 224
77522, 225
77548, 226
77576, 227
77617, 228
77647, 229
77688, 230
77717, 231
77746, 232
77814, 233
77843, 234
77870, 235
77898, 236
77914, 237
77955, 238
77997, 239
78025, 240
78055, 241
78082, 242
78123, 243
78162, 244
78190, 245
78220, 246
78257, 247
78288, 248
78330, 249
78356, 250
78400, 251
78429, 252
78458, 253
78485, 254
78524, 255
78556, 256
78597, 257
78621, 258
78683, 259
78705, 260
78730, 261
78776, 262
78803, 263
78832, 264
78870, 265
78898, 266
78928, 267
78968, 268
78997, 269
79038, 270
79056, 271
79109, 272
79136, 273
79153, 274
79207, 275
79235, 276
79265, 277
79303, 278
79331, 279
79375, 280
79401, 281
79443, 282
79472, 283
79498, 284
79541, 285
79570, 286
79619, 287
79640, 288
79677, 289
79717, 290
79745, 291
79775, 292
79817, 293
79857, 294
79884, 295
79912, 296
79949, 297
79987, 298
80007, 299
80059, 300
80084, 301
80116, 302
80144, 303
80182, 304
80220, 305
80249, 306
80269, 307
80320, 308
80347, 309
80377, 310
80418, 311
80446, 312
80488, 313
80552, 314
80573, 315
80610, 316
80655, 317
80680, 318
80709, 319
80749, 320
80778, 321
80822, 322
80849, 323
80877, 324
80919, 325
80948, 326
80976, 327
81015, 328
81043, 329
81084, 330
81103, 331
81146, 332
81182, 333
81209, 334
81251, 335
81269, 336
81314, 337
81373, 338
81392, 339
81442, 340
81481, 341
81509, 342
81536, 343
81572, 344
81590, 345
81643, 346
81669, 347
81700, 348
81740, 349
81766, 350
81811, 351
81837, 352
81866, 353
81893, 354
81935, 355
81963, 356
82001, 357
82031, 358
82073, 359
82103, 360
82128, 361
82171, 362
82224, 363
82253, 364
82282, 365
82301, 366
82352, 367
82378, 368
82406, 369
82438, 370
82476, 371
82504, 372
82549, 373
82574, 374
82605, 375
82646, 376
82672, 377
82715, 378
82742, 379
82759, 380
82812, 381
82828, 382
82871, 383
82909, 384
82939, 385
82980, 386
83006, 387
83037, 388
83101, 389
83121, 390
83147, 391
83187, 392
83217, 393
83259, 394
83284, 395
83328, 396
83357, 397
83386, 398
83411, 399
83450, 400
83492, 401
83511, 402
83552, 403
83590, 404
83608, 405
83648, 406
83690, 407
83717, 408
83756, 409
83784, 410
83827, 411
83844, 412
83884, 413
83926, 414
83956, 415
84007, 416
84025, 417
84071, 418
84091, 419
84126, 420
84167, 421
84207, 422
84234, 423
84261, 424
84304, 425
84331, 426
84357, 427
84398, 428
84444, 429
84473, 430
84498, 431
84536, 432
84554, 433
84608, 434
84636, 435
84666, 436
84693, 437
84735, 438
84771, 439
84789, 440
84839, 441
84868, 442
84933, 443
84952, 444
84987, 445
85028, 446
85054, 447
85095, 448
85114, 449
85152, 450
85193, 451
85218, 452
85259, 453
85285, 454
85323, 455
85363, 456
85390, 457
85430, 458
85450, 459
85488, 460
85524, 461
85554, 462
85596, 463
85613, 464
85665, 465
85681, 466
85724, 467
85751, 468
85790, 469
85819, 470
85880, 471
85904, 472
85927, 473
85969, 474
85994, 475
86033, 476
86073, 477
86100, 478
86140, 479
86157, 480
86210, 481
86236, 482
86264, 483
86310, 484
86335, 485
86361, 486
86403, 487
86434, 488
86460, 489
86511, 490
86538, 491
86565, 492
86603, 493
86631, 494
86671, 495
86697, 496
86739, 497
86786, 498
86810, 499
86846, 500
86874, 501
86917, 502
86945, 503
86973, 504
87015, 505
87042, 506
87086, 507
87112, 508
87140, 509
87173, 510
87210, 511
87251, 512
87278, 513
87297, 514
87348, 515
87376, 516
87404, 517
87444, 518
87482, 519
87510, 520
87536, 521
87591, 522
87638, 523
87657, 524
87697, 525
87724, 526
87753, 527
87782, 528
87821, 529
87860, 530
87888, 531
87926, 532
87953, 533
87981, 534
88008, 535
88060, 536
88088, 537
88117, 538
88160, 539
88187, 540
88215, 541
88255, 542
88299, 543
88325, 544
88350, 545
88393, 546
88424, 547
88461, 548
88480, 549
88529, 550
88558, 551
88592, 552
88636, 553
88661, 554
88700, 555
88730, 556
88756, 557
88798, 558
88828, 559
88854, 560
88896, 561
88924, 562
88965, 563
88993, 564
89022, 565
89052, 566
89093, 567
89133, 568
89159, 569
89188, 570
89230, 571
89257, 572
89314, 573
89372, 574
89399, 575
89426, 576
89456, 577
89494, 578
89535, 579
89565, 580
89595, 581
89621, 582
89661, 583
89691, 584
89731, 585
89760, 586
89801, 587
89827, 588
89858, 589
89898, 590
89929, 591
89967, 592
89998, 593
90023, 594
90067, 595
90098, 596
90139, 597
90178, 598
90220, 599
90252, 600
90281, 601
90307, 602
90346, 603
90385, 604
90416, 605
90442, 606
90484, 607
90524, 608
90554, 609
90581, 610
90611, 611
90649, 612
90694, 613
90720, 614
90746, 615
90790, 616
90815, 617
90844, 618
90886, 619
90914, 620
90965, 621
90989, 622
91014, 623
91052, 624
91092, 625
91120, 626
91150, 627
91192, 628
91222, 629
91249, 630
91289, 631
91318, 632
91360, 633
91388, 634
91417, 635
91461, 636
91487, 637
91517, 638
91553, 639
91582, 640
91624, 641
91651, 642
91683, 643
91719, 644
91784, 645
91804, 646
91832, 647
91872, 648
91900, 649
91925, 650
91966, 651
92004, 652
92031, 653
92071, 654
92091, 655
92140, 656
92167, 657
92201, 658
92238, 659
92264, 660
92307, 661
92335, 662
92362, 663
92403, 664
92444, 665
92472, 666
92490, 667
92544, 668
92560, 669
92600, 670
92643, 671
92692, 672
92712, 673
92751, 674
92779, 675
92810, 676
92850, 677
92876, 678
92918, 679
92947, 680
92974, 681
93018, 682
93043, 683
93084, 684
93113, 685
93141, 686
93183, 687
93210, 688
93254, 689
93272, 690
93312, 691
93350, 692
93378, 693
93421, 694
93450, 695
93477, 696
93517, 697
93534, 698
93576, 699
93649, 700
93670, 701
93699, 702
93740, 703
93769, 704
93798, 705
93838, 706
93868, 707
93897, 708
93935, 709
93965, 710
94004, 711
94034, 712
94075, 713
94104, 714
94130, 715
94174, 716
94200, 717
94229, 718
94269, 719
94298, 720
94339, 721
94368, 722
94412, 723
94437, 724
94466, 725
94508, 726
94560, 727
94577, 728
94626, 729
94644, 730
94681, 731
94719, 732
94748, 733
94788, 734
94819, 735
94844, 736
94888, 737
94913, 738
94952, 739
94982, 740
95026, 741
95051, 742
95090, 743
95108, 744
95151, 745
95186, 746
95218, 747
95244, 748
95283, 749
95328, 750
95355, 751
95372, 752
95431, 753
95484, 754
95507, 755
95546, 756
95565, 757
95605, 758
95641, 759
95682, 760
95699, 761
95747, 762
95763, 763
95808, 764
95843, 765
95870, 766
95910, 767
95929, 768
95981, 769
96000, 770
96039, 771
96079, 772
96106, 773
96145, 774
96162, 775
96213, 776
96240, 777
96265, 778
96304, 779
96345, 780
96363, 781
96430, 782
96458, 783
96485, 784
96510, 785
96528, 786
96582, 787
96608, 788
96637, 789
96680, 790
96706, 791
96736, 792
96777, 793
96804, 794
96846, 795
96864, 796
96906, 797
96945, 798
96962, 799
97014, 800
97028, 801
97070, 802
97112, 803
97141, 804
97169, 805
97212, 806
97238, 807
97277, 808
97307, 809
97355, 810
97373, 811
97424, 812
97451, 813
97475, 814
97514, 815
97546, 816
97586, 817
97612, 818
97645, 819
97681, 820
97713, 821
97752, 822
97778, 823
97819, 824
97848, 825
97877, 826
97919, 827
97949, 828
97975, 829
98015, 830
98045, 831
98085, 832
98115, 833
98155, 834
98172, 835
98252, 836
98269, 837
98310, 838
98327, 839
98378, 840
98406, 841
98435, 842
98476, 843
98506, 844
98531, 845
98576, 846
98601, 847
98640, 848
98670, 849
98713, 850
98740, 851
98758, 852
98811, 853
98828, 854
98869, 855
98907, 856
98936, 857
98978, 858
99003, 859
99033, 860
99075, 861
99103, 862
99147, 863
99185, 864
99210, 865
99254, 866
99280, 867
99321, 868
99338, 869
99388, 870
99416, 871
99455, 872
99471, 873
99521, 874
99538, 875
99591, 876
99619, 877
99646, 878
99688, 879
99713, 880
99754, 881
99783, 882
99812, 883
99850, 884
99889, 885
99906, 886
99947, 887
99987, 888
100014, 889
100071, 890
100094, 891
100131, 892
100163, 893
100198, 894
100225, 895
100255, 896
100297, 897
100325, 898
100364, 899
100382, 900
100432, 901
100459, 902
100486, 903
100537, 904
100566, 905
100593, 906
100632, 907
100661, 908
100705, 909
100729, 910
100760, 911
100799, 912
100816, 913
100871, 914
100898, 915
100928, 916
100965, 917
101005, 918
101046, 919
101074, 920
101103, 921
101142, 922
101181, 923
101212, 924
101238, 925
101277, 926
101304, 927
101331, 928
101372, 929
101410, 930
101428, 931
101468, 932
101510, 933
101536, 934
101580, 935
101606, 936
101638, 937
101676, 938
101717, 939
101734, 940
101774, 941
101828, 942
101844, 943
101886, 944
101901, 945
101955, 946
101984, 947
102010, 948
102053, 949
102081, 950
102107, 951
102149, 952
102177, 953
102220, 954
102237, 955
102289, 956
102306, 957
102344, 958
102375, 959
102415, 960
102445, 961
102483, 962
102513, 963
102554, 964
102569, 965
102611, 966
102652, 967
102702, 968
102736, 969
102775, 970
102802, 971
102844, 972
102861, 973
102916, 974
102945, 975
102974, 976
102999, 977
103040, 978
103083, 979
103108, 980
103135, 981
103176, 982
103216, 983
103235, 984
103271, 985
103308, 986
103338, 987
103377, 988
103406, 989
103445, 990
103461, 991
103502, 992
103543, 993
103573, 994
103637, 995
103655, 996
103693, 997
103708, 998
103748, 999
103790, 1000
103817, 1001
103858, 1002
103875, 1003
103914, 1004
103955, 1005
103983, 1006
104010, 1007
104049, 1008
104090, 1009
104116, 1010
104153, 1011
104187, 1012
104222, 1013
104252, 1014
104282, 1015
104321, 1016
104351, 1017
104391, 1018
104419, 1019
104446, 1020
104509, 1021
104530, 1022
104571, 1023
104599, 1024
104626, 1025
104667, 1026
104686, 1027
104725, 1028
104766, 1029
104794, 1030
104825, 1031
104864, 1032
104890, 1033
104935, 1034
104962, 1035
104995, 1036
105031, 1037
105061, 1038
105099, 1039
105127, 1040
105172, 1041
105198, 1042
105215, 1043
105269, 1044
105295, 1045
105337, 1046
105359, 1047
105396, 1048
105438, 1049
105477, 1050
105495, 1051
105545, 1052
105561, 1053
105603, 1054
105644, 1055
105659, 1056
105701, 1057
105745, 1058
105773, 1059
105810, 1060
105838, 1061
105867, 1062
105909, 1063
105934, 1064
105976, 1065
105993, 1066
106051, 1067
106076, 1068
106104, 1069
106145, 1070
106175, 1071
106199, 1072
106244, 1073
106289, 1074
106314, 1075
106339, 1076
106381, 1077
106409, 1078
106440, 1079
106467, 1080
106517, 1081
106534, 1082
106584, 1083
106601, 1084
106654, 1085
106679, 1086
106708, 1087
106748, 1088
106767, 1089
106805, 1090
106843, 1091
106884, 1092
106901, 1093
106955, 1094
106980, 1095
106998, 1096
107049, 1097
107066, 1098
107106, 1099
107147, 1100
107198, 1101
107243, 1102
107280, 1103
107307, 1104
107345, 1105
107372, 1106
107414, 1107
107441, 1108
107472, 1109
107509, 1110
107549, 1111
107565, 1112
107603, 1113
107641, 1114
107680, 1115
107707, 1116
107744, 1117
107773, 1118
107805, 1119
107843, 1120
107872, 1121
107911, 1122
107938, 1123
107978, 1124
107996, 1125
108045, 1126
108085, 1127
108114, 1128
108142, 1129
108194, 1130
108224, 1131
108251, 1132
108287, 1133
108315, 1134
108342, 1135
108381, 1136
108421, 1137
108450, 1138
108486, 1139
108514, 1140
108559, 1141
108583, 1142
108623, 1143
108651, 1144
108693, 1145
108720, 1146
108746, 1147
108787, 1148
108827, 1149
108844, 1150
108883, 1151
108923, 1152
108951, 1153
108980, 1154
109039, 1155
109060, 1156
109087, 1157
109127, 1158
109157, 1159
109181, 1160
109224, 1161
109261, 1162
109281, 1163
109331, 1164
109359, 1165
109385, 1166
109427, 1167
109453, 1168
109490, 1169
109519, 1170
109557, 1171
109584, 1172
109627, 1173
109653, 1174
109695, 1175
109722, 1176
109751, 1177
109794, 1178
109820, 1179
109864, 1180
109902, 1181
109945, 1182
109974, 1183
110001, 1184
110042, 1185
110075, 1186
110110, 1187
110141, 1188
110180, 1189
110205, 1190
110245, 1191
110277, 1192
110300, 1193
110340, 1194
110379, 1195
110407, 1196
110447, 1197
110466, 1198
110518, 1199
110544, 1200
110572, 1201
110615, 1202
110644, 1203
110672, 1204
110716, 1205
110740, 1206
110801, 1207
110822, 1208
110849, 1209
110887, 1210
110914, 1211
110953, 1212
110982, 1213
111021, 1214
111047, 1215
111075, 1216
111115, 1217
111156, 1218
111175, 1219
111228, 1220
111256, 1221
111284, 1222
111321, 1223
111350, 1224
111381, 1225
111421, 1226
111448, 1227
111480, 1228
111525, 1229
111558, 1230
111586, 1231
111628, 1232
111653, 1233
111735, 1234
111753, 1235
111788, 1236
111816, 1237
111855, 1238
111883, 1239
111923, 1240
111951, 1241
111993, 1242
112021, 1243
112062, 1244
112078, 1245
112116, 1246
112158, 1247
112185, 1248
112216, 1249
112256, 1250
112285, 1251
112314, 1252
112353, 1253
112384, 1254
112423, 1255
112452, 1256
112494, 1257
112521, 1258
112549, 1259
112615, 1260
112633, 1261
112655, 1262
112683, 1263
112718, 1264
112748, 1265
112786, 1266
112825, 1267
112854, 1268
112880, 1269
112926, 1270
112956, 1271
112978, 1272
113016, 1273
113055, 1274
113084, 1275
113123, 1276
113149, 1277
113174, 1278
113228, 1279
113257, 1280
113284, 1281
113328, 1282
113357, 1283
113384, 1284
113423, 1285
113452, 1286
113510, 1287
113534, 1288
113564, 1289
113605, 1290
113634, 1291
113662, 1292
113704, 1293
113732, 1294
113774, 1295
113802, 1296
113830, 1297
113869, 1298
113907, 1299
113926, 1300
113977, 1301
114006, 1302
114031, 1303
114071, 1304
114098, 1305
114126, 1306
114168, 1307
114195, 1308
114236, 1309
114262, 1310
114302, 1311
114329, 1312
114371, 1313
114424, 1314
114456, 1315
114500, 1316
114530, 1317
114555, 1318
114593, 1319
114624, 1320
114649, 1321
114687, 1322
114726, 1323
114754, 1324
114791, 1325
114829, 1326
114860, 1327
114889, 1328
114917, 1329
114967, 1330
114986, 1331
115032, 1332
115062, 1333
115087, 1334
115125, 1335
115168, 1336
115196, 1337
115222, 1338
115252, 1339
115293, 1340
115323, 1341
115375, 1342
115399, 1343
115455, 1344
115483, 1345
115510, 1346
115549, 1347
115577, 1348
115617, 1349
115642, 1350
115681, 1351
115711, 1352
115752, 1353
115781, 1354
115809, 1355
115847, 1356
115887, 1357
115916, 1358
115945, 1359
115976, 1360
116016, 1361
116043, 1362
116085, 1363
116112, 1364
116140, 1365
116183, 1366
116212, 1367
116252, 1368
116322, 1369
116348, 1370
116393, 1371
116420, 1372
116447, 1373
116488, 1374
116519, 1375
116544, 1376
116586, 1377
116615, 1378
116657, 1379
116698, 1380
116717, 1381
116754, 1382
116783, 1383
116823, 1384
116852, 1385
116880, 1386
116921, 1387
116949, 1388
116976, 1389
117016, 1390
117048, 1391
117087, 1392
117116, 1393
117173, 1394
117200, 1395
117227, 1396
117254, 1397
117295, 1398
117325, 1399
117357, 1400
117394, 1401
117425, 1402
117462, 1403
117506, 1404
117536, 1405
117563, 1406
117590, 1407
117628, 1408
117657, 1409
117694, 1410
117722, 1411
117763, 1412
117782, 1413
117830, 1414
117847, 1415
117899, 1416
117925, 1417
117964, 1418
117992, 1419
118038, 1420
118061, 1421
118107, 1422
118130, 1423
118171, 1424
118202, 1425
118242, 1426
118259, 1427
118313, 1428
118338, 1429
118369, 1430
118410, 1431
118429, 1432
118479, 1433
118497, 1434
118537, 1435
118569, 1436
118604, 1437
118633, 1438
118674, 1439
118706, 1440
118743, 1441
118774, 1442
118800, 1443
118843, 1444
118886, 1445
118913, 1446
118955, 1447
118979, 1448
119021, 1449
119039, 1450
119078, 1451
119120, 1452
119147, 1453
119175, 1454
119216, 1455
119248, 1456
119287, 1457
119317, 1458
119346, 1459
119384, 1460
119411, 1461
119454, 1462
119472, 1463
119513, 1464
119551, 1465
119579, 1466
119609, 1467
119652, 1468
119681, 1469
119707, 1470
119773, 1471
119802, 1472
119832, 1473
119857, 1474
119874, 1475
119912, 1476
119943, 1477
119983, 1478
120012, 1479
120054, 1480
120072, 1481
120124, 1482
120152, 1483
120179, 1484
120221, 1485
120237, 1486
120281, 1487
120318, 1488
120346, 1489
120389, 1490
120415, 1491
120443, 1492
120488, 1493
120514, 1494
120556, 1495
120583, 1496
120647, 1497
120668, 1498
120707, 1499
120746, 1500
120764, 1501
120814, 1502
120842, 1503
120866, 1504
120905, 1505
120948, 1506
120974, 1507
121016, 1508
121041, 1509
121083, 1510
121099, 1511
121139, 1512
121184, 1513
121209, 1514
121241, 1515
121279, 1516
121324, 1517
121349, 1518
121378, 1519
121403, 1520
121444, 1521
121475, 1522
121531, 1523
121557, 1524
121583, 1525
121611, 1526
121628, 1527
121681, 1528
121701, 1529
121751, 1530
121766, 1531
121807, 1532
121846, 1533
121874, 1534
121918, 1535
121945, 1536
121973, 1537
122015, 1538
122042, 1539
122061, 1540
122113, 1541
122141, 1542
122170, 1543
122211, 1544
122242, 1545
122281, 1546
122298, 1547
122339, 1548
122389, 1549
122405, 1550
122457, 1551
122486, 1552
122509, 1553
122552, 1554
122590, 1555
122608, 1556
122645, 1557
122686, 1558
122717, 1559
122742, 1560
122782, 1561
122812, 1562
122850, 1563
122880, 1564
122920, 1565
122936, 1566
122993, 1567
123020, 1568
123048, 1569
123088, 1570
123115, 1571
123146, 1572
123187, 1573
123214, 1574
123266, 1575
123285, 1576
123336, 1577
123364, 1578
123404, 1579
123430, 1580
123470, 1581
123496, 1582
123536, 1583
123563, 1584
123604, 1585
123631, 1586
123659, 1587
123702, 1588
123729, 1589
123771, 1590
123799, 1591
123831, 1592
123868, 1593
123908, 1594
123926, 1595
123966, 1596
123994, 1597
124034, 1598
124064, 1599
124105, 1600
124144, 1601
124161, 1602
124215, 1603
124243, 1604
124272, 1605
124299, 1606
124341, 1607
124359, 1608
124410, 1609
124438, 1610
124466, 1611
124506, 1612
124526, 1613
124565, 1614
124604, 1615
124621, 1616
124674, 1617
124690, 1618
124731, 1619
124774, 1620
124800, 1621
124829, 1622
124870, 1623
124899, 1624
124940, 1625
124957, 1626
125039, 1627
125065, 1628
125094, 1629
125119, 1630
125134, 1631
125178, 1632
125219, 1633
125245, 1634
125275, 1635
125316, 1636
125347, 1637
125387, 1638
125415, 1639
125443, 1640
125486, 1641
125512, 1642
125552, 1643
125568, 1644
125611, 1645
125651, 1646
125668, 1647
125713, 1648
125748, 1649
125788, 1650
125816, 1651
125863, 1652
125888, 1653
125918, 1654
125956, 1655
126001, 1656
126026, 1657
126054, 1658
126095, 1659
126113, 1660
126165, 1661
126184, 1662
126221, 1663
126263, 1664
126281, 1665
126336, 1666
126361, 1667
126378, 1668
126430, 1669
126447, 1670
126490, 1671
126527, 1672
126557, 1673
126596, 1674
126624, 1675
126652, 1676
126694, 1677
126735, 1678
126776, 1679
126794, 1680
126838, 1681
126874, 1682
126906, 1683
126944, 1684
126961, 1685
127001, 1686
127042, 1687
127070, 1688
127113, 1689
127132, 1690
127182, 1691
127200, 1692
127238, 1693
127279, 1694
127307, 1695
127326, 1696
127377, 1697
127394, 1698
127437, 1699
127474, 1700
127504, 1701
127567, 1702
127586, 1703
127611, 1704
127652, 1705
127680, 1706
127724, 1707
127750, 1708
127791, 1709
127820, 1710
127848, 1711
127887, 1712
127926, 1713
127954, 1714
127990, 1715
128022, 1716
128060, 1717
128087, 1718
128118, 1719
128156, 1720
128185, 1721
128228, 1722
128254, 1723
128284, 1724
128324, 1725
128352, 1726
128416, 1727
128435, 1728
128462, 1729
128501, 1730
128532, 1731
128573, 1732
128603, 1733
128629, 1734
128671, 1735
128700, 1736
128743, 1737
128768, 1738
128799, 1739
128838, 1740
128858, 1741
128898, 1742
128937, 1743
128963, 1744
129006, 1745
129023, 1746
129076, 1747
129104, 1748
129131, 1749
129175, 1750
129199, 1751
129240, 1752
129258, 1753
129327, 1754
129375, 1755
129393, 1756
129444, 1757
129472, 1758
129496, 1759
129536, 1760
129576, 1761
129595, 1762
129634, 1763
129660, 1764
129701, 1765
129742, 1766
129769, 1767
129798, 1768
129841, 1769
129859, 1770
129901, 1771
129936, 1772
129964, 1773
130004, 1774
130043, 1775
130070, 1776
130107, 1777
130125, 1778
130176, 1779
130194, 1780
130232, 1781
130275, 1782
130300, 1783
130329, 1784
130369, 1785
130399, 1786
130440, 1787
130457, 1788
130498, 1789
130539, 1790
130568, 1791
130595, 1792
130632, 1793
130663, 1794
130702, 1795
130743, 1796
130769, 1797
130794, 1798
130836, 1799
130875, 1800
130902, 1801
130929, 1802
130970, 1803
131012, 1804
131035, 1805
131078, 1806
131105, 1807
131144, 1808
131161, 1809
131214, 1810
131241, 1811
131277, 1812
131304, 1813
131345, 1814
131361, 1815
131406, 1816
131441, 1817
131471, 1818
131511, 1819
131539, 1820
131567, 1821
131609, 1822
131636, 1823
131678, 1824
131706, 1825
131738, 1826
131779, 1827
131805, 1828
131859, 1829
131888, 1830
131929, 1831
131958, 1832
131998, 1833
132016, 1834
132066, 1835
132084, 1836
132126, 1837
132164, 1838
132192, 1839
132234, 1840
132250, 1841
132292, 1842
132336, 1843
132361, 1844
132390, 1845
132430, 1846
132457, 1847
132500, 1848
132526, 1849
132567, 1850
132584, 1851
132622, 1852
132668, 1853
132706, 1854
132747, 1855
132775, 1856
132806, 1857
132842, 1858
132871, 1859
132908, 1860
132947, 1861
132965, 1862
133004, 1863
133045, 1864
133071, 1865
133112, 1866
133141, 1867
133172, 1868
133210, 1869
133251, 1870
133280, 1871
133310, 1872
133336, 1873
133381, 1874
133407, 1875
133444, 1876
133473, 1877
133502, 1878
133577, 1879
133597, 1880
133623, 1881
133650, 1882
133676, 1883
133720, 1884
133756, 1885
133786, 1886
133824, 1887
133851, 1888
133880, 1889
133919, 1890
133950, 1891
133990, 1892
134018, 1893
134056, 1894
134084, 1895
134122, 1896
134151, 1897
134189, 1898
134215, 1899
134256, 1900
134287, 1901
134324, 1902
134356, 1903
134381, 1904
134439, 1905
134461, 1906
134488, 1907
134518, 1908
134560, 1909
134587, 1910
134616, 1911
134659, 1912
134687, 1913
134714, 1914
134755, 1915
134798, 1916
134823, 1917
134853, 1918
134896, 1919
134923, 1920
134952, 1921
134993, 1922
135020, 1923
135050, 1924
135090, 1925
135120, 1926
135160, 1927
135185, 1928
135215, 1929
135286, 1930
135315, 1931
135342, 1932
135367, 1933
135384, 1934
135425, 1935
135454, 1936
135481, 1937
135520, 1938
135550, 1939
135593, 1940
135622, 1941
135660, 1942
135688, 1943
135719, 1944
135759, 1945
135787, 1946
135828, 1947
135843, 1948
135887, 1949
135928, 1950
135955, 1951
135980, 1952
136026, 1953
136053, 1954
136106, 1955
136149, 1956
136178, 1957
136205, 1958
136248, 1959
136264, 1960
136305, 1961
136342, 1962
136370, 1963
136411, 1964
136440, 1965
136482, 1966
136511, 1967
136538, 1968
136568, 1969
136609, 1970
136649, 1971
136680, 1972
136705, 1973
136745, 1974
136762, 1975
136818, 1976
136846, 1977
136871, 1978
136916, 1979
136966, 1980
136994, 1981
137039, 1982
137064, 1983
137095, 1984
137134, 1985
137162, 1986
137193, 1987
137233, 1988
137265, 1989
137305, 1990
137331, 1991
137363, 1992
137400, 1993
137428, 1994
137470, 1995
137498, 1996
137517, 1997
137570, 1998
137596, 1999
137625, 2000
137665, 2001
137695, 2002
137738, 2003
137766, 2004
137830, 2005
137847, 2006
137891, 2007
137931, 2008
137959, 2009
137986, 2010
138028, 2011
138056, 2012
138096, 2013
138129, 2014
138168, 2015
138193, 2016
138234, 2017
138262, 2018
138290, 2019
138334, 2020
138359, 2021
138390, 2022
138431, 2023
138449, 2024
138491, 2025
138528, 2026
138559, 2027
138597, 2028
138647, 2029
138671, 2030
138696, 2031
138722, 2032
138761, 2033
138800, 2034
138827, 2035
138866, 2036
138892, 2037
138934, 2038
138961, 2039
139003, 2040
139030, 2041
139057, 2042
139099, 2043
139128, 2044
139173, 2045
139199, 2046
139237, 2047
139255, 2048
139296, 2049
139336, 2050
139354, 2051
139395, 2052
139450, 2053
139477, 2054
139503, 2055
139530, 2056
139558, 2057
139599, 2058
139641, 2059
139668, 2060
139698, 2061
139740, 2062
139767, 2063
139812, 2064
139839, 2065
139866, 2066
139907, 2067
139927, 2068
139965, 2069
140006, 2070
140033, 2071
140077, 2072
140102, 2073
140144, 2074
140173, 2075
140213, 2076
140257, 2077
140283, 2078
140326, 2079
140354, 2080
140382, 2081
140419, 2082
140462, 2083
140482, 2084
140518, 2085
140560, 2086
140588, 2087
140606, 2088
140658, 2089
140676, 2090
140728, 2091
140746, 2092
140784, 2093
140826, 2094
140854, 2095
140883, 2096
140926, 2097
140956, 2098
141006, 2099
141039, 2100
141067, 2101
141107, 2102
141132, 2103
141173, 2104
141202, 2105
141242, 2106
141269, 2107
141309, 2108
141339, 2109
141382, 2110
141408, 2111
141428, 2112
141480, 2113
141500, 2114
141536, 2115
141578, 2116
141611, 2117
141642, 2118
141683, 2119
141703, 2120
141754, 2121
141781, 2122
141824, 2123
141849, 2124
141912, 2125
141933, 2126
141970, 2127
142010, 2128
142025, 2129
142068, 2130
142106, 2131
142133, 2132
142176, 2133
142203, 2134
142235, 2135
142273, 2136
142301, 2137
142343, 2138
142371, 2139
142399, 2140
142442, 2141
142468, 2142
142495, 2143
142534, 2144
142574, 2145
142602, 2146
142630, 2147
142678, 2148
142706, 2149
142762, 2150
142790, 2151
142830, 2152
142859, 2153
142899, 2154
142928, 2155
142954, 2156
142996, 2157
143024, 2158
143065, 2159
143084, 2160
143125, 2161
143163, 2162
143183, 2163
143236, 2164
143261, 2165
143287, 2166
143330, 2167
143360, 2168
143388, 2169
143430, 2170
143456, 2171
143499, 2172
143515, 2173
143589, 2174
143612, 2175
143636, 2176
143676, 2177
143706, 2178
143734, 2179
143775, 2180
143805, 2181
143843, 2182
143870, 2183
143908, 2184
143947, 2185
143975, 2186
144001, 2187
144043, 2188
144074, 2189
144114, 2190
144140, 2191
144170, 2192
144207, 2193
144238, 2194
144279, 2195
144305, 2196
144347, 2197
144374, 2198
144407, 2199
144463, 2200
144486, 2201
144515, 2202
144554, 2203
144583, 2204
144609, 2205
144649, 2206
144688, 2207
144716, 2208
144753, 2209
144780, 2210
144820, 2211
144848, 2212
144890, 2213
144916, 2214
144963, 2215
144989, 2216
145025, 2217
145052, 2218
145091, 2219
145120, 2220
145146, 2221
145197, 2222
145226, 2223
145274, 2224
145294, 2225
145336, 2226
145375, 2227
145403, 2228
145431, 2229
145475, 2230
145501, 2231
145543, 2232
145561, 2233
145600, 2234
145641, 2235
145659, 2236
145698, 2237
145740, 2238
145768, 2239
145799, 2240
145841, 2241
145866, 2242
145906, 2243
145937, 2244
145962, 2245
146003, 2246
146036, 2247
146072, 2248
146134, 2249
146156, 2250
146198, 2251
146230, 2252
146266, 2253
146294, 2254
146324, 2255
146364, 2256
146407, 2257
146434, 2258
146462, 2259
146497, 2260
146521, 2261
146572, 2262
146600, 2263
146620, 2264
146669, 2265
146687, 2266
146734, 2267
146763, 2268
146788, 2269
146830, 2270
146866, 2271
146893, 2272
146946, 2273
146964, 2274
147000, 2275
147027, 2276
147065, 2277
147092, 2278
147134, 2279
147161, 2280
147203, 2281
147230, 2282
147258, 2283
147286, 2284
147330, 2285
147368, 2286
147387, 2287
147425, 2288
147466, 2289
147493, 2290
147537, 2291
147562, 2292
147592, 2293
147634, 2294
147663, 2295
147690, 2296
147750, 2297
147773, 2298
147797, 2299
147840, 2300
147869, 2301
147896, 2302
147936, 2303
147975, 2304
147994, 2305
148043, 2306
148061, 2307
148110, 2308
148128, 2309
148179, 2310
148206, 2311
148232, 2312
148277, 2313
148302, 2314
148331, 2315
148372, 2316
148400, 2317
148441, 2318
148469, 2319
148502, 2320
148538, 2321
148599, 2322
148620, 2323
148647, 2324
148691, 2325
148707, 2326
148750, 2327
148787, 2328
148815, 2329
148842, 2330
148886, 2331
148905, 2332
148956, 2333
148974, 2334
149011, 2335
149054, 2336
149081, 2337
149110, 2338
149154, 2339
149179, 2340
149221, 2341
149249, 2342
149277, 2343
149321, 2344
149346, 2345
149373, 2346
149437, 2347
149457, 2348
149482, 2349
149524, 2350
149548, 2351
149589, 2352
149630, 2353
149657, 2354
149682, 2355
149723, 2356
149763, 2357
149790, 2358
149820, 2359
149850, 2360
149889, 2361
149920, 2362
149958, 2363
149987, 2364
150028, 2365
150046, 2366
150096, 2367
150115, 2368
150155, 2369
150181, 2370
150219, 2371
150258, 2372
150315, 2373
150340, 2374
150376, 2375
150418, 2376
150437, 2377
150473, 2378
150515, 2379
150531, 2380
150585, 2381
150601, 2382
150644, 2383
150670, 2384
150708, 2385
150748, 2386
150766, 2387
150813, 2388
150842, 2389
150880, 2390
150906, 2391
150948, 2392
150988, 2393
151016, 2394
151036, 2395
151086, 2396
151113, 2397
151161, 2398
151183, 2399
151222, 2400
151266, 2401
151295, 2402
151323, 2403
151362, 2404
151400, 2405
151421, 2406
151469, 2407
151497, 2408
151520, 2409
151560, 2410
151603, 2411
151629, 2412
151655, 2413
151700, 2414
151726, 2415
151758, 2416
151794, 2417
151822, 2418
151865, 2419
151894, 2420
151924, 2421
151963, 2422
152001, 2423
152043, 2424
152063, 2425
152113, 2426
152138, 2427
152179, 2428
152207, 2429
152234, 2430
152272, 2431
152312, 2432
152342, 2433
152371, 2434
152409, 2435
152448, 2436
152467, 2437
152503, 2438
152544, 2439
152583, 2440
152599, 2441
152639, 2442
152676, 2443
152721, 2444
152745, 2445
152796, 2446
152823, 2447
152840, 2448
152891, 2449
152919, 2450
152958, 2451
152986, 2452
153024, 2453
153052, 2454
153078, 2455
153120, 2456
153152, 2457
153187, 2458
153218, 2459
153256, 2460
153286, 2461
153312, 2462
153354, 2463
153381, 2464
153425, 2465
153451, 2466
153482, 2467
153524, 2468
153561, 2469
153599, 2470
153615, 2471
153665, 2472
153694, 2473
153733, 2474
153764, 2475
153789, 2476
153829, 2477
153858, 2478
153899, 2479
153927, 2480
153955, 2481
153996, 2482
154039, 2483
154065, 2484
154095, 2485
154121, 2486
154162, 2487
154192, 2488
154234, 2489
154260, 2490
154330, 2491
154348, 2492
154375, 2493
154413, 2494
154454, 2495
154483, 2496
154513, 2497
154552, 2498
154580, 2499
154622, 2500
154649, 2501
154692, 2502
154720, 2503
154746, 2504
154789, 2505
154818, 2506
154845, 2507
154888, 2508
154906, 2509
154957, 2510
154985, 2511
155013, 2512
155052, 2513
155084, 2514
155126, 2515
155163, 2516
155207, 2517
155233, 2518
155259, 2519
155303, 2520
155333, 2521
155363, 2522
155389, 2523
155437, 2524
155464, 2525
155489, 2526
155531, 2527
155569, 2528
155598, 2529
155631, 2530
155664, 2531
155705, 2532
155733, 2533
155774, 2534
155803, 2535
155832, 2536
155872, 2537
155918, 2538
155944, 2539
155985, 2540
156014, 2541
156042, 2542
156082, 2543
156120, 2544
156150, 2545
156187, 2546
156213, 2547
156252, 2548
156279, 2549
156320, 2550
156349, 2551
156379, 2552
156429, 2553
156456, 2554
156478, 2555
156516, 2556
156546, 2557
156587, 2558
156617, 2559
156641, 2560
156694, 2561
156743, 2562
156762, 2563
156802, 2564
156838, 2565
156868, 2566
156908, 2567
156934, 2568
156973, 2569
157015, 2570
157040, 2571
157071, 2572
157099, 2573
157151, 2574
157178, 2575
157203, 2576
157243, 2577
157270, 2578
157309, 2579
157336, 2580
157374, 2581
157412, 2582
157440, 2583
157482, 2584
157505, 2585
157546, 2586
157572, 2587
157616, 2588
157667, 2589
157708, 2590
157736, 2591
157765, 2592
157792, 2593
157832, 2594
157870, 2595
157899, 2596
157934, 2597
157953, 2598
158003, 2599
158032, 2600
158059, 2601
158103, 2602
158141, 2603
158158, 2604
158196, 2605
158237, 2606
158268, 2607
158295, 2608
158337, 2609
158365, 2610
158396, 2611
158435, 2612
158498, 2613
158517, 2614
158558, 2615
158600, 2616
158627, 2617
158651, 2618
158691, 2619
158732, 2620
158760, 2621
158796, 2622
158833, 2623
158852, 2624
158901, 2625
158929, 2626
158958, 2627
158991, 2628
159034, 2629
159053, 2630
159091, 2631
159131, 2632
159159, 2633
159202, 2634
159249, 2635
159270, 2636
159301, 2637
159341, 2638
159368, 2639
159408, 2640
159437, 2641
159475, 2642
159504, 2643
159540, 2644
159582, 2645
159609, 2646
159635, 2647
159677, 2648
159706, 2649
159734, 2650
159773, 2651
159802, 2652
159846, 2653
159872, 2654
159911, 2655
159928, 2656
159970, 2657
160031, 2658
160053, 2659
160090, 2660
160117, 2661
160143, 2662
160180, 2663
160221, 2664
160249, 2665
160276, 2666
160317, 2667
160357, 2668
160375, 2669
160413, 2670
160456, 2671
160481, 2672
160524, 2673
160554, 2674
160580, 2675
160622, 2676
160641, 2677
160692, 2678
160722, 2679
160750, 2680
160793, 2681
160832, 2682
160867, 2683
160907, 2684
160935, 2685
160974, 2686
161000, 2687
161041, 2688
161071, 2689
161095, 2690
161135, 2691
161165, 2692
161207, 2693
161234, 2694
161263, 2695
161305, 2696
161334, 2697
161374, 2698
161392, 2699
161433, 2700
161472, 2701
161500, 2702
161541, 2703
161560, 2704
161632, 2705
161653, 2706
161682, 2707
161720, 2708
161748, 2709
161779, 2710
161820, 2711
161848, 2712
161874, 2713
161918, 2714
161945, 2715
161987, 2716
162014, 2717
162057, 2718
162084, 2719
162113, 2720
162157, 2721
162183, 2722
162210, 2723
162252, 2724
162280, 2725
162322, 2726
162351, 2727
162382, 2728
162418, 2729
162474, 2730
162517, 2731
162548, 2732
162570, 2733
162612, 2734
162652, 2735
162672, 2736
162720, 2737
162748, 2738
162776, 2739
162817, 2740
162856, 2741
162886, 2742
162909, 2743
162952, 2744
162977, 2745
163021, 2746
163045, 2747
163083, 2748
163111, 2749
163155, 2750
163179, 2751
163235, 2752
163263, 2753
163286, 2754
163312, 2755
163341, 2756
163379, 2757
163422, 2758
163450, 2759
163478, 2760
163517, 2761
163546, 2762
163576, 2763
163618, 2764
163647, 2765
163688, 2766
163714, 2767
163754, 2768
163772, 2769
163815, 2770
163856, 2771
163880, 2772
163921, 2773
163951, 2774
163992, 2775
164031, 2776
164065, 2777
164100, 2778
164127, 2779
164166, 2780
164194, 2781
164230, 2782
164261, 2783
164299, 2784
164328, 2785
164368, 2786
164396, 2787
164424, 2788
164453, 2789
164496, 2790
164532, 2791
164559, 2792
164601, 2793
164630, 2794
164657, 2795
164697, 2796
164756, 2797
164779, 2798
164808, 2799
164847, 2800
164872, 2801
164910, 2802
164952, 2803
164979, 2804
165008, 2805
165051, 2806
165077, 2807
165120, 2808
165149, 2809
165176, 2810
165217, 2811
165233, 2812
165290, 2813
165317, 2814
165341, 2815
165385, 2816
165411, 2817
165443, 2818
165479, 2819
165533, 2820
165552, 2821
165589, 2822
165616, 2823
165652, 2824
165682, 2825
165710, 2826
165760, 2827
165785, 2828
165813, 2829
165858, 2830
165884, 2831
165912, 2832
165953, 2833
165981, 2834
166027, 2835
166053, 2836
166081, 2837
166108, 2838
166149, 2839
166190, 2840
166220, 2841
166246, 2842
166299, 2843
166342, 2844
166368, 2845
166396, 2846
166439, 2847
166464, 2848
166503, 2849
166532, 2850
166570, 2851
166598, 2852
166638, 2853
166656, 2854
166705, 2855
166723, 2856
166763, 2857
166805, 2858
166831, 2859
166875, 2860
166901, 2861
166945, 2862
166973, 2863
166999, 2864
167038, 2865
167054, 2866
167120, 2867
167136, 2868
167159, 2869
167197, 2870
167237, 2871
167265, 2872
167292, 2873
167334, 2874
167363, 2875
167403, 2876
167432, 2877
167459, 2878
167500, 2879
167530, 2880
167572, 2881
167599, 2882
167628, 2883
167667, 2884
167697, 2885
167742, 2886
167769, 2887
167800, 2888
167837, 2889
167867, 2890
167926, 2891
167950, 2892
167973, 2893
167999, 2894
168054, 2895
168082, 2896
168098, 2897
168152, 2898
168179, 2899
168209, 2900
168248, 2901
168275, 2902
168313, 2903
168342, 2904
168379, 2905
168407, 2906
168447, 2907
168474, 2908
168516, 2909
168543, 2910
168572, 2911
168615, 2912
168641, 2913
168683, 2914
168712, 2915
168755, 2916
168780, 2917
168822, 2918
168851, 2919
168885, 2920
168922, 2921
168949, 2922
168992, 2923
169020, 2924
169048, 2925
169084, 2926
169115, 2927
169154, 2928
169183, 2929
169214, 2930
169252, 2931
169292, 2932
169319, 2933
169343, 2934
169384, 2935
169425, 2936
169453, 2937
169488, 2938
169527, 2939
169545, 2940
169613, 2941
169637, 2942
169660, 2943
169703, 2944
169732, 2945
169758, 2946
169797, 2947
169837, 2948
169854, 2949
169904, 2950
169931, 2951
169956, 2952
169995, 2953
170036, 2954
170065, 2955
170089, 2956
170128, 2957
170168, 2958
170196, 2959
170230, 2960
170272, 2961
170299, 2962
170319, 2963
170369, 2964
170436, 2965
170452, 2966
170503, 2967
170531, 2968
170556, 2969
170595, 2970
170636, 2971
170662, 2972
170692, 2973
170734, 2974
170759, 2975
170798, 2976
170827, 2977
170867, 2978
170884, 2979
170937, 2980
170965, 2981
170984, 2982
171036, 2983
171064, 2984
171090, 2985
171134, 2986
171164, 2987
171190, 2988
171243, 2989
171258, 2990
171297, 2991
171337, 2992
171362, 2993
171387, 2994
171430, 2995
171468, 2996
171496, 2997
171537, 2998
171563, 2999
171593, 3000
171634, 3001
171666, 3002
171691, 3003
171741, 3004
171778, 3005
171803, 3006
171842, 3007
171880, 3008
171907, 3009
171944, 3010
171988, 3011
172030, 3012
172069, 3013
172097, 3014
172123, 3015
172166, 3016
172195, 3017
172230, 3018
172268, 3019
172296, 3020
172322, 3021
172378, 3022
172403, 3023
172429, 3024
172468, 3025
172494, 3026
172535, 3027
172555, 3028
172589, 3029
172639, 3030
172667, 3031
172695, 3032
172725, 3033
172761, 3034
172811, 3035
172830, 3036
172871, 3037
172908, 3038
172936, 3039
172974, 3040
173002, 3041
173045, 3042
173071, 3043
173108, 3044
173147, 3045
173175, 3046
173200, 3047
173239, 3048
173280, 3049
173308, 3050
173336, 3051
173376, 3052
173403, 3053
173447, 3054
173475, 3055
173499, 3056
173541, 3057
173580, 3058
173610, 3059
173650, 3060
173690, 3061
173726, 3062
173743, 3063
173794, 3064
173822, 3065
173861, 3066
173890, 3067
173918, 3068
173960, 3069
173989, 3070
174016, 3071
174054, 3072
174091, 3073
174119, 3074
174159, 3075
174188, 3076
174226, 3077
174255, 3078
174295, 3079
174323, 3080
174351, 3081
174391, 3082
174419, 3083
174503, 3084
174534, 3085
174559, 3086
174589, 3087
174627, 3088
174659, 3089
174686, 3090
174723, 3091
174754, 3092
174794, 3093
174823, 3094
174862, 3095
174880, 3096
174930, 3097
174957, 3098
174994, 3099
175019, 3100
175060, 3101
175090, 3102
175132, 3103
175159, 3104
175184, 3105
175225, 3106
175257, 3107
175310, 3108
175336, 3109
175355, 3110
175394, 3111
175424, 3112
175449, 3113
175492, 3114
175529, 3115
175545, 3116
175587, 3117
175627, 3118
175655, 3119
175688, 3120
175725, 3121
175756, 3122
175799, 3123
175826, 3124
175856, 3125
175882, 3126
175933, 3127
175952, 3128
175992, 3129
176032, 3130
176054, 3131
176103, 3132
176133, 3133
176171, 3134
176199, 3135
176242, 3136
176259, 3137
176312, 3138
176329, 3139
176368, 3140
176409, 3141
176439, 3142
176468, 3143
176507, 3144
176535, 3145
176576, 3146
176604, 3147
176632, 3148
176675, 3149
176702, 3150
176734, 3151
176772, 3152
176812, 3153
176831, 3154
176868, 3155
176930, 3156
176955, 3157
176982, 3158
177010, 3159
177038, 3160
177067, 3161
177105, 3162
177147, 3163
177166, 3164
177206, 3165
177246, 3166
177271, 3167
177311, 3168
177330, 3169
177369, 3170
177407, 3171
177436, 3172
177471, 3173
177512, 3174
177540, 3175
177566, 3176
177607, 3177
177625, 3178
177679, 3179
177727, 3180
177748, 3181
177784, 3182
177823, 3183
177838, 3184
177878, 3185
177919, 3186
177958, 3187
177975, 3188
178013, 3189
178056, 3190
178083, 3191
178110, 3192
178152, 3193
178192, 3194
178211, 3195
178250, 3196
178290, 3197
178311, 3198
178360, 3199
178387, 3200
178415, 3201
178459, 3202
178485, 3203
178511, 3204
178581, 3205
178607, 3206
178637, 3207
178656, 3208
178706, 3209
178735, 3210
178752, 3211
178793, 3212
178833, 3213
178859, 3214
178899, 3215
178927, 3216
178967, 3217
178986, 3218
179035, 3219
179066, 3220
179088, 3221
179131, 3222
179170, 3223
179198, 3224
179227, 3225
179265, 3226
179293, 3227
179337, 3228
179382, 3229
179408, 3230
179442, 3231
179470, 3232
179510, 3233
179545, 3234
179572, 3235
179615, 3236
179643, 3237
179671, 3238
179710, 3239
179753, 3240
179780, 3241
179811, 3242
179838, 3243
179879, 3244
179906, 3245
179947, 3246
179975, 3247
180017, 3248
180043, 3249
180088, 3250
180115, 3251
180144, 3252
180178, 3253
180226, 3254
180244, 3255
180284, 3256
180324, 3257
180351, 3258
180394, 3259
180421, 3260
180451, 3261
180491, 3262
180521, 3263
180546, 3264
180589, 3265
180633, 3266
180658, 3267
180683, 3268
180715, 3269
180754, 3270
180795, 3271
180821, 3272
180840, 3273
180894, 3274
180922, 3275
180952, 3276
180999, 3277
181019, 3278
181071, 3279
181099, 3280
181128, 3281
181173, 3282
181199, 3283
181229, 3284
181268, 3285
181298, 3286
181339, 3287
181359, 3288
181395, 3289
181437, 3290
181465, 3291
181505, 3292
181521, 3293
181563, 3294
181605, 3295
181631, 3296
181674, 3297
181703, 3298
181730, 3299
181758, 3300
181799, 3301
181855, 3302
181881, 3303
181909, 3304
181938, 3305
181966, 3306
182004, 3307
182032, 3308
182070, 3309
182110, 3310
182140, 3311
182166, 3312
182205, 3313
182234, 3314
182272, 3315
182302, 3316
182343, 3317
182369, 3318
182411, 3319
182431, 3320
182469, 3321
182508, 3322
182528, 3323
182579, 3324
182607, 3325
182661, 3326
182703, 3327
182729, 3328
182773, 3329
182802, 3330
182830, 3331
182874, 3332
182898, 3333
182942, 3334
182970, 3335
183000, 3336
183035, 3337
183064, 3338
183106, 3339
183134, 3340
183165, 3341
183194, 3342
183231, 3343
183262, 3344
183304, 3345
183331, 3346
183381, 3347
183409, 3348
183439, 3349
183463, 3350
183504, 3351
183567, 3352
183586, 3353
183626, 3354
183643, 3355
183693, 3356
183709, 3357
183753, 3358
183779, 3359
183817, 3360
183856, 3361
183884, 3362
183915, 3363
183958, 3364
183984, 3365
184011, 3366
184054, 3367
184079, 3368
184122, 3369
184139, 3370
184193, 3371
184221, 3372
184248, 3373
184279, 3374
184317, 3375
184349, 3376
184408, 3377
184429, 3378
184466, 3379
184483, 3380
184527, 3381
184565, 3382
184602, 3383
184630, 3384
184656, 3385
184695, 3386
184736, 3387
184767, 3388
184793, 3389
184834, 3390
184861, 3391
184887, 3392
184931, 3393
184960, 3394
185000, 3395
185018, 3396
185073, 3397
185102, 3398
185125, 3399
185169, 3400
185222, 3401
185248, 3402
185266, 3403
185318, 3404
185348, 3405
185379, 3406
185405, 3407
185446, 3408
185485, 3409
185513, 3410
185544, 3411
185585, 3412
185613, 3413
185656, 3414
185673, 3415
185713, 3416
185752, 3417
185781, 3418
185809, 3419
185849, 3420
185878, 3421
185907, 3422
185950, 3423
186028, 3424
186047, 3425
186096, 3426
186123, 3427
186147, 3428
186191, 3429
186228, 3430
186256, 3431
186285, 3432
186324, 3433
186355, 3434
186391, 3435
186410, 3436
186465, 3437
186489, 3438
186519, 3439
186559, 3440
186585, 3441
186627, 3442
186644, 3443
186699, 3444
186728, 3445
186753, 3446
186782, 3447
186866, 3448
186895, 3449
186921, 3450
186948, 3451
186992, 3452
187020, 3453
187047, 3454
187088, 3455
187116, 3456
187147, 3457
187184, 3458
187214, 3459
187255, 3460
187273, 3461
187314, 3462
187354, 3463
187381, 3464
187408, 3465
187449, 3466
187492, 3467
187520, 3468
187546, 3469
187618, 3470
187645, 3471
187672, 3472
187690, 3473
187715, 3474
187756, 3475
187784, 3476
187814, 3477
187858, 3478
187884, 3479
187923, 3480
187940, 3481
187980, 3482
188023, 3483
188040, 3484
188092, 3485
188108, 3486
188150, 3487
188190, 3488
188206, 3489
188248, 3490
188287, 3491
188317, 3492
188382, 3493
188400, 3494
188437, 3495
188465, 3496
188507, 3497
188534, 3498
188562, 3499
188605, 3500
188621, 3501
188667, 3502
188703, 3503
188731, 3504
188762, 3505
188803, 3506
188831, 3507
188871, 3508
188899, 3509
188942, 3510
188968, 3511
188997, 3512
189039, 3513
189069, 3514
189094, 3515
189136, 3516
189179, 3517
189206, 3518
189234, 3519
189274, 3520
189304, 3521
189348, 3522
189374, 3523
189400, 3524
189439, 3525
189483, 3526
189509, 3527
189528, 3528
189580, 3529
189608, 3530
189625, 3531
189682, 3532
189706, 3533
189739, 3534
189774, 3535
189805, 3536
189844, 3537
189875, 3538
189916, 3539
189965, 3540
189987, 3541
190024, 3542
190051, 3543
190081, 3544
190123, 3545
190151, 3546
190193, 3547
190220, 3548
190250, 3549
190290, 3550
190319, 3551
190348, 3552
190388, 3553
190417, 3554
190461, 3555
190485, 3556
190515, 3557
190557, 3558
190582, 3559
190626, 3560
190653, 3561
190695, 3562
190712, 3563
190753, 3564
190828, 3565
190851, 3566
190877, 3567
190915, 3568
190942, 3569
190981, 3570
191010, 3571
191046, 3572
191077, 3573
191114, 3574
191142, 3575
191170, 3576
191222, 3577
191240, 3578
191278, 3579
191323, 3580
191348, 3581
191379, 3582
191418, 3583
191446, 3584
191473, 3585
191514, 3586
191542, 3587
191608, 3588
191629, 3589
191664, 3590
191679, 3591
191732, 3592
191759, 3593
191795, 3594
191813, 3595
191865, 3596
191893, 3597
191920, 3598
191948, 3599
192002, 3600
192029, 3601
192047, 3602
192088, 3603
192131, 3604
192159, 3605
192185, 3606
192225, 3607
192257, 3608
192297, 3609
192322, 3610
192376, 3611
192392, 3612
192443, 3613
192473, 3614
192497, 3615
192534, 3616
192574, 3617
192601, 3618
192646, 3619
192674, 3620
192698, 3621
192739, 3622
192770, 3623
192810, 3624
192828, 3625
192869, 3626
192912, 3627
192935, 3628
192963, 3629
193009, 3630
193044, 3631
193063, 3632
193103, 3633
193172, 3634
193201, 3635
193228, 3636
193245, 3637
193297, 3638
193325, 3639
193344, 3640
193395, 3641
193410, 3642
193453, 3643
193491, 3644
193520, 3645
193563, 3646
193590, 3647
193618, 3648
193659, 3649
193687, 3650
193718, 3651
193758, 3652
193786, 3653
193827, 3654
193846, 3655
193885, 3656
193924, 3657
193953, 3658
194007, 3659
194025, 3660
194076, 3661
194094, 3662
194135, 3663
194175, 3664
194203, 3665
194248, 3666
194273, 3667
194299, 3668
194341, 3669
194360, 3670
194412, 3671
194440, 3672
194480, 3673
194495, 3674
194538, 3675
194578, 3676
194597, 3677
194637, 3678
194677, 3679
194705, 3680
194730, 3681
194813, 3682
194842, 3683
194870, 3684
194913, 3685
194939, 3686
194967, 3687
195009, 3688
195038, 3689
195070, 3690
195106, 3691
195137, 3692
195179, 3693
195207, 3694
195234, 3695
195270, 3696
195308, 3697
195338, 3698
195375, 3699
195402, 3700
195442, 3701
195472, 3702
195513, 3703
195540, 3704
195587, 3705
195609, 3706
195648, 3707
195677, 3708
195718, 3709
195750, 3710
195789, 3711
195816, 3712
195846, 3713
195887, 3714
195916, 3715
195942, 3716
195984, 3717
196025, 3718
196041, 3719
196082, 3720
196127, 3721
196153, 3722
196178, 3723
196221, 3724
196248, 3725
196280, 3726
196319, 3727
196346, 3728
196415, 3729
196433, 3730
196458, 3731
196476, 3732
196513, 3733
196556, 3734
196582, 3735
196613, 3736
196652, 3737
196696, 3738
196722, 3739
196739, 3740
196779, 3741
196824, 3742
196850, 3743
196875, 3744
196916, 3745
196945, 3746
196988, 3747
197014, 3748
197057, 3749
197084, 3750
197115, 3751
197156, 3752
197204, 3753
197224, 3754
197263, 3755
197307, 3756
197334, 3757
197364, 3758
197402, 3759
197420, 3760
197471, 3761
197502, 3762
197529, 3763
197558, 3764
197597, 3765
197628, 3766
197668, 3767
197697, 3768
197728, 3769
197766, 3770
197800, 3771
197835, 3772
197851, 3773
197910, 3774
197938, 3775
197960, 3776
198016, 3777
198030, 3778
198067, 3779
198108, 3780
198138, 3781
198160, 3782
198199, 3783
198229, 3784
198269, 3785
198298, 3786
198338, 3787
198366, 3788
198395, 3789
198437, 3790
198464, 3791
198506, 3792
198532, 3793
198575, 3794
198603, 3795
198631, 3796
198672, 3797
198700, 3798
198728, 3799
198770, 3800
198799, 3801
198866, 3802
198884, 3803
198924, 3804
198951, 3805
198978, 3806
199022, 3807
199050, 3808
199077, 3809
199118, 3810
199145, 3811
199188, 3812
199218, 3813
199245, 3814
199285, 3815
199315, 3816
199355, 3817
199375, 3818
199424, 3819
199442, 3820
199481, 3821
199521, 3822
199548, 3823
199598, 3824
199620, 3825
199674, 3826
199702, 3827
199729, 3828
199770, 3829
199789, 3830
199831, 3831
199867, 3832
199892, 3833
199935, 3834
199951, 3835
200001, 3836
200028, 3837
200058, 3838
200096, 3839
200125, 3840
200165, 3841
200193, 3842
200236, 3843
200263, 3844
200292, 3845
200332, 3846
200361, 3847
200403, 3848
200418, 3849
200460, 3850
200501, 3851
200518, 3852
200570, 3853
200586, 3854
200628, 3855
200666, 3856
200695, 3857
200725, 3858
200762, 3859
200804, 3860
200819, 3861
200861, 3862
200892, 3863
200931, 3864
200960, 3865
201002, 3866
201030, 3867
201060, 3868
201119, 3869
201140, 3870
201166, 3871
201207, 3872
201236, 3873
201265, 3874
201306, 3875
201335, 3876
201365, 3877
201404, 3878
201434, 3879
201462, 3880
201502, 3881
201531, 3882
201571, 3883
201600, 3884
201642, 3885
201657, 3886
201698, 3887
201740, 3888
201768, 3889
201797, 3890
201843, 3891
201879, 3892
201902, 3893
201944, 3894
201975, 3895
202017, 3896
202032, 3897
202073, 3898
202115, 3899
202143, 3900
202170, 3901
202211, 3902
202239, 3903
202280, 3904
202308, 3905
202336, 3906
202379, 3907
202407, 3908
202436, 3909
202476, 3910
202505, 3911
202547, 3912
202576, 3913
202603, 3914
202645, 3915
202673, 3916
202702, 3917
202742, 3918
202771, 3919
202813, 3920
202839, 3921
202881, 3922
202895, 3923
202938, 3924
202996, 3925
203009, 3926
203048, 3927
203077, 3928
203117, 3929
203146, 3930
203174, 3931
203215, 3932
203245, 3933
203285, 3934
203313, 3935
203340, 3936
203382, 3937
203411, 3938
203453, 3939
203467, 3940
203509, 3941
203550, 3942
203579, 3943
203620, 3944
203635, 3945
203676, 3946
203717, 3947
203745, 3948
203787, 3949
203802, 3950
203844, 3951
203885, 3952
203900, 3953
203943, 3954
203982, 3955
204010, 3956
204040, 3957
204079, 3958
204121, 3959
204135, 3960
204178, 3961
204208, 3962
204246, 3963
204277, 3964
204316, 3965
204344, 3966
204387, 3967
204415, 3968
204442, 3969
204482, 3970
204511, 3971
204540, 3972
204581, 3973
204610, 3974
204651, 3975
204680, 3976
204707, 3977
204749, 3978
204777, 3979
204819, 3980
204834, 3981
204885, 3982
204917, 3983
204931, 3984
204975, 3985
205013, 3986
205043, 3987
205081, 3988
205110, 3989
205152, 3990
205180, 3991
205210, 3992
205250, 3993
205279, 3994
205310, 3995
205347, 3996
205376, 3997
205417, 3998
205445, 3999
205486, 4000
205501, 4001
205543, 4002
205585, 4003
205613, 4004
205642, 4005
205682, 4006
205710, 4007
205752, 4008
205780, 4009
205809, 4010
205848, 4011
205876, 4012
205918, 4013
205946, 4014
205975, 4015
206016, 4016
206044, 4017
206086, 4018
206115, 4019
206143, 4020
206184, 4021
206213, 4022
206242, 4023
206281, 4024
206322, 4025
206337, 4026
206379, 4027
206409, 4028
206448, 4029
206478, 4030
206518, 4031
206545, 4032
206575, 4033
206615, 4034
206648, 4035
206696, 4036
206712, 4037
206754, 4038
206782, 4039
206810, 4040
206851, 4041
206880, 4042
206921, 4043
206949, 4044
206977, 4045
207019, 4046
207048, 4047
207088, 4048
207104, 4049
207144, 4050
207185, 4051
207213, 4052
207256, 4053
207270, 4054
207312, 4055
207353, 4056
207368, 4057
207422, 4058
207437, 4059
207479, 4060
207520, 4061
207549, 4062
207579, 4063
207617, 4064
207645, 4065
207688, 4066
207716, 4067
207744, 4068
207785, 4069
207813, 4070
207844, 4071
207882, 4072
207910, 4073
207952, 4074
207981, 4075
208022, 4076
208037, 4077
208080, 4078
208118, 4079
208147, 4080
208176, 4081
208217, 4082
208246, 4083
208286, 4084
208314, 4085
208355, 4086
208371, 4087
208415, 4088
208462, 4089
208480, 4090
208512, 4091
208551, 4092
208580, 4093
208621, 4094
208636, 4095
208678, 4096
208721, 4097
208747, 4098
208787, 4099
208814, 4100
208845, 4101
208883, 4102
208911, 4103
208953, 4104
208980, 4105
209023, 4106
209037, 4107
209079, 4108
209119, 4109
209148, 4110
209177, 4111
209217, 4112
209247, 4113
209286, 4114
209314, 4115
209354, 4116
209383, 4117
209412, 4118
209454, 4119
209482, 4120
209522, 4121
209537, 4122
209577, 4123
209620, 4124
209635, 4125
209677, 4126
209719, 4127
209746, 4128
209778, 4129
209815, 4130
209844, 4131
209884, 4132
209913, 4133
209955, 4134
209970, 4135
210012, 4136
210052, 4137
210081, 4138
210123, 4139
210138, 4140
210183, 4141
210233, 4142
210247, 4143
210277, 4144
210317, 4145
210346, 4146
210387, 4147
210415, 4148
210445, 4149
210484, 4150
210513, 4151
210555, 4152
210583, 4153
210611, 4154
210653, 4155
210681, 4156
210711, 4157
210750, 4158
210777, 4159
210819, 4160
210848, 4161
210877, 4162
210920, 4163
210945, 4164
210984, 4165
211012, 4166
211054, 4167
211069, 4168
211124, 4169
211142, 4170
211180, 4171
211220, 4172
211235, 4173
211279, 4174
211319, 4175
211347, 4176
211387, 4177
211417, 4178
211444, 4179
211486, 4180
211515, 4181
211543, 4182
211583, 4183
211613, 4184
211652, 4185
211681, 4186
211712, 4187
211750, 4188
211779, 4189
211820, 4190
211849, 4191
211879, 4192
211919, 4193
211950, 4194
212002, 4195
212017, 4196
212057, 4197
212076, 4198
212125, 4199
212153, 4200
212194, 4201
212223, 4202
212251, 4203
212294, 4204
212322, 4205
212351, 4206
212391, 4207
212418, 4208
212449, 4209
212488, 4210
212529, 4211
212545, 4212
212586, 4213
212626, 4214
212655, 4215
212685, 4216
212725, 4217
212754, 4218
212784, 4219
212823, 4220
212851, 4221
212892, 4222
212921, 4223
212950, 4224
212990, 4225
213019, 4226
213058, 4227
213075, 4228
213128, 4229
213144, 4230
213183, 4231
213224, 4232
213254, 4233
213284, 4234
213324, 4235
213352, 4236
213393, 4237
213409, 4238
213451, 4239
213491, 4240
213520, 4241
213550, 4242
213589, 4243
213618, 4244
213658, 4245
213686, 4246
213726, 4247
213756, 4248
213788, 4249
213835, 4250
213852, 4251
213884, 4252
213924, 4253
213952, 4254
213992, 4255
214020, 4256
214049, 4257
214091, 4258
214119, 4259
214159, 4260
214176, 4261
214227, 4262
214255, 4263
214283, 4264
214325, 4265
214354, 4266
214383, 4267
214424, 4268
214452, 4269
214482, 4270
214521, 4271
214552, 4272
214590, 4273
214619, 4274
214661, 4275
214678, 4276
214717, 4277
214757, 4278
214784, 4279
214826, 4280
214855, 4281
214883, 4282
214925, 4283
214954, 4284
214985, 4285
215023, 4286
215052, 4287
215093, 4288
215120, 4289
215149, 4290
215192, 4291
215219, 4292
215260, 4293
215276, 4294
215316, 4295
215356, 4296
215384, 4297
215425, 4298
215455, 4299
215484, 4300
215525, 4301
215554, 4302
215594, 4303
215622, 4304
215652, 4305
215695, 4306
215733, 4307
215747, 4308
215789, 4309
215818, 4310
215859, 4311
215889, 4312
215927, 4313
215956, 4314
215996, 4315
216026, 4316
216054, 4317
216097, 4318
216111, 4319
216164, 4320
216182, 4321
216232, 4322
216247, 4323
216289, 4324
216330, 4325
216347, 4326
216399, 4327
216416, 4328
216456, 4329
216495, 4330
216525, 4331
216554, 4332
216595, 4333
216625, 4334
216665, 4335
216681, 4336
216720, 4337
216762, 4338
216780, 4339
216832, 4340
216860, 4341
216888, 4342
216929, 4343
216957, 4344
216998, 4345
217026, 4346
217067, 4347
217081, 4348
217124, 4349
217155, 4350
217194, 4351
217224, 4352
217264, 4353
217290, 4354
217332, 4355
217349, 4356
217388, 4357
217428, 4358
217471, 4359
217487, 4360
217528, 4361
217567, 4362
217606, 4363
217623, 4364
217662, 4365
217694, 4366
217734, 4367
217763, 4368
217792, 4369
217832, 4370
217861, 4371
217901, 4372
217929, 4373
217957, 4374
217998, 4375
218027, 4376
218057, 4377
218096, 4378
218138, 4379
218152, 4380
218194, 4381
218226, 4382
218263, 4383
218293, 4384
218334, 4385
218362, 4386
218391, 4387
218433, 4388
218450, 4389
218501, 4390
218516, 4391
218561, 4392
218597, 4393
218627, 4394
218668, 4395
218683, 4396
218726, 4397
218766, 4398
218784, 4399
218835, 4400
218850, 4401
218892, 4402
218935, 4403
218952, 4404
219004, 4405
219020, 4406
219058, 4407
219099, 4408
219129, 4409
219159, 4410
219198, 4411
219227, 4412
219267, 4413
219296, 4414
219325, 4415
219366, 4416
219395, 4417
219437, 4418
219457, 4419
219514, 4420
219537, 4421
219565, 4422
219596, 4423
219636, 4424
219665, 4425
219701, 4426
219730, 4427
219767, 4428
219797, 4429
219838, 4430
219866, 4431
219896, 4432
219936, 4433
219965, 4434
220004, 4435
220033, 4436
220075, 4437
220091, 4438
220131, 4439
220171, 4440
220200, 4441
220271, 4442
220303, 4443
220334, 4444
220357, 4445
220387, 4446
220427, 4447
220466, 4448
220484, 4449
220531, 4450
220547, 4451
220589, 4452
220630, 4453
220647, 4454
220699, 4455
220717, 4456
220767, 4457
220782, 4458
220826, 4459
220855, 4460
220895, 4461
220923, 4462
220965, 4463
220993, 4464
221021, 4465
221062, 4466
221091, 4467
221132, 4468
221150, 4469
221200, 4470
221215, 4471
221257, 4472
221287, 4473
221326, 4474
221357, 4475
221398, 4476
221438, 4477
221453, 4478
221492, 4479
221535, 4480
221550, 4481
221593, 4482
221632, 4483
221673, 4484
221692, 4485
221730, 4486
221758, 4487
221797, 4488
221827, 4489
221867, 4490
221895, 4491
221926, 4492
221966, 4493
221996, 4494
222024, 4495
222065, 4496
222095, 4497
222135, 4498
222151, 4499
222193, 4500
222232, 4501
222262, 4502
222301, 4503
222319, 4504
222371, 4505
222388, 4506
222426, 4507
222455, 4508
222495, 4509
222535, 4510
222550, 4511
222593, 4512
222635, 4513
222654, 4514
222691, 4515
222731, 4516
222763, 4517
222801, 4518
222818, 4519
222860, 4520
222898, 4521
222927, 4522
222968, 4523
222984, 4524
223027, 4525
223065, 4526
223096, 4527
223125, 4528
223165, 4529
223193, 4530
223235, 4531
223250, 4532
223321, 4533
223344, 4534
223373, 4535
223400, 4536
223441, 4537
223470, 4538
223513, 4539
223557, 4540
223581, 4541
223604, 4542
223643, 4543
223671, 4544
223709, 4545
223738, 4546
223778, 4547
223805, 4548
223845, 4549
223874, 4550
223915, 4551
223944, 4552
223973, 4553
224016, 4554
224043, 4555
224080, 4556
224108, 4557
224150, 4558
224166, 4559
224209, 4560
224248, 4561
224275, 4562
224304, 4563
224345, 4564
224375, 4565
224417, 4566
224434, 4567
224485, 4568
224500, 4569
224541, 4570
224584, 4571
224598, 4572
224641, 4573
224682, 4574
224697, 4575
224739, 4576
224780, 4577
224809, 4578
224837, 4579
224878, 4580
224906, 4581
224947, 4582
224976, 4583
225006, 4584
225047, 4585
225074, 4586
225114, 4587
225143, 4588
225174, 4589
225227, 4590
225242, 4591
225280, 4592
225297, 4593
225348, 4594
225377, 4595
225408, 4596
225448, 4597
225464, 4598
225517, 4599
225533, 4600
225574, 4601
225613, 4602
225641, 4603
225673, 4604
225711, 4605
225741, 4606
225782, 4607
225811, 4608
225842, 4609
225881, 4610
225898, 4611
225951, 4612
225977, 4613
226005, 4614
226045, 4615
226074, 4616
226115, 4617
226144, 4618
226172, 4619
226215, 4620
226242, 4621
226271, 4622
226311, 4623
226341, 4624
226382, 4625
226398, 4626
226438, 4627
226479, 4628
226507, 4629
226548, 4630
226564, 4631
226616, 4632
226632, 4633
226673, 4634
226716, 4635
226744, 4636
226772, 4637
226813, 4638
226842, 4639
226884, 4640
226898, 4641
226942, 4642
226981, 4643
227009, 4644
227051, 4645
227069, 4646
227121, 4647
227139, 4648
227175, 4649
227216, 4650
227233, 4651
227273, 4652
227313, 4653
227341, 4654
227372, 4655
227412, 4656
227441, 4657
227480, 4658
227509, 4659
227551, 4660
227567, 4661
227608, 4662
227647, 4663
227674, 4664
227714, 4665
227744, 4666
227774, 4667
227815, 4668
227844, 4669
227873, 4670
227913, 4671
227941, 4672
227983, 4673
227998, 4674
228041, 4675
228081, 4676
228096, 4677
228151, 4678
228179, 4679
228205, 4680
228243, 4681
228273, 4682
228313, 4683
228341, 4684
228383, 4685
228440, 4686
228467, 4687
228506, 4688
228538, 4689
228577, 4690
228606, 4691
228652, 4692
228685, 4693
228721, 4694
228751, 4695
228783, 4696
228813, 4697
228841, 4698
228881, 4699
228907, 4700
228946, 4701
228974, 4702
229026, 4703
229073, 4704
229095, 4705
229121, 4706
229161, 4707
229191, 4708
229232, 4709
229247, 4710
229300, 4711
229330, 4712
229359, 4713
229396, 4714
229423, 4715
229461, 4716
229502, 4717
229516, 4718
229556, 4719
229597, 4720
229624, 4721
229666, 4722
229681, 4723
229736, 4724
229752, 4725
229790, 4726
229831, 4727
229859, 4728
229888, 4729
229929, 4730
229959, 4731
230000, 4732
230029, 4733
230058, 4734
230098, 4735
230127, 4736
230156, 4737
230196, 4738
230224, 4739
230266, 4740
230280, 4741
230336, 4742
230352, 4743
230391, 4744
230431, 4745
230461, 4746
230502, 4747
230517, 4748
230559, 4749
230589, 4750
230628, 4751
230658, 4752
230698, 4753
230725, 4754
230769, 4755
230783, 4756
230824, 4757
230864, 4758
230893, 4759
230946, 4760
230964, 4761
231002, 4762
231031, 4763
231062, 4764
231100, 4765
231129, 4766
231170, 4767
231197, 4768
231239, 4769
231268, 4770
231296, 4771
231338, 4772
231353, 4773
231408, 4774
231423, 4775
231462, 4776
231504, 4777
231531, 4778
231561, 4779
231600, 4780
231629, 4781
231671, 4782
231700, 4783
231728, 4784
231770, 4785
231799, 4786
231839, 4787
231854, 4788
231906, 4789
231946, 4790
231969, 4791
232009, 4792
232026, 4793
232077, 4794
232094, 4795
232132, 4796
232170, 4797
232200, 4798
232242, 4799
232271, 4800
232301, 4801
232339, 4802
232368, 4803
232411, 4804
232426, 4805
232467, 4806
232506, 4807
232534, 4808
232575, 4809
232590, 4810
232632, 4811
232673, 4812
232702, 4813
232744, 4814
232758, 4815
232803, 4816
232851, 4817
232868, 4818
232907, 4819
232937, 4820
232966, 4821
233006, 4822
233036, 4823
233077, 4824
233106, 4825
233134, 4826
233176, 4827
233204, 4828
233234, 4829
233273, 4830
233302, 4831
233332, 4832
233371, 4833
233402, 4834
233441, 4835
233458, 4836
233508, 4837
233536, 4838
233567, 4839
233606, 4840
233638, 4841
233674, 4842
233703, 4843
233732, 4844
233773, 4845
233802, 4846
233843, 4847
233873, 4848
233900, 4849
233942, 4850
233970, 4851
233999, 4852
234042, 4853
234068, 4854
234107, 4855
234136, 4856
234177, 4857
234193, 4858
234234, 4859
234273, 4860
234302, 4861
234333, 4862
234372, 4863
234400, 4864
234443, 4865
234459, 4866
234500, 4867
234539, 4868
234568, 4869
234599, 4870
234637, 4871
234666, 4872
234714, 4873
234767, 4874
234787, 4875
234826, 4876
234851, 4877
234892, 4878
234920, 4879
234959, 4880
234987, 4881
235027, 4882
235056, 4883
235097, 4884
235112, 4885
235155, 4886
235194, 4887
235221, 4888
235262, 4889
235279, 4890
235318, 4891
235358, 4892
235388, 4893
235429, 4894
235458, 4895
235491, 4896
235541, 4897
235556, 4898
235598, 4899
235612, 4900
235654, 4901
235695, 4902
235723, 4903
235752, 4904
235791, 4905
235819, 4906
235860, 4907
235889, 4908
235930, 4909
235960, 4910
235988, 4911
236029, 4912
236044, 4913
236098, 4914
236113, 4915
236156, 4916
236185, 4917
236226, 4918
236271, 4919
236294, 4920
236320, 4921
236361, 4922
236378, 4923
236419, 4924
236457, 4925
236486, 4926
236528, 4927
236557, 4928
236587, 4929
236627, 4930
236656, 4931
236686, 4932
236725, 4933
236755, 4934
236795, 4935
236812, 4936
236863, 4937
236878, 4938
236920, 4939
236960, 4940
236979, 4941
237029, 4942
237059, 4943
237088, 4944
237119, 4945
237156, 4946
237188, 4947
237226, 4948
237255, 4949
237284, 4950
237324, 4951
237354, 4952
237393, 4953
237422, 4954
237464, 4955
237479, 4956
237521, 4957
237561, 4958
237590, 4959
237620, 4960
237659, 4961
237688, 4962
237731, 4963
237778, 4964
237799, 4965
237841, 4966
237857, 4967
237908, 4968
237926, 4969
237978, 4970
237993, 4971
238033, 4972
238075, 4973
238103, 4974
238133, 4975
238172, 4976
238201, 4977
238242, 4978
238272, 4979
238300, 4980
238341, 4981
238369, 4982
238399, 4983
238441, 4984
238467, 4985
238507, 4986
238545, 4987
238571, 4988
238599, 4989
238639, 4990
238665, 4991
238704, 4992
238746, 4993
238762, 4994
238800, 4995
238841, 4996
238869, 4997
238898, 4998
238940, 4999
238968, 5000
239008, 5001
239035, 5002
239065, 5003
239105, 5004
239134, 5005
239176, 5006
239191, 5007
239234, 5008
239288, 5009
239301, 5010
239344, 5011
239359, 5012
239400, 5013
239441, 5014
239470, 5015
239508, 5016
239524, 5017
239569, 5018
239605, 5019
239633, 5020
239675, 5021
239704, 5022
239733, 5023
239775, 5024
239804, 5025
239833, 5026
239872, 5027
239900, 5028
239943, 5029
239972, 5030
240000, 5031
240058, 5032
240082, 5033
240107, 5034
240148, 5035
240165, 5036
240216, 5037
240231, 5038
240274, 5039
240316, 5040
240330, 5041
240373, 5042
240413, 5043
240443, 5044
240472, 5045
240513, 5046
240541, 5047
240583, 5048
240598, 5049
240639, 5050
240677, 5051
240706, 5052
240747, 5053
240778, 5054
240822, 5055
240835, 5056
240874, 5057
240915, 5058
240944, 5059
240986, 5060
241000, 5061
241043, 5062
241071, 5063
241111, 5064
241141, 5065
241181, 5066
241207, 5067
241248, 5068
241263, 5069
241306, 5070
241345, 5071
241374, 5072
241416, 5073
241444, 5074
241473, 5075
241515, 5076
241530, 5077
241598, 5078
241613, 5079
241652, 5080
241680, 5081
241722, 5082
241751, 5083
241780, 5084
241821, 5085
241849, 5086
241879, 5087
241918, 5088
241947, 5089
241988, 5090
242003, 5091
242046, 5092
242084, 5093
242114, 5094
242153, 5095
242181, 5096
242213, 5097
242250, 5098
242281, 5099
242323, 5100
242363, 5101
242379, 5102
242418, 5103
242459, 5104
242487, 5105
242517, 5106
242558, 5107
242586, 5108
242628, 5109
242643, 5110
242686, 5111
242724, 5112
242753, 5113
242794, 5114
242809, 5115
242850, 5116
242891, 5117
242920, 5118
242962, 5119
242976, 5120
243018, 5121
243060, 5122
243103, 5123
243117, 5124
243158, 5125
243186, 5126
243228, 5127
243243, 5128
243285, 5129
243325, 5130
243352, 5131
243393, 5132
243409, 5133
243451, 5134
243491, 5135
243518, 5136
243559, 5137
243588, 5138
243620, 5139
243658, 5140
243686, 5141
243728, 5142
243744, 5143
243785, 5144
243840, 5145
243854, 5146
243896, 5147
243912, 5148
243954, 5149
243992, 5150
244023, 5151
244062, 5152
244091, 5153
244120, 5154
244160, 5155
244189, 5156
244230, 5157
244245, 5158
244298, 5159
244316, 5160
244355, 5161
244396, 5162
244424, 5163
244453, 5164
244493, 5165
244521, 5166
244579, 5167
244594, 5168
244632, 5169
244660, 5170
244690, 5171
244729, 5172
244758, 5173
244801, 5174
244829, 5175
244860, 5176
244897, 5177
244928, 5178
244965, 5179
244994, 5180
245035, 5181
245049, 5182
245094, 5183
245133, 5184
245162, 5185
245192, 5186
245232, 5187
245261, 5188
245306, 5189
245339, 5190
245357, 5191
245397, 5192
245425, 5193
245467, 5194
245497, 5195
245526, 5196
245565, 5197
245593, 5198
245624, 5199
245663, 5200
245692, 5201
245734, 5202
245761, 5203
245790, 5204
245832, 5205
245859, 5206
245901, 5207
245917, 5208
245969, 5209
245985, 5210
246026, 5211
246080, 5212
246095, 5213
246125, 5214
246165, 5215
246194, 5216
246235, 5217
246251, 5218
246291, 5219
246332, 5220
246361, 5221
246390, 5222
246430, 5223
246458, 5224
246500, 5225
246529, 5226
246569, 5227
246584, 5228
246625, 5229
246667, 5230
246693, 5231
246733, 5232
246761, 5233
246791, 5234
246835, 5235
246869, 5236
246887, 5237
246929, 5238
246958, 5239
246998, 5240
247027, 5241
247069, 5242
247084, 5243
247127, 5244
247164, 5245
247192, 5246
247234, 5247
247263, 5248
247292, 5249
247334, 5250
247363, 5251
247392, 5252
247431, 5253
247460, 5254
247491, 5255
247529, 5256
247558, 5257
247600, 5258
247630, 5259
247683, 5260
247709, 5261
247726, 5262
247765, 5263
247804, 5264
247835, 5265
247865, 5266
247904, 5267
247933, 5268
247975, 5269
248003, 5270
248032, 5271
248072, 5272
248101, 5273
248131, 5274
248171, 5275
248199, 5276
248239, 5277
248268, 5278
248298, 5279
248338, 5280
248366, 5281
248408, 5282
248452, 5283
248464, 5284
248504, 5285
248533, 5286
248575, 5287
248592, 5288
248643, 5289
248660, 5290
248701, 5291
248738, 5292
248781, 5293
248796, 5294
248838, 5295
248879, 5296
248894, 5297
248935, 5298
248977, 5299
248993, 5300
249034, 5301
249076, 5302
249104, 5303
249133, 5304
249175, 5305
249220, 5306
249243, 5307
249282, 5308
249298, 5309
249339, 5310
249380, 5311
249408, 5312
249438, 5313
249478, 5314
249507, 5315
249547, 5316
249577, 5317
249607, 5318
249646, 5319
249674, 5320
249716, 5321
249744, 5322
249773, 5323
249813, 5324
249842, 5325
249882, 5326
249899, 5327
249950, 5328
249975, 5329
250039, 5330
250061, 5331
250089, 5332
250118, 5333
250159, 5334
250188, 5335
250217, 5336
250258, 5337
250286, 5338
250330, 5339
250342, 5340
250383, 5341
250424, 5342
250452, 5343
250482, 5344
250521, 5345
250551, 5346
250591, 5347
250634, 5348
250649, 5349
250690, 5350
250717, 5351
250758, 5352
250775, 5353
250826, 5354
250843, 5355
250897, 5356
250915, 5357
250966, 5358
250980, 5359
251023, 5360
251052, 5361
251092, 5362
251121, 5363
251149, 5364
251191, 5365
251222, 5366
251260, 5367
251288, 5368
251316, 5369
251358, 5370
251386, 5371
251427, 5372
251455, 5373
251483, 5374
251524, 5375
251567, 5376
251582, 5377
251620, 5378
251650, 5379
251689, 5380
251718, 5381
251761, 5382
251789, 5383
251817, 5384
251871, 5385
251887, 5386
251917, 5387
251955, 5388
251986, 5389
252024, 5390
252053, 5391
252083, 5392
252123, 5393
252155, 5394
252193, 5395
252218, 5396
252261, 5397
252289, 5398
252318, 5399
252360, 5400
252376, 5401
252429, 5402
252447, 5403
252499, 5404
252525, 5405
252542, 5406
252594, 5407
252608, 5408
252651, 5409
252692, 5410
252721, 5411
252751, 5412
252803, 5413
252818, 5414
252861, 5415
252889, 5416
252918, 5417
252958, 5418
252974, 5419
253029, 5420
253045, 5421
253097, 5422
253112, 5423
253152, 5424
253194, 5425
253223, 5426
253252, 5427
253293, 5428
253322, 5429
253354, 5430
253391, 5431
253419, 5432
253460, 5433
253489, 5434
253519, 5435
253557, 5436
253585, 5437
253626, 5438
253658, 5439
253697, 5440
253711, 5441
253753, 5442
253794, 5443
253808, 5444
253851, 5445
253893, 5446
253920, 5447
253953, 5448
254004, 5449
254021, 5450
254059, 5451
254076, 5452
254127, 5453
254142, 5454
254185, 5455
254225, 5456
254254, 5457
254296, 5458
254311, 5459
254353, 5460
254382, 5461
254422, 5462
254452, 5463
254491, 5464
254519, 5465
254552, 5466
254588, 5467
254629, 5468
254646, 5469
254687, 5470
254727, 5471
254743, 5472
254794, 5473
254812, 5474
254854, 5475
254892, 5476
254922, 5477
254951, 5478
254991, 5479
255021, 5480
255061, 5481
255076, 5482
255120, 5483
255151, 5484
255202, 5485
255218, 5486
255257, 5487
255285, 5488
255325, 5489
255355, 5490
255384, 5491
255423, 5492
255455, 5493
255493, 5494
255521, 5495
255552, 5496
255590, 5497
255619, 5498
255661, 5499
255676, 5500
255731, 5501
255764, 5502
255787, 5503
255829, 5504
255856, 5505
255896, 5506
255925, 5507
255954, 5508
255995, 5509
256024, 5510
256097, 5511
256120, 5512
256146, 5513
256188, 5514
256220, 5515
256244, 5516
256284, 5517
256316, 5518
256354, 5519
256383, 5520
256412, 5521
256464, 5522
256480, 5523
256519, 5524
256548, 5525
256585, 5526
256613, 5527
256644, 5528
256699, 5529
256727, 5530
256744, 5531
256786, 5532
256822, 5533
256849, 5534
256886, 5535
256938, 5536
256954, 5537
256983, 5538
257027, 5539
257050, 5540
257080, 5541
257119, 5542
257160, 5543
257176, 5544
257217, 5545
257251, 5546
257287, 5547
257316, 5548
257355, 5549
257399, 5550
257414, 5551
257451, 5552
257492, 5553
257518, 5554
257545, 5555
257582, 5556
257626, 5557
257661, 5558
257676, 5559
257719, 5560
257761, 5561
257775, 5562
257816, 5563
257857, 5564
257887, 5565
257912, 5566
257952, 5567
257978, 5568
258019, 5569
258058, 5570
258073, 5571
258128, 5572
258154, 5573
258190, 5574
258214, 5575
258266, 5576
258282, 5577
258321, 5578
258348, 5579
258403, 5580
258418, 5581
258456, 5582
258487, 5583
258556, 5584
258582, 5585
258617, 5586
258668, 5587
258687, 5588
258723, 5589
258762, 5590
258781, 5591
258818, 5592
258859, 5593
258874, 5594
258931, 5595
258949, 5596
258985, 5597
259038, 5598
259063, 5599
259114, 5600
