74393, 1
74439, 2
74461, 3
74491, 4
74531, 5
74572, 6
74587, 7
74629, 8
74658, 9
74698, 10
74728, 11
74767, 12
74796, 13
74825, 14
74866, 15
74894, 16
74934, 17
74965, 18
74994, 19
75036, 20
75059, 21
75103, 22
75132, 23
75172, 24
75188, 25
75242, 26
75268, 27
75295, 28
75342, 29
75395, 30
75423, 31
75464, 32
75491, 33
75532, 34
75547, 35
75589, 36
75630, 37
75655, 38
75698, 39
75724, 40
75767, 41
75784, 42
75825, 43
75863, 44
75894, 45
75935, 46
75961, 47
75992, 48
76030, 49
76047, 50
76088, 51
76129, 52
76157, 53
76188, 54
76228, 55
76257, 56
76282, 57
76357, 58
76378, 59
76405, 60
76448, 61
76464, 62
76504, 63
76546, 64
76576, 65
76613, 66
76629, 67
76685, 68
76712, 69
76728, 70
76781, 71
76798, 72
76838, 73
76881, 74
76910, 75
76948, 76
76965, 77
77016, 78
77039, 79
77076, 80
77107, 81
77148, 82
77170, 83
77214, 84
77231, 85
77283, 86
77310, 87
77366, 88
77408, 89
77452, 90
77477, 91
77506, 92
77549, 93
77579, 94
77605, 95
77645, 96
77673, 97
77715, 98
77744, 99
77772, 100
77814, 101
77841, 102
77883, 103
77898, 104
77942, 105
77981, 106
77996, 107
78050, 108
78080, 109
78107, 110
78147, 111
78177, 112
78201, 113
78243, 114
78274, 115
78316, 116
78344, 117
78426, 118
78441, 119
78484, 120
78523, 121
78541, 122
78578, 123
78620, 124
78649, 125
78689, 126
78707, 127
78759, 128
78775, 129
78815, 130
78856, 131
78873, 132
78913, 133
78954, 134
78984, 135
79024, 136
79050, 137
79094, 138
79121, 139
79150, 140
79191, 141
79207, 142
79248, 143
79288, 144
79318, 145
79346, 146
79387, 147
79415, 148
79474, 149
79501, 150
79541, 151
79568, 152
79609, 153
79624, 154
79668, 155
79707, 156
79732, 157
79776, 158
79804, 159
79832, 160
79875, 161
79901, 162
79942, 163
79956, 164
80000, 165
80041, 166
80069, 167
80109, 168
80125, 169
80180, 170
80198, 171
80236, 172
80277, 173
80295, 174
80347, 175
80364, 176
80405, 177
80473, 178
80500, 179
80528, 180
80555, 181
80598, 182
80625, 183
80655, 184
80696, 185
80722, 186
80766, 187
80791, 188
80834, 189
80862, 190
80889, 191
80932, 192
80959, 193
81001, 194
81019, 195
81057, 196
81090, 197
81129, 198
81153, 199
81194, 200
81225, 201
81250, 202
81325, 203
81346, 204
81372, 205
81418, 206
81447, 207
81471, 208
81515, 209
81543, 210
81569, 211
81612, 212
81642, 213
81680, 214
81711, 215
81739, 216
81779, 217
81809, 218
81849, 219
81879, 220
81906, 221
81935, 222
81975, 223
82019, 224
82044, 225
82073, 226
82118, 227
82142, 228
82193, 229
82235, 230
82263, 231
82299, 232
82334, 233
82364, 234
82405, 235
82433, 236
82466, 237
82504, 238
82529, 239
82557, 240
82599, 241
82629, 242
82671, 243
82699, 244
82725, 245
82768, 246
82797, 247
82837, 248
82865, 249
82908, 250
82937, 251
82964, 252
82995, 253
83032, 254
83076, 255
83103, 256
83190, 257
83214, 258
83254, 259
83284, 260
83322, 261
83349, 262
83388, 263
83427, 264
83454, 265
83479, 266
83521, 267
83547, 268
83591, 269
83619, 270
83644, 271
83686, 272
83717, 273
83756, 274
83784, 275
83825, 276
83843, 277
83883, 278
83923, 279
83941, 280
83995, 281
84024, 282
84079, 283
84121, 284
84147, 285
84188, 286
84217, 287
84258, 288
84274, 289
84326, 290
84346, 291
84398, 292
84423, 293
84451, 294
84480, 295
84521, 296
84551, 297
84592, 298
84620, 299
84648, 300
84688, 301
84717, 302
84759, 303
84787, 304
84815, 305
84857, 306
84888, 307
84939, 308
84993, 309
85013, 310
85050, 311
85091, 312
85124, 313
85147, 314
85190, 315
85218, 316
85248, 317
85286, 318
85314, 319
85343, 320
85385, 321
85413, 322
85454, 323
85483, 324
85524, 325
85541, 326
85585, 327
85623, 328
85648, 329
85677, 330
85719, 331
85762, 332
85789, 333
85840, 334
85856, 335
85899, 336
85929, 337
85955, 338
85998, 339
86040, 340
86058, 341
86107, 342
86124, 343
86165, 344
86208, 345
86234, 346
86263, 347
86292, 348
86333, 349
86372, 350
86388, 351
86433, 352
86472, 353
86502, 354
86525, 355
86568, 356
86599, 357
86668, 358
86682, 359
86720, 360
86738, 361
86781, 362
86821, 363
86845, 364
86887, 365
86917, 366
86942, 367
86985, 368
87015, 369
87054, 370
87082, 371
87112, 372
87154, 373
87184, 374
87207, 375
87247, 376
87293, 377
87321, 378
87347, 379
87389, 380
87419, 381
87446, 382
87486, 383
87504, 384
87558, 385
87574, 386
87666, 387
87708, 388
87740, 389
87766, 390
87805, 391
87843, 392
87862, 393
87902, 394
87941, 395
87969, 396
88008, 397
88046, 398
88073, 399
88100, 400
88141, 401
88173, 402
88211, 403
88229, 404
88270, 405
88308, 406
88338, 407
88367, 408
88406, 409
88447, 410
88464, 411
88506, 412
88544, 413
88560, 414
88634, 415
88655, 416
88685, 417
88713, 418
88754, 419
88781, 420
88822, 421
88861, 422
88885, 423
88913, 424
88951, 425
88992, 426
89008, 427
89063, 428
89087, 429
89115, 430
89157, 431
89174, 432
89229, 433
89258, 434
89284, 435
89324, 436
89351, 437
89395, 438
89420, 439
89438, 440
89494, 441
89545, 442
89578, 443
89616, 444
89645, 445
89687, 446
89714, 447
89742, 448
89786, 449
89815, 450
89841, 451
89881, 452
89912, 453
89949, 454
89979, 455
90009, 456
90050, 457
90077, 458
90119, 459
90137, 460
90176, 461
90220, 462
90245, 463
90283, 464
90313, 465
90354, 466
90385, 467
90410, 468
90452, 469
90503, 470
90520, 471
90563, 472
90605, 473
90636, 474
90659, 475
90702, 476
90719, 477
90771, 478
90791, 479
90831, 480
90869, 481
90888, 482
90940, 483
90966, 484
90995, 485
91037, 486
91055, 487
91108, 488
91135, 489
91151, 490
91208, 491
91233, 492
91260, 493
91303, 494
91328, 495
91371, 496
91424, 497
91452, 498
91479, 499
91522, 500
91538, 501
91591, 502
91616, 503
91642, 504
91683, 505
91721, 506
91747, 507
91793, 508
91820, 509
91843, 510
91888, 511
91914, 512
91955, 513
91984, 514
92025, 515
92054, 516
92081, 517
92111, 518
92152, 519
92180, 520
92224, 521
92248, 522
92352, 523
92371, 524
92411, 525
92435, 526
92476, 527
92501, 528
92530, 529
92573, 530
92610, 531
92638, 532
92666, 533
92710, 534
92734, 535
92777, 536
92805, 537
92832, 538
92874, 539
92903, 540
92930, 541
92972, 542
93001, 543
93043, 544
93071, 545
93112, 546
93164, 547
93185, 548
93226, 549
93253, 550
93292, 551
93320, 552
93363, 553
93393, 554
93420, 555
93458, 556
93489, 557
93530, 558
93558, 559
93585, 560
93627, 561
93654, 562
93696, 563
93725, 564
93751, 565
93793, 566
93823, 567
93849, 568
93895, 569
93920, 570
93964, 571
94015, 572
94047, 573
94071, 574
94115, 575
94139, 576
94182, 577
94210, 578
94238, 579
94282, 580
94309, 581
94336, 582
94378, 583
94407, 584
94449, 585
94476, 586
94503, 587
94546, 588
94578, 589
94604, 590
94645, 591
94685, 592
94712, 593
94743, 594
94770, 595
94839, 596
94865, 597
94892, 598
94923, 599
94946, 600
94980, 601
95022, 602
95046, 603
95073, 604
95117, 605
95155, 606
95185, 607
95212, 608
95256, 609
95285, 610
95311, 611
95352, 612
95382, 613
95425, 614
95451, 615
95480, 616
95507, 617
95549, 618
95583, 619
95616, 620
95694, 621
95712, 622
95738, 623
95780, 624
95805, 625
95843, 626
95885, 627
95912, 628
95941, 629
95966, 630
96007, 631
96049, 632
96066, 633
96107, 634
96147, 635
96175, 636
96216, 637
96233, 638
96287, 639
96303, 640
96342, 641
96372, 642
96411, 643
96442, 644
96483, 645
96509, 646
96603, 647
96624, 648
96668, 649
96703, 650
96735, 651
96775, 652
96791, 653
96829, 654
96872, 655
96898, 656
96940, 657
96955, 658
96998, 659
97039, 660
97065, 661
97110, 662
97135, 663
97166, 664
97203, 665
97246, 666
97272, 667
97291, 668
97331, 669
97371, 670
97398, 671
97441, 672
97470, 673
97516, 674
97555, 675
97596, 676
97621, 677
97661, 678
97687, 679
97729, 680
97756, 681
97792, 682
97832, 683
97859, 684
97887, 685
97931, 686
97960, 687
97984, 688
98025, 689
98054, 690
98096, 691
98112, 692
98153, 693
98194, 694
98222, 695
98265, 696
98291, 697
98332, 698
98359, 699
98389, 700
98461, 701
98488, 702
98512, 703
98557, 704
98583, 705
98611, 706
98653, 707
98668, 708
98712, 709
98752, 710
98777, 711
98819, 712
98836, 713
98891, 714
98916, 715
98933, 716
98987, 717
99004, 718
99044, 719
99086, 720
99113, 721
99156, 722
99175, 723
99211, 724
99254, 725
99280, 726
99307, 727
99378, 728
99407, 729
99426, 730
99450, 731
99489, 732
99519, 733
99558, 734
99577, 735
99627, 736
99644, 737
99687, 738
99725, 739
99754, 740
99782, 741
99824, 742
99852, 743
99894, 744
99909, 745
99951, 746
99992, 747
100019, 748
100061, 749
100088, 750
100117, 751
100159, 752
100188, 753
100215, 754
100259, 755
100309, 756
100339, 757
100378, 758
100409, 759
100436, 760
100477, 761
100506, 762
100548, 763
100575, 764
100603, 765
100645, 766
100672, 767
100713, 768
100730, 769
100774, 770
100811, 771
100838, 772
100881, 773
100898, 774
100938, 775
100979, 776
101006, 777
101049, 778
101075, 779
101105, 780
101145, 781
101176, 782
101279, 783
101304, 784
101331, 785
101355, 786
101398, 787
101427, 788
101465, 789
101498, 790
101535, 791
101562, 792
101605, 793
101634, 794
101661, 795
101703, 796
101730, 797
101772, 798
101800, 799
101827, 800
101870, 801
101898, 802
101927, 803
101967, 804
102009, 805
102025, 806
102065, 807
102106, 808
102124, 809
102192, 810
102216, 811
102233, 812
102287, 813
102305, 814
102357, 815
102373, 816
102416, 817
102441, 818
102483, 819
102511, 820
102553, 821
102568, 822
102610, 823
102652, 824
102679, 825
102719, 826
102737, 827
102789, 828
102818, 829
102845, 830
102875, 831
102914, 832
102948, 833
102983, 834
102999, 835
103084, 836
103111, 837
103138, 838
103164, 839
103208, 840
103237, 841
103261, 842
103304, 843
103331, 844
103373, 845
103401, 846
103430, 847
103470, 848
103498, 849
103540, 850
103557, 851
103596, 852
103638, 853
103680, 854
103708, 855
103735, 856
103769, 857
103803, 858
103834, 859
103874, 860
103890, 861
103941, 862
103983, 863
104013, 864
104058, 865
104081, 866
104110, 867
104151, 868
104183, 869
104222, 870
104249, 871
104292, 872
104319, 873
104336, 874
104388, 875
104405, 876
104446, 877
104487, 878
104512, 879
104556, 880
104573, 881
104613, 882
104653, 883
104681, 884
104713, 885
104755, 886
104811, 887
104832, 888
104875, 889
104892, 890
104932, 891
104972, 892
105001, 893
105043, 894
105059, 895
105112, 896
105129, 897
105168, 898
105210, 899
105228, 900
105267, 901
105307, 902
105337, 903
105362, 904
105405, 905
105436, 906
105476, 907
105501, 908
105533, 909
105572, 910
105602, 911
105640, 912
105670, 913
105712, 914
105795, 915
105827, 916
105864, 917
105894, 918
105935, 919
105965, 920
106003, 921
106018, 922
106073, 923
106090, 924
106128, 925
106171, 926
106198, 927
106226, 928
106268, 929
106285, 930
106326, 931
106366, 932
106392, 933
106436, 934
106463, 935
106490, 936
106535, 937
106560, 938
106605, 939
106653, 940
106696, 941
106719, 942
106759, 943
106799, 944
106826, 945
106857, 946
106895, 947
106910, 948
106965, 949
106991, 950
107022, 951
107061, 952
107090, 953
107117, 954
107159, 955
107190, 956
107237, 957
107269, 958
107289, 959
107326, 960
107366, 961
107382, 962
107437, 963
107464, 964
107483, 965
107547, 966
107564, 967
107605, 968
107631, 969
107662, 970
107702, 971
107728, 972
107757, 973
107799, 974
107831, 975
107869, 976
107899, 977
107923, 978
107964, 979
107995, 980
108037, 981
108065, 982
108092, 983
108133, 984
108163, 985
108205, 986
108230, 987
108261, 988
108301, 989
108317, 990
108371, 991
108387, 992
108438, 993
108483, 994
108514, 995
108551, 996
108581, 997
108620, 998
108637, 999
108691, 1000
108719, 1001
108750, 1002
108774, 1003
108816, 1004
108848, 1005
108885, 1006
108914, 1007
108956, 1008
108973, 1009
109013, 1010
109054, 1011
109082, 1012
109124, 1013
109151, 1014
109179, 1015
109222, 1016
109249, 1017
109289, 1018
109318, 1019
109381, 1020
109401, 1021
109428, 1022
109470, 1023
109488, 1024
109540, 1025
109567, 1026
109595, 1027
109638, 1028
109666, 1029
109706, 1030
109725, 1031
109775, 1032
109793, 1033
109831, 1034
109874, 1035
109902, 1036
109930, 1037
109971, 1038
109987, 1039
110041, 1040
110057, 1041
110100, 1042
110138, 1043
110155, 1044
110195, 1045
110239, 1046
110328, 1047
110343, 1048
110385, 1049
110410, 1050
110449, 1051
110476, 1052
110517, 1053
110545, 1054
110585, 1055
110613, 1056
110639, 1057
110682, 1058
110709, 1059
110751, 1060
110778, 1061
110822, 1062
110851, 1063
110875, 1064
110917, 1065
110946, 1066
110989, 1067
111016, 1068
111042, 1069
111086, 1070
111114, 1071
111170, 1072
111185, 1073
111241, 1074
111265, 1075
111295, 1076
111334, 1077
111362, 1078
111405, 1079
111431, 1080
111476, 1081
111504, 1082
111531, 1083
111569, 1084
111599, 1085
111642, 1086
111670, 1087
111697, 1088
111738, 1089
111767, 1090
111810, 1091
111837, 1092
111854, 1093
111906, 1094
111921, 1095
111966, 1096
112032, 1097
112048, 1098
112073, 1099
112102, 1100
112144, 1101
112173, 1102
112199, 1103
112241, 1104
112270, 1105
112312, 1106
112338, 1107
112380, 1108
112399, 1109
112441, 1110
112477, 1111
112505, 1112
112550, 1113
112574, 1114
112617, 1115
112634, 1116
112673, 1117
112715, 1118
112742, 1119
112759, 1120
112813, 1121
112841, 1122
112898, 1123
112912, 1124
112966, 1125
112993, 1126
113022, 1127
113064, 1128
113090, 1129
113133, 1130
113160, 1131
113203, 1132
113230, 1133
113258, 1134
113300, 1135
113327, 1136
113358, 1137
113396, 1138
113425, 1139
113468, 1140
113496, 1141
113523, 1142
113565, 1143
113593, 1144
113620, 1145
113661, 1146
113692, 1147
113732, 1148
113747, 1149
113803, 1150
113830, 1151
113858, 1152
113900, 1153
113928, 1154
113969, 1155
113986, 1156
114027, 1157
114067, 1158
114095, 1159
114136, 1160
114150, 1161
114207, 1162
114235, 1163
114262, 1164
114289, 1165
114332, 1166
114361, 1167
114404, 1168
114429, 1169
114471, 1170
114488, 1171
114529, 1172
114569, 1173
114596, 1174
114637, 1175
114653, 1176
114756, 1177
114775, 1178
114816, 1179
114845, 1180
114860, 1181
114914, 1182
114930, 1183
114987, 1184
115013, 1185
115040, 1186
115084, 1187
115110, 1188
115150, 1189
115164, 1190
115209, 1191
115251, 1192
115276, 1193
115304, 1194
115345, 1195
115365, 1196
115414, 1197
115431, 1198
115487, 1199
115515, 1200
115540, 1201
115582, 1202
115644, 1203
115665, 1204
115680, 1205
115727, 1206
115763, 1207
115789, 1208
115832, 1209
115851, 1210
115902, 1211
115929, 1212
115957, 1213
116001, 1214
116026, 1215
116069, 1216
116084, 1217
116129, 1218
116165, 1219
116181, 1220
116224, 1221
116264, 1222
116280, 1223
116335, 1224
116363, 1225
116389, 1226
116432, 1227
116489, 1228
116515, 1229
116543, 1230
116585, 1231
116612, 1232
116657, 1233
116681, 1234
116723, 1235
116741, 1236
116779, 1237
116822, 1238
116839, 1239
116893, 1240
116918, 1241
116946, 1242
116988, 1243
117005, 1244
117047, 1245
117086, 1246
117102, 1247
117156, 1248
117182, 1249
117202, 1250
117253, 1251
117269, 1252
117314, 1253
117379, 1254
117405, 1255
117432, 1256
117448, 1257
117490, 1258
117518, 1259
117559, 1260
117590, 1261
117630, 1262
117648, 1263
117687, 1264
117727, 1265
117755, 1266
117797, 1267
117827, 1268
117852, 1269
117896, 1270
117922, 1271
117965, 1272
117993, 1273
118021, 1274
118061, 1275
118079, 1276
118132, 1277
118148, 1278
118189, 1279
118244, 1280
118287, 1281
118302, 1282
118345, 1283
118383, 1284
118409, 1285
118451, 1286
118469, 1287
118508, 1288
118549, 1289
118573, 1290
118616, 1291
118632, 1292
118674, 1293
118716, 1294
118744, 1295
118787, 1296
118813, 1297
118840, 1298
118881, 1299
118899, 1300
118941, 1301
118980, 1302
119008, 1303
119037, 1304
119141, 1305
119156, 1306
119189, 1307
119225, 1308
119265, 1309
119290, 1310
119331, 1311
119347, 1312
119399, 1313
119416, 1314
119468, 1315
119497, 1316
119523, 1317
119564, 1318
119591, 1319
119633, 1320
119649, 1321
119690, 1322
119731, 1323
119759, 1324
119787, 1325
119831, 1326
119857, 1327
119899, 1328
119928, 1329
119983, 1330
120010, 1331
120050, 1332
120066, 1333
120106, 1334
120148, 1335
120179, 1336
120219, 1337
120246, 1338
120274, 1339
120316, 1340
120332, 1341
120386, 1342
120413, 1343
120442, 1344
120481, 1345
120511, 1346
120553, 1347
120569, 1348
120612, 1349
120650, 1350
120667, 1351
120719, 1352
120736, 1353
120777, 1354
120818, 1355
120886, 1356
120901, 1357
120944, 1358
120984, 1359
121011, 1360
121042, 1361
121083, 1362
121109, 1363
121140, 1364
121178, 1365
121206, 1366
121247, 1367
121276, 1368
121305, 1369
121347, 1370
121374, 1371
121417, 1372
121443, 1373
121473, 1374
121515, 1375
121541, 1376
121570, 1377
121613, 1378
121638, 1379
121680, 1380
121708, 1381
121777, 1382
121793, 1383
121812, 1384
121847, 1385
121891, 1386
121917, 1387
121945, 1388
121987, 1389
122014, 1390
122059, 1391
122084, 1392
122115, 1393
122154, 1394
122184, 1395
122209, 1396
122252, 1397
122281, 1398
122323, 1399
122351, 1400
122377, 1401
122417, 1402
122449, 1403
122489, 1404
122505, 1405
122546, 1406
122621, 1407
122639, 1408
122671, 1409
122708, 1410
122738, 1411
122769, 1412
122808, 1413
122835, 1414
122876, 1415
122893, 1416
122934, 1417
122975, 1418
123004, 1419
123030, 1420
123072, 1421
123101, 1422
123143, 1423
123170, 1424
123197, 1425
123241, 1426
123267, 1427
123310, 1428
123338, 1429
123367, 1430
123406, 1431
123451, 1432
123476, 1433
123553, 1434
123571, 1435
123613, 1436
123654, 1437
123678, 1438
123718, 1439
123746, 1440
123785, 1441
123815, 1442
123853, 1443
123878, 1444
123923, 1445
123948, 1446
123991, 1447
124021, 1448
124045, 1449
124088, 1450
124104, 1451
124145, 1452
124185, 1453
124205, 1454
124255, 1455
124281, 1456
124314, 1457
124352, 1458
124419, 1459
124440, 1460
124465, 1461
124507, 1462
124537, 1463
124575, 1464
124604, 1465
124645, 1466
124674, 1467
124700, 1468
124741, 1469
124770, 1470
124811, 1471
124828, 1472
124881, 1473
124909, 1474
124938, 1475
124964, 1476
125007, 1477
125051, 1478
125077, 1479
125103, 1480
125147, 1481
125175, 1482
125204, 1483
125243, 1484
125270, 1485
125314, 1486
125355, 1487
125385, 1488
125425, 1489
125440, 1490
125481, 1491
125523, 1492
125550, 1493
125581, 1494
125620, 1495
125650, 1496
125689, 1497
125717, 1498
125758, 1499
125774, 1500
125813, 1501
125857, 1502
125873, 1503
125927, 1504
125943, 1505
125983, 1506
126026, 1507
126051, 1508
126093, 1509
126121, 1510
126171, 1511
126189, 1512
126232, 1513
126273, 1514
126303, 1515
126328, 1516
126371, 1517
126400, 1518
126428, 1519
126469, 1520
126499, 1521
126539, 1522
126565, 1523
126607, 1524
126626, 1525
126678, 1526
126706, 1527
126721, 1528
126777, 1529
126802, 1530
126831, 1531
126872, 1532
126889, 1533
126942, 1534
126960, 1535
127048, 1536
127066, 1537
127092, 1538
127131, 1539
127159, 1540
127200, 1541
127222, 1542
127265, 1543
127307, 1544
127332, 1545
127360, 1546
127400, 1547
127414, 1548
127460, 1549
127499, 1550
127526, 1551
127557, 1552
127595, 1553
127625, 1554
127667, 1555
127693, 1556
127735, 1557
127753, 1558
127804, 1559
127821, 1560
127862, 1561
127903, 1562
127921, 1563
128018, 1564
128044, 1565
128070, 1566
128097, 1567
128138, 1568
128167, 1569
128211, 1570
128237, 1571
128265, 1572
128305, 1573
128334, 1574
128377, 1575
128403, 1576
128444, 1577
128472, 1578
128501, 1579
128529, 1580
128569, 1581
128612, 1582
128642, 1583
128668, 1584
128697, 1585
128737, 1586
128768, 1587
128807, 1588
128835, 1589
128865, 1590
128933, 1591
128952, 1592
128977, 1593
129001, 1594
129043, 1595
129072, 1596
129115, 1597
129143, 1598
129171, 1599
129212, 1600
129227, 1601
129283, 1602
129308, 1603
129326, 1604
129378, 1605
129395, 1606
129437, 1607
129476, 1608
129505, 1609
129547, 1610
129565, 1611
129616, 1612
129643, 1613
129660, 1614
129714, 1615
129729, 1616
129785, 1617
129827, 1618
129866, 1619
129895, 1620
129921, 1621
129963, 1622
129995, 1623
130034, 1624
130062, 1625
130090, 1626
130133, 1627
130160, 1628
130202, 1629
130229, 1630
130257, 1631
130298, 1632
130326, 1633
130368, 1634
130384, 1635
130427, 1636
130467, 1637
130494, 1638
130522, 1639
130563, 1640
130593, 1641
130633, 1642
130650, 1643
130734, 1644
130757, 1645
130774, 1646
130799, 1647
130842, 1648
130870, 1649
130897, 1650
130940, 1651
130969, 1652
131008, 1653
131023, 1654
131071, 1655
131105, 1656
131133, 1657
131177, 1658
131204, 1659
131231, 1660
131276, 1661
131302, 1662
131342, 1663
131369, 1664
131400, 1665
131442, 1666
131468, 1667
131497, 1668
131539, 1669
131605, 1670
131625, 1671
131665, 1672
131692, 1673
131720, 1674
131762, 1675
131791, 1676
131817, 1677
131856, 1678
131887, 1679
131929, 1680
131956, 1681
131996, 1682
132014, 1683
132067, 1684
132082, 1685
132124, 1686
132164, 1687
132180, 1688
132233, 1689
132250, 1690
132290, 1691
132319, 1692
132360, 1693
132387, 1694
132428, 1695
132446, 1696
132554, 1697
132568, 1698
132610, 1699
132637, 1700
132678, 1701
132694, 1702
132737, 1703
132776, 1704
132802, 1705
132832, 1706
132874, 1707
132901, 1708
132944, 1709
132970, 1710
133013, 1711
133030, 1712
133068, 1713
133110, 1714
133125, 1715
133167, 1716
133209, 1717
133235, 1718
133276, 1719
133297, 1720
133347, 1721
133365, 1722
133437, 1723
133457, 1724
133497, 1725
133525, 1726
133554, 1727
133595, 1728
133624, 1729
133666, 1730
133694, 1731
133724, 1732
133763, 1733
133783, 1734
133833, 1735
133851, 1736
133890, 1737
133930, 1738
133946, 1739
133988, 1740
134028, 1741
134048, 1742
134098, 1743
134113, 1744
134154, 1745
134197, 1746
134223, 1747
134255, 1748
134296, 1749
134355, 1750
134374, 1751
134416, 1752
134460, 1753
134477, 1754
134515, 1755
134545, 1756
134583, 1757
134613, 1758
134655, 1759
134683, 1760
134712, 1761
134752, 1762
134780, 1763
134822, 1764
134850, 1765
134879, 1766
134906, 1767
134948, 1768
134991, 1769
135017, 1770
135045, 1771
135087, 1772
135104, 1773
135156, 1774
135175, 1775
135240, 1776
135258, 1777
135283, 1778
135311, 1779
135352, 1780
135396, 1781
135422, 1782
135449, 1783
135479, 1784
135518, 1785
135561, 1786
135590, 1787
135616, 1788
135659, 1789
135687, 1790
135702, 1791
135757, 1792
135783, 1793
135816, 1794
135852, 1795
135883, 1796
135924, 1797
135950, 1798
135979, 1799
136020, 1800
136050, 1801
136117, 1802
136135, 1803
136161, 1804
136203, 1805
136243, 1806
136269, 1807
136312, 1808
136330, 1809
136369, 1810
136410, 1811
136437, 1812
136467, 1813
136508, 1814
136536, 1815
136563, 1816
136604, 1817
136634, 1818
136675, 1819
136703, 1820
136733, 1821
136771, 1822
136813, 1823
136831, 1824
136869, 1825
136912, 1826
136940, 1827
136967, 1828
137073, 1829
137090, 1830
137118, 1831
137160, 1832
137187, 1833
137229, 1834
137244, 1835
137284, 1836
137329, 1837
137356, 1838
137387, 1839
137430, 1840
137455, 1841
137493, 1842
137521, 1843
137563, 1844
137579, 1845
137623, 1846
137662, 1847
137688, 1848
137730, 1849
137745, 1850
137790, 1851
137829, 1852
137855, 1853
137898, 1854
137915, 1855
137956, 1856
138025, 1857
138051, 1858
138078, 1859
138109, 1860
138147, 1861
138178, 1862
138219, 1863
138235, 1864
138287, 1865
138302, 1866
138345, 1867
138387, 1868
138413, 1869
138443, 1870
138484, 1871
138510, 1872
138552, 1873
138567, 1874
138610, 1875
138652, 1876
138679, 1877
138708, 1878
138747, 1879
138777, 1880
138817, 1881
138837, 1882
138901, 1883
138921, 1884
138957, 1885
138986, 1886
139012, 1887
139056, 1888
139083, 1889
139113, 1890
139152, 1891
139182, 1892
139221, 1893
139251, 1894
139278, 1895
139319, 1896
139350, 1897
139390, 1898
139417, 1899
139460, 1900
139486, 1901
139504, 1902
139560, 1903
139584, 1904
139615, 1905
139654, 1906
139684, 1907
139755, 1908
139777, 1909
139795, 1910
139847, 1911
139864, 1912
139904, 1913
139946, 1914
139974, 1915
139991, 1916
140044, 1917
140072, 1918
140115, 1919
140140, 1920
140170, 1921
140211, 1922
140241, 1923
140266, 1924
140308, 1925
140336, 1926
140376, 1927
140405, 1928
140435, 1929
140476, 1930
140502, 1931
140543, 1932
140573, 1933
140604, 1934
140678, 1935
140695, 1936
140725, 1937
140767, 1938
140795, 1939
140836, 1940
140864, 1941
140894, 1942
140919, 1943
140962, 1944
140990, 1945
141032, 1946
141062, 1947
141099, 1948
141115, 1949
141170, 1950
141198, 1951
141227, 1952
141269, 1953
141298, 1954
141325, 1955
141367, 1956
141395, 1957
141437, 1958
141464, 1959
141481, 1960
141534, 1961
141549, 1962
141593, 1963
141686, 1964
141713, 1965
141744, 1966
141785, 1967
141810, 1968
141856, 1969
141883, 1970
141909, 1971
141949, 1972
141990, 1973
142008, 1974
142048, 1975
142076, 1976
142116, 1977
142143, 1978
142186, 1979
142215, 1980
142243, 1981
142283, 1982
142299, 1983
142355, 1984
142380, 1985
142409, 1986
142451, 1987
142480, 1988
142522, 1989
142574, 1990
142616, 1991
142634, 1992
142673, 1993
142715, 1994
142731, 1995
142771, 1996
142817, 1997
142839, 1998
142883, 1999
142907, 2000
142937, 2001
142978, 2002
142997, 2003
143037, 2004
143077, 2005
143104, 2006
143146, 2007
143162, 2008
143206, 2009
143244, 2010
143271, 2011
143313, 2012
143331, 2013
143388, 2014
143435, 2015
143451, 2016
143491, 2017
143516, 2018
143555, 2019
143583, 2020
143624, 2021
143649, 2022
143691, 2023
143717, 2024
143760, 2025
143776, 2026
143819, 2027
143857, 2028
143886, 2029
143913, 2030
143955, 2031
143984, 2032
144025, 2033
144051, 2034
144094, 2035
144121, 2036
144153, 2037
144191, 2038
144222, 2039
144244, 2040
144288, 2041
144351, 2042
144369, 2043
144412, 2044
144441, 2045
144468, 2046
144497, 2047
144526, 2048
144569, 2049
144608, 2050
144635, 2051
144678, 2052
144705, 2053
144734, 2054
144764, 2055
144804, 2056
144832, 2057
144872, 2058
144901, 2059
144929, 2060
144958, 2061
145013, 2062
145042, 2063
145057, 2064
145110, 2065
145129, 2066
145167, 2067
145222, 2068
145240, 2069
145278, 2070
145306, 2071
145334, 2072
145375, 2073
145404, 2074
145446, 2075
145474, 2076
145517, 2077
145543, 2078
145587, 2079
145613, 2080
145639, 2081
145670, 2082
145711, 2083
145739, 2084
145781, 2085
145809, 2086
145837, 2087
145879, 2088
145906, 2089
145935, 2090
145975, 2091
146017, 2092
146044, 2093
146134, 2094
146152, 2095
146196, 2096
146237, 2097
146253, 2098
146296, 2099
146335, 2100
146364, 2101
146390, 2102
146433, 2103
146462, 2104
146504, 2105
146531, 2106
146559, 2107
146600, 2108
146628, 2109
146670, 2110
146684, 2111
146727, 2112
146769, 2113
146785, 2114
146838, 2115
146854, 2116
146896, 2117
146935, 2118
146963, 2119
147014, 2120
147032, 2121
147074, 2122
147114, 2123
147144, 2124
147170, 2125
147212, 2126
147243, 2127
147283, 2128
147311, 2129
147337, 2130
147380, 2131
147408, 2132
147453, 2133
147478, 2134
147519, 2135
147536, 2136
147578, 2137
147617, 2138
147635, 2139
147687, 2140
147715, 2141
147742, 2142
147785, 2143
147816, 2144
147871, 2145
147912, 2146
147951, 2147
147967, 2148
148010, 2149
148050, 2150
148075, 2151
148118, 2152
148145, 2153
148191, 2154
148218, 2155
148241, 2156
148284, 2157
148312, 2158
148339, 2159
148384, 2160
148409, 2161
148451, 2162
148482, 2163
148522, 2164
148548, 2165
148579, 2166
148619, 2167
148649, 2168
148705, 2169
148729, 2170
148772, 2171
148799, 2172
148816, 2173
148869, 2174
148898, 2175
148940, 2176
148968, 2177
148995, 2178
149036, 2179
149065, 2180
149095, 2181
149136, 2182
149162, 2183
149205, 2184
149231, 2185
149273, 2186
149290, 2187
149330, 2188
149358, 2189
149399, 2190
149431, 2191
149468, 2192
149494, 2193
149559, 2194
149585, 2195
149628, 2196
149655, 2197
149708, 2198
149732, 2199
149758, 2200
149791, 2201
149831, 2202
149856, 2203
149898, 2204
149927, 2205
149955, 2206
149995, 2207
150024, 2208
150066, 2209
150085, 2210
150128, 2211
150162, 2212
150212, 2213
150240, 2214
150271, 2215
150298, 2216
150327, 2217
150367, 2218
150392, 2219
150418, 2220
150511, 2221
150563, 2222
150592, 2223
150621, 2224
150649, 2225
150689, 2226
150719, 2227
150749, 2228
150775, 2229
150816, 2230
150843, 2231
150886, 2232
150929, 2233
150954, 2234
150983, 2235
151024, 2236
151055, 2237
151082, 2238
151123, 2239
151151, 2240
151195, 2241
151220, 2242
151261, 2243
151291, 2244
151317, 2245
151361, 2246
151427, 2247
151452, 2248
151479, 2249
151508, 2250
151559, 2251
151584, 2252
151625, 2253
151655, 2254
151682, 2255
151710, 2256
151750, 2257
151790, 2258
151810, 2259
151860, 2260
151888, 2261
151916, 2262
151961, 2263
151988, 2264
152015, 2265
152056, 2266
152085, 2267
152113, 2268
152139, 2269
152196, 2270
152223, 2271
152251, 2272
152310, 2273
152351, 2274
152390, 2275
152419, 2276
152446, 2277
152487, 2278
152515, 2279
152558, 2280
152586, 2281
152614, 2282
152654, 2283
152682, 2284
152724, 2285
152755, 2286
152781, 2287
152825, 2288
152851, 2289
152891, 2290
152919, 2291
152948, 2292
152990, 2293
153017, 2294
153046, 2295
153086, 2296
153116, 2297
153182, 2298
153204, 2299
153255, 2300
153283, 2301
153312, 2302
153350, 2303
153391, 2304
153409, 2305
153450, 2306
153493, 2307
153517, 2308
153558, 2309
153588, 2310
153618, 2311
153646, 2312
153672, 2313
153724, 2314
153753, 2315
153782, 2316
153823, 2317
153852, 2318
153880, 2319
153921, 2320
153965, 2321
153993, 2322
154021, 2323
154048, 2324
154076, 2325
154167, 2326
154185, 2327
154227, 2328
154253, 2329
154281, 2330
154324, 2331
154351, 2332
154380, 2333
154423, 2334
154450, 2335
154478, 2336
154519, 2337
154563, 2338
154590, 2339
154619, 2340
154649, 2341
154687, 2342
154716, 2343
154748, 2344
154784, 2345
154827, 2346
154843, 2347
154885, 2348
154924, 2349
154942, 2350
154998, 2351
155084, 2352
155104, 2353
155131, 2354
155172, 2355
155194, 2356
155238, 2357
155273, 2358
155290, 2359
155342, 2360
155358, 2361
155399, 2362
155440, 2363
155456, 2364
155498, 2365
155536, 2366
155566, 2367
155604, 2368
155635, 2369
155678, 2370
155704, 2371
155732, 2372
155774, 2373
155801, 2374
155832, 2375
155871, 2376
155900, 2377
155971, 2378
155995, 2379
156023, 2380
156038, 2381
156080, 2382
156099, 2383
156137, 2384
156180, 2385
156205, 2386
156248, 2387
156275, 2388
156304, 2389
156345, 2390
156371, 2391
156414, 2392
156443, 2393
156484, 2394
156513, 2395
156540, 2396
156584, 2397
156610, 2398
156650, 2399
156670, 2400
156709, 2401
156748, 2402
156799, 2403
156817, 2404
156857, 2405
156901, 2406
156929, 2407
156958, 2408
156985, 2409
157031, 2410
157070, 2411
157096, 2412
157126, 2413
157152, 2414
157195, 2415
157237, 2416
157262, 2417
157292, 2418
157333, 2419
157349, 2420
157391, 2421
157432, 2422
157460, 2423
157487, 2424
157529, 2425
157557, 2426
157600, 2427
157652, 2428
157695, 2429
157711, 2430
157766, 2431
157793, 2432
157823, 2433
157852, 2434
157893, 2435
157919, 2436
157962, 2437
157989, 2438
158017, 2439
158059, 2440
158087, 2441
158129, 2442
158157, 2443
158186, 2444
158226, 2445
158242, 2446
158285, 2447
158323, 2448
158354, 2449
158392, 2450
158423, 2451
158499, 2452
158516, 2453
158559, 2454
158587, 2455
158615, 2456
158660, 2457
158683, 2458
158712, 2459
158753, 2460
158783, 2461
158823, 2462
158839, 2463
158894, 2464
158922, 2465
158949, 2466
158992, 2467
159019, 2468
159047, 2469
159088, 2470
159103, 2471
159148, 2472
159185, 2473
159216, 2474
159256, 2475
159273, 2476
159389, 2477
159407, 2478
159447, 2479
159464, 2480
159505, 2481
159547, 2482
159564, 2483
159602, 2484
159645, 2485
159672, 2486
159701, 2487
159742, 2488
159771, 2489
159798, 2490
159840, 2491
159872, 2492
159910, 2493
159937, 2494
159979, 2495
160005, 2496
160036, 2497
160077, 2498
160107, 2499
160133, 2500
160176, 2501
160203, 2502
160269, 2503
160310, 2504
160328, 2505
160381, 2506
160396, 2507
160439, 2508
160480, 2509
160496, 2510
160537, 2511
160578, 2512
160606, 2513
160646, 2514
160678, 2515
160701, 2516
160742, 2517
160772, 2518
160813, 2519
160830, 2520
160870, 2521
160911, 2522
160928, 2523
160979, 2524
161008, 2525
161038, 2526
161115, 2527
161144, 2528
161172, 2529
161188, 2530
161244, 2531
161272, 2532
161298, 2533
161341, 2534
161371, 2535
161397, 2536
161438, 2537
161467, 2538
161508, 2539
161525, 2540
161580, 2541
161608, 2542
161636, 2543
161677, 2544
161704, 2545
161749, 2546
161775, 2547
161801, 2548
161843, 2549
161871, 2550
161900, 2551
161965, 2552
161981, 2553
162020, 2554
162048, 2555
162087, 2556
162126, 2557
162151, 2558
162192, 2559
162220, 2560
162249, 2561
162289, 2562
162307, 2563
162359, 2564
162375, 2565
162418, 2566
162459, 2567
162482, 2568
162525, 2569
162541, 2570
162597, 2571
162623, 2572
162651, 2573
162693, 2574
162720, 2575
162737, 2576
162822, 2577
162844, 2578
162872, 2579
162916, 2580
162942, 2581
162984, 2582
163002, 2583
163041, 2584
163083, 2585
163112, 2586
163137, 2587
163180, 2588
163209, 2589
163249, 2590
163267, 2591
163308, 2592
163348, 2593
163375, 2594
163415, 2595
163443, 2596
163475, 2597
163513, 2598
163543, 2599
163584, 2600
163614, 2601
163641, 2602
163736, 2603
163752, 2604
163770, 2605
163810, 2606
163852, 2607
163876, 2608
163904, 2609
163946, 2610
163976, 2611
164015, 2612
164034, 2613
164085, 2614
164113, 2615
164141, 2616
164182, 2617
164201, 2618
164254, 2619
164281, 2620
164310, 2621
164338, 2622
164378, 2623
164422, 2624
164448, 2625
164477, 2626
164509, 2627
164575, 2628
164601, 2629
164616, 2630
164661, 2631
164699, 2632
164729, 2633
164756, 2634
164797, 2635
164826, 2636
164868, 2637
164894, 2638
164923, 2639
164964, 2640
164993, 2641
165020, 2642
165062, 2643
165091, 2644
165132, 2645
165160, 2646
165203, 2647
165229, 2648
165258, 2649
165299, 2650
165327, 2651
165356, 2652
165422, 2653
165440, 2654
165467, 2655
165494, 2656
165536, 2657
165563, 2658
165591, 2659
165634, 2660
165664, 2661
165704, 2662
165720, 2663
165760, 2664
165802, 2665
165832, 2666
165869, 2667
165899, 2668
165940, 2669
165969, 2670
165996, 2671
166037, 2672
166053, 2673
166109, 2674
166136, 2675
166163, 2676
166205, 2677
166234, 2678
166289, 2679
166316, 2680
166360, 2681
166385, 2682
166428, 2683
166454, 2684
166487, 2685
166521, 2686
166551, 2687
166593, 2688
166608, 2689
166652, 2690
166691, 2691
166719, 2692
166760, 2693
166775, 2694
166831, 2695
166860, 2696
166886, 2697
166913, 2698
166956, 2699
166983, 2700
167026, 2701
167043, 2702
167083, 2703
167123, 2704
167178, 2705
167221, 2706
167248, 2707
167278, 2708
167320, 2709
167345, 2710
167387, 2711
167415, 2712
167442, 2713
167485, 2714
167501, 2715
167565, 2716
167597, 2717
167629, 2718
167651, 2719
167692, 2720
167721, 2721
167750, 2722
167790, 2723
167818, 2724
167851, 2725
167891, 2726
167915, 2727
167956, 2728
167986, 2729
168014, 2730
168114, 2731
168138, 2732
168166, 2733
168192, 2734
168233, 2735
168250, 2736
168293, 2737
168332, 2738
168363, 2739
168390, 2740
168430, 2741
168474, 2742
168500, 2743
168540, 2744
168557, 2745
168596, 2746
168639, 2747
168654, 2748
168698, 2749
168735, 2750
168752, 2751
168805, 2752
168822, 2753
168866, 2754
168904, 2755
168932, 2756
168999, 2757
169027, 2758
169043, 2759
169074, 2760
169111, 2761
169144, 2762
169183, 2763
169210, 2764
169240, 2765
169277, 2766
169307, 2767
169350, 2768
169376, 2769
169406, 2770
169446, 2771
169476, 2772
169503, 2773
169545, 2774
169573, 2775
169613, 2776
169642, 2777
169668, 2778
169714, 2779
169738, 2780
169813, 2781
169836, 2782
169862, 2783
169890, 2784
169933, 2785
169979, 2786
170002, 2787
170029, 2788
170073, 2789
170103, 2790
170127, 2791
170169, 2792
170198, 2793
170241, 2794
170267, 2795
170295, 2796
170337, 2797
170354, 2798
170399, 2799
170435, 2800
170475, 2801
170502, 2802
170532, 2803
170574, 2804
170605, 2805
170630, 2806
170702, 2807
170725, 2808
170770, 2809
170795, 2810
170823, 2811
170866, 2812
170896, 2813
170921, 2814
170963, 2815
170980, 2816
171034, 2817
171060, 2818
171087, 2819
171130, 2820
171147, 2821
171189, 2822
171228, 2823
171254, 2824
171297, 2825
171314, 2826
171366, 2827
171383, 2828
171424, 2829
171464, 2830
171492, 2831
171538, 2832
171589, 2833
171628, 2834
171658, 2835
171685, 2836
171726, 2837
171751, 2838
171791, 2839
171816, 2840
171860, 2841
171883, 2842
171923, 2843
171953, 2844
171995, 2845
172020, 2846
172063, 2847
172092, 2848
172121, 2849
172159, 2850
172187, 2851
172218, 2852
172259, 2853
172285, 2854
172329, 2855
172356, 2856
172386, 2857
172426, 2858
172456, 2859
172511, 2860
172562, 2861
172606, 2862
172633, 2863
172673, 2864
172713, 2865
172744, 2866
172768, 2867
172809, 2868
172836, 2869
172876, 2870
172899, 2871
172941, 2872
172969, 2873
173010, 2874
173037, 2875
173077, 2876
173093, 2877
173136, 2878
173179, 2879
173207, 2880
173232, 2881
173272, 2882
173301, 2883
173344, 2884
173372, 2885
173413, 2886
173430, 2887
173504, 2888
173523, 2889
173563, 2890
173581, 2891
173622, 2892
173662, 2893
173679, 2894
173734, 2895
173763, 2896
173788, 2897
173830, 2898
173847, 2899
173899, 2900
173927, 2901
173945, 2902
173996, 2903
174012, 2904
174068, 2905
174096, 2906
174124, 2907
174151, 2908
174192, 2909
174220, 2910
174263, 2911
174289, 2912
174331, 2913
174383, 2914
174401, 2915
174441, 2916
174484, 2917
174512, 2918
174540, 2919
174582, 2920
174612, 2921
174636, 2922
174679, 2923
174708, 2924
174748, 2925
174764, 2926
174808, 2927
174845, 2928
174874, 2929
174916, 2930
174934, 2931
174977, 2932
175012, 2933
175041, 2934
175084, 2935
175100, 2936
175143, 2937
175181, 2938
175208, 2939
175238, 2940
175307, 2941
175335, 2942
175363, 2943
175391, 2944
175419, 2945
175446, 2946
175489, 2947
175519, 2948
175544, 2949
175587, 2950
175625, 2951
175642, 2952
175700, 2953
175725, 2954
175753, 2955
175781, 2956
175822, 2957
175853, 2958
175892, 2959
175920, 2960
175951, 2961
175988, 2962
176018, 2963
176058, 2964
176076, 2965
176129, 2966
176157, 2967
176219, 2968
176238, 2969
176281, 2970
176308, 2971
176349, 2972
176367, 2973
176420, 2974
176434, 2975
176478, 2976
176520, 2977
176546, 2978
176574, 2979
176615, 2980
176644, 2981
176685, 2982
176701, 2983
176743, 2984
176784, 2985
176811, 2986
176841, 2987
176880, 2988
176910, 2989
176949, 2990
176967, 2991
177020, 2992
177048, 2993
177076, 2994
177181, 2995
177197, 2996
177238, 2997
177266, 2998
177292, 2999
177334, 3000
177373, 3001
177388, 3002
177441, 3003
177467, 3004
177496, 3005
177534, 3006
177564, 3007
177606, 3008
177631, 3009
177658, 3010
177701, 3011
177732, 3012
177757, 3013
177797, 3014
177840, 3015
177869, 3016
177896, 3017
177939, 3018
177966, 3019
178024, 3020
178047, 3021
178091, 3022
178119, 3023
178161, 3024
178177, 3025
178220, 3026
178259, 3027
178298, 3028
178329, 3029
178354, 3030
178396, 3031
178424, 3032
178441, 3033
178494, 3034
178519, 3035
178550, 3036
178592, 3037
178624, 3038
178649, 3039
178692, 3040
178728, 3041
178747, 3042
178801, 3043
178829, 3044
178857, 3045
178916, 3046
178942, 3047
178980, 3048
179025, 3049
179054, 3050
179078, 3051
179120, 3052
179149, 3053
179190, 3054
179217, 3055
179247, 3056
179288, 3057
179316, 3058
179345, 3059
179386, 3060
179413, 3061
179454, 3062
179483, 3063
179512, 3064
179555, 3065
179582, 3066
179625, 3067
179649, 3068
179693, 3069
179720, 3070
179750, 3071
179777, 3072
179850, 3073
179870, 3074
179900, 3075
179940, 3076
179978, 3077
180003, 3078
180044, 3079
180070, 3080
180110, 3081
180126, 3082
180169, 3083
180208, 3084
180236, 3085
180276, 3086
180306, 3087
180333, 3088
180375, 3089
180392, 3090
180444, 3091
180460, 3092
180503, 3093
180539, 3094
180569, 3095
180611, 3096
180639, 3097
180666, 3098
180709, 3099
180736, 3100
180808, 3101
180832, 3102
180849, 3103
180888, 3104
180917, 3105
180961, 3106
180986, 3107
181017, 3108
181056, 3109
181085, 3110
181126, 3111
181155, 3112
181175, 3113
181223, 3114
181242, 3115
181294, 3116
181322, 3117
181338, 3118
181394, 3119
181421, 3120
181447, 3121
181488, 3122
181517, 3123
181558, 3124
181586, 3125
181614, 3126
181718, 3127
181737, 3128
181768, 3129
181808, 3130
181825, 3131
181866, 3132
181906, 3133
181933, 3134
181976, 3135
182003, 3136
182045, 3137
182074, 3138
182102, 3139
182143, 3140
182159, 3141
182211, 3142
182228, 3143
182271, 3144
182295, 3145
182338, 3146
182368, 3147
182409, 3148
182436, 3149
182465, 3150
182504, 3151
182535, 3152
182601, 3153
182618, 3154
182658, 3155
182672, 3156
182716, 3157
182756, 3158
182785, 3159
182810, 3160
182853, 3161
182881, 3162
182921, 3163
182938, 3164
182991, 3165
183007, 3166
183065, 3167
183091, 3168
183117, 3169
183145, 3170
183187, 3171
183216, 3172
183257, 3173
183284, 3174
183312, 3175
183354, 3176
183381, 3177
183424, 3178
183445, 3179
183506, 3180
183553, 3181
183575, 3182
183617, 3183
183638, 3184
183677, 3185
183715, 3186
183743, 3187
183772, 3188
183813, 3189
183841, 3190
183883, 3191
183899, 3192
183939, 3193
183968, 3194
184009, 3195
184040, 3196
184080, 3197
184106, 3198
184152, 3199
184178, 3200
184216, 3201
184231, 3202
184286, 3203
184302, 3204
184345, 3205
184397, 3206
184426, 3207
184467, 3208
184493, 3209
184536, 3210
184563, 3211
184594, 3212
184634, 3213
184650, 3214
184706, 3215
184731, 3216
184773, 3217
184788, 3218
184829, 3219
184872, 3220
184901, 3221
184931, 3222
184955, 3223
184997, 3224
185038, 3225
185067, 3226
185094, 3227
185136, 3228
185152, 3229
185205, 3230
185222, 3231
185264, 3232
185322, 3233
185343, 3234
185386, 3235
185426, 3236
185445, 3237
185484, 3238
185524, 3239
185539, 3240
185582, 3241
185624, 3242
185651, 3243
185692, 3244
185709, 3245
185749, 3246
185790, 3247
185806, 3248
185851, 3249
185889, 3250
185913, 3251
185955, 3252
185984, 3253
186013, 3254
186056, 3255
186082, 3256
186125, 3257
186143, 3258
186182, 3259
186222, 3260
186317, 3261
186345, 3262
186362, 3263
186416, 3264
186445, 3265
186471, 3266
186513, 3267
186541, 3268
186569, 3269
186612, 3270
186629, 3271
186682, 3272
186709, 3273
186736, 3274
186779, 3275
186807, 3276
186848, 3277
186866, 3278
186907, 3279
186946, 3280
186974, 3281
187002, 3282
187043, 3283
187072, 3284
187116, 3285
187141, 3286
187194, 3287
187235, 3288
187264, 3289
187306, 3290
187322, 3291
187366, 3292
187402, 3293
187431, 3294
187475, 3295
187501, 3296
187531, 3297
187570, 3298
187602, 3299
187628, 3300
187668, 3301
187710, 3302
187729, 3303
187770, 3304
187807, 3305
187824, 3306
187867, 3307
187905, 3308
187924, 3309
187975, 3310
187991, 3311
188037, 3312
188105, 3313
188124, 3314
188165, 3315
188189, 3316
188230, 3317
188258, 3318
188298, 3319
188326, 3320
188368, 3321
188396, 3322
188422, 3323
188460, 3324
188490, 3325
188532, 3326
188561, 3327
188587, 3328
188632, 3329
188656, 3330
188685, 3331
188727, 3332
188756, 3333
188796, 3334
188816, 3335
188855, 3336
188895, 3337
188922, 3338
188997, 3339
189016, 3340
189057, 3341
189085, 3342
189111, 3343
189152, 3344
189176, 3345
189219, 3346
189243, 3347
189284, 3348
189312, 3349
189354, 3350
189371, 3351
189410, 3352
189452, 3353
189480, 3354
189508, 3355
189549, 3356
189578, 3357
189619, 3358
189647, 3359
189689, 3360
189715, 3361
189744, 3362
189786, 3363
189813, 3364
189844, 3365
189925, 3366
189954, 3367
189981, 3368
189995, 3369
190023, 3370
190054, 3371
190093, 3372
190122, 3373
190164, 3374
190191, 3375
190232, 3376
190261, 3377
190287, 3378
190330, 3379
190359, 3380
190386, 3381
190428, 3382
190457, 3383
190485, 3384
190527, 3385
190554, 3386
190594, 3387
190623, 3388
190666, 3389
190692, 3390
190720, 3391
190763, 3392
190790, 3393
190887, 3394
190902, 3395
190931, 3396
190973, 3397
191000, 3398
191016, 3399
191069, 3400
191086, 3401
191125, 3402
191167, 3403
191195, 3404
191222, 3405
191264, 3406
191293, 3407
191335, 3408
191354, 3409
191404, 3410
191433, 3411
191459, 3412
191500, 3413
191516, 3414
191559, 3415
191599, 3416
191627, 3417
191669, 3418
191685, 3419
191739, 3420
191795, 3421
191821, 3422
191849, 3423
191877, 3424
191919, 3425
191934, 3426
191990, 3427
192017, 3428
192044, 3429
192070, 3430
192115, 3431
192153, 3432
192171, 3433
192211, 3434
192251, 3435
192281, 3436
192321, 3437
192352, 3438
192376, 3439
192419, 3440
192446, 3441
192475, 3442
192517, 3443
192544, 3444
192586, 3445
192602, 3446
192657, 3447
192710, 3448
192740, 3449
192770, 3450
192807, 3451
192825, 3452
192868, 3453
192905, 3454
192934, 3455
192976, 3456
193003, 3457
193047, 3458
193072, 3459
193101, 3460
193145, 3461
193173, 3462
193199, 3463
193241, 3464
193282, 3465
193297, 3466
193339, 3467
193367, 3468
193409, 3469
193438, 3470
193466, 3471
193505, 3472
193545, 3473
193561, 3474
193643, 3475
193660, 3476
193686, 3477
193714, 3478
193757, 3479
193774, 3480
193813, 3481
193855, 3482
193881, 3483
193910, 3484
193952, 3485
193982, 3486
194021, 3487
194038, 3488
194079, 3489
194117, 3490
194148, 3491
194178, 3492
194216, 3493
194246, 3494
194286, 3495
194315, 3496
194355, 3497
194371, 3498
194413, 3499
194455, 3500
194482, 3501
194513, 3502
194552, 3503
194580, 3504
194612, 3505
194649, 3506
194679, 3507
194719, 3508
194748, 3509
194779, 3510
194816, 3511
194846, 3512
194887, 3513
194915, 3514
194944, 3515
194984, 3516
195013, 3517
195054, 3518
195082, 3519
195110, 3520
195153, 3521
195180, 3522
195222, 3523
195277, 3524
195293, 3525
195320, 3526
195361, 3527
195389, 3528
195418, 3529
195457, 3530
195487, 3531
195525, 3532
195554, 3533
195597, 3534
195611, 3535
195664, 3536
195678, 3537
195722, 3538
195763, 3539
195791, 3540
195819, 3541
195861, 3542
195889, 3543
195919, 3544
195959, 3545
195987, 3546
196027, 3547
196056, 3548
196097, 3549
196113, 3550
196155, 3551
196196, 3552
196210, 3553
196254, 3554
196293, 3555
196321, 3556
196362, 3557
196377, 3558
196418, 3559
196460, 3560
196489, 3561
196519, 3562
196559, 3563
196585, 3564
196627, 3565
196656, 3566
196685, 3567
196725, 3568
196754, 3569
196794, 3570
196823, 3571
196865, 3572
196879, 3573
196920, 3574
196963, 3575
196991, 3576
197032, 3577
197047, 3578
197088, 3579
197130, 3580
197157, 3581
197188, 3582
197227, 3583
197255, 3584
197285, 3585
197323, 3586
197352, 3587
197393, 3588
197422, 3589
197453, 3590
197552, 3591
197564, 3592
197598, 3593
197632, 3594
197679, 3595
197700, 3596
197730, 3597
197768, 3598
197797, 3599
197837, 3600
197864, 3601
197907, 3602
197921, 3603
197977, 3604
198003, 3605
198031, 3606
198062, 3607
198101, 3608
198128, 3609
198170, 3610
198198, 3611
198228, 3612
198268, 3613
198297, 3614
198338, 3615
198352, 3616
198395, 3617
198435, 3618
198464, 3619
198494, 3620
198533, 3621
198561, 3622
198602, 3623
198631, 3624
198661, 3625
198700, 3626
198729, 3627
198771, 3628
198799, 3629
198828, 3630
198868, 3631
198897, 3632
198938, 3633
198967, 3634
198997, 3635
199035, 3636
199063, 3637
199105, 3638
199133, 3639
199162, 3640
199204, 3641
199230, 3642
199272, 3643
199300, 3644
199329, 3645
199370, 3646
199398, 3647
199441, 3648
199455, 3649
199495, 3650
199537, 3651
199565, 3652
199624, 3653
199634, 3654
199676, 3655
199703, 3656
199735, 3657
199773, 3658
199802, 3659
199841, 3660
199871, 3661
199911, 3662
199939, 3663
199970, 3664
200008, 3665
200037, 3666
200079, 3667
200107, 3668
200135, 3669
200177, 3670
200204, 3671
200246, 3672
200261, 3673
200302, 3674
200344, 3675
200373, 3676
200403, 3677
200441, 3678
200470, 3679
200511, 3680
200525, 3681
200569, 3682
200608, 3683
200636, 3684
200678, 3685
200706, 3686
200736, 3687
200776, 3688
200804, 3689
200847, 3690
200875, 3691
200902, 3692
200943, 3693
200972, 3694
201002, 3695
201041, 3696
201069, 3697
201110, 3698
201139, 3699
201168, 3700
201209, 3701
201237, 3702
201278, 3703
201294, 3704
201336, 3705
201374, 3706
201403, 3707
201445, 3708
201473, 3709
201503, 3710
201543, 3711
201571, 3712
201613, 3713
201644, 3714
201701, 3715
201720, 3716
201736, 3717
201777, 3718
201818, 3719
201847, 3720
201877, 3721
201916, 3722
201946, 3723
201986, 3724
202014, 3725
202056, 3726
202070, 3727
202112, 3728
202154, 3729
202182, 3730
202223, 3731
202237, 3732
202280, 3733
202322, 3734
202350, 3735
202379, 3736
202419, 3737
202446, 3738
202488, 3739
202517, 3740
202546, 3741
202585, 3742
202614, 3743
202656, 3744
202671, 3745
202713, 3746
202753, 3747
202780, 3748
202823, 3749
202851, 3750
202879, 3751
202921, 3752
202949, 3753
202980, 3754
203018, 3755
203047, 3756
203087, 3757
203116, 3758
203147, 3759
203185, 3760
203214, 3761
203255, 3762
203270, 3763
203313, 3764
203352, 3765
203381, 3766
203422, 3767
203450, 3768
203478, 3769
203520, 3770
203549, 3771
203589, 3772
203618, 3773
203646, 3774
203690, 3775
203738, 3776
203757, 3777
203799, 3778
203829, 3779
203867, 3780
203895, 3781
203936, 3782
203965, 3783
204006, 3784
204020, 3785
204062, 3786
204103, 3787
204132, 3788
204161, 3789
204201, 3790
204229, 3791
204270, 3792
204299, 3793
204329, 3794
204367, 3795
204396, 3796
204437, 3797
204451, 3798
204494, 3799
204534, 3800
204563, 3801
204604, 3802
204632, 3803
204660, 3804
204702, 3805
204731, 3806
204772, 3807
204800, 3808
204829, 3809
204869, 3810
204898, 3811
204939, 3812
204953, 3813
204995, 3814
205037, 3815
205065, 3816
205094, 3817
205135, 3818
205162, 3819
205204, 3820
205219, 3821
205261, 3822
205301, 3823
205330, 3824
205370, 3825
205386, 3826
205427, 3827
205469, 3828
205497, 3829
205527, 3830
205566, 3831
205595, 3832
205636, 3833
205665, 3834
205706, 3835
205723, 3836
205789, 3837
205803, 3838
205846, 3839
205860, 3840
205901, 3841
205942, 3842
205971, 3843
205999, 3844
206040, 3845
206068, 3846
206109, 3847
206137, 3848
206181, 3849
206197, 3850
206237, 3851
206277, 3852
206304, 3853
206334, 3854
206374, 3855
206402, 3856
206442, 3857
206471, 3858
206500, 3859
206540, 3860
206569, 3861
206610, 3862
206639, 3863
206666, 3864
206708, 3865
206737, 3866
206778, 3867
206793, 3868
206834, 3869
206875, 3870
206902, 3871
206932, 3872
206973, 3873
207001, 3874
207042, 3875
207071, 3876
207100, 3877
207139, 3878
207169, 3879
207209, 3880
207237, 3881
207268, 3882
207306, 3883
207334, 3884
207376, 3885
207391, 3886
207434, 3887
207474, 3888
207502, 3889
207543, 3890
207571, 3891
207601, 3892
207641, 3893
207670, 3894
207698, 3895
207738, 3896
207797, 3897
207809, 3898
207849, 3899
207877, 3900
207919, 3901
207947, 3902
207975, 3903
208016, 3904
208044, 3905
208084, 3906
208112, 3907
208154, 3908
208168, 3909
208211, 3910
208251, 3911
208279, 3912
208309, 3913
208349, 3914
208377, 3915
208418, 3916
208447, 3917
208477, 3918
208517, 3919
208545, 3920
208586, 3921
208602, 3922
208647, 3923
208690, 3924
208722, 3925
208748, 3926
208787, 3927
208799, 3928
208853, 3929
208868, 3930
208920, 3931
208948, 3932
208975, 3933
209017, 3934
209045, 3935
209086, 3936
209101, 3937
209142, 3938
209184, 3939
209211, 3940
209253, 3941
209281, 3942
209310, 3943
209351, 3944
209380, 3945
209421, 3946
209435, 3947
209477, 3948
209519, 3949
209546, 3950
209587, 3951
209602, 3952
209645, 3953
209685, 3954
209714, 3955
209745, 3956
209783, 3957
209810, 3958
209853, 3959
209916, 3960
209936, 3961
209966, 3962
209994, 3963
210035, 3964
210063, 3965
210102, 3966
210130, 3967
210171, 3968
210189, 3969
210241, 3970
210255, 3971
210296, 3972
210338, 3973
210367, 3974
210395, 3975
210436, 3976
210464, 3977
210505, 3978
210520, 3979
210562, 3980
210603, 3981
210631, 3982
210672, 3983
210687, 3984
210729, 3985
210770, 3986
210799, 3987
210830, 3988
210868, 3989
210896, 3990
210937, 3991
210965, 3992
210996, 3993
211035, 3994
211063, 3995
211104, 3996
211133, 3997
211162, 3998
211202, 3999
211231, 4000
211260, 4001
211300, 4002
211329, 4003
211371, 4004
211386, 4005
211438, 4006
211466, 4007
211496, 4008
211538, 4009
211565, 4010
211608, 4011
211621, 4012
211664, 4013
211704, 4014
211719, 4015
211761, 4016
211801, 4017
211830, 4018
211873, 4019
211920, 4020
211943, 4021
211985, 4022
212012, 4023
212053, 4024
212080, 4025
212108, 4026
212150, 4027
212177, 4028
212219, 4029
212233, 4030
212275, 4031
212316, 4032
212345, 4033
212385, 4034
212400, 4035
212442, 4036
212485, 4037
212511, 4038
212541, 4039
212580, 4040
212609, 4041
212650, 4042
212678, 4043
212710, 4044
212748, 4045
212776, 4046
212819, 4047
212846, 4048
212876, 4049
212915, 4050
212943, 4051
212985, 4052
213014, 4053
213041, 4054
213082, 4055
213112, 4056
213141, 4057
213181, 4058
213211, 4059
213249, 4060
213277, 4061
213320, 4062
213334, 4063
213377, 4064
213417, 4065
213446, 4066
213487, 4067
213502, 4068
213543, 4069
213585, 4070
213613, 4071
213643, 4072
213683, 4073
213710, 4074
213752, 4075
213780, 4076
213812, 4077
213869, 4078
213890, 4079
213917, 4080
213958, 4081
213986, 4082
214015, 4083
214056, 4084
214085, 4085
214125, 4086
214153, 4087
214184, 4088
214222, 4089
214252, 4090
214294, 4091
214308, 4092
214350, 4093
214390, 4094
214420, 4095
214449, 4096
214488, 4097
214517, 4098
214559, 4099
214587, 4100
214615, 4101
214657, 4102
214684, 4103
214725, 4104
214754, 4105
214782, 4106
214823, 4107
214852, 4108
214893, 4109
214908, 4110
214951, 4111
214989, 4112
215018, 4113
215048, 4114
215087, 4115
215115, 4116
215158, 4117
215186, 4118
215227, 4119
215241, 4120
215284, 4121
215325, 4122
215354, 4123
215383, 4124
215422, 4125
215451, 4126
215492, 4127
215521, 4128
215551, 4129
215590, 4130
215618, 4131
215660, 4132
215674, 4133
215716, 4134
215757, 4135
215815, 4136
215827, 4137
215868, 4138
215895, 4139
215926, 4140
215964, 4141
215992, 4142
216034, 4143
216062, 4144
216092, 4145
216130, 4146
216160, 4147
216201, 4148
216229, 4149
216258, 4150
216299, 4151
216326, 4152
216368, 4153
216396, 4154
216426, 4155
216465, 4156
216494, 4157
216536, 4158
216564, 4159
216592, 4160
216633, 4161
216661, 4162
216702, 4163
216731, 4164
216759, 4165
216801, 4166
216829, 4167
216871, 4168
216885, 4169
216926, 4170
216967, 4171
216996, 4172
217027, 4173
217065, 4174
217094, 4175
217135, 4176
217149, 4177
217191, 4178
217233, 4179
217260, 4180
217302, 4181
217331, 4182
217359, 4183
217400, 4184
217428, 4185
217458, 4186
217497, 4187
217526, 4188
217566, 4189
217595, 4190
217626, 4191
217664, 4192
217694, 4193
217736, 4194
217783, 4195
217802, 4196
217847, 4197
217874, 4198
217914, 4199
217941, 4200
217984, 4201
217998, 4202
218039, 4203
218079, 4204
218108, 4205
218139, 4206
218177, 4207
218206, 4208
218247, 4209
218276, 4210
218318, 4211
218332, 4212
218373, 4213
218415, 4214
218429, 4215
218473, 4216
218511, 4217
218540, 4218
218581, 4219
218610, 4220
218639, 4221
218680, 4222
218708, 4223
218738, 4224
218777, 4225
218806, 4226
218846, 4227
218875, 4228
218905, 4229
218944, 4230
218973, 4231
219014, 4232
219041, 4233
219072, 4234
219111, 4235
219140, 4236
219181, 4237
219210, 4238
219252, 4239
219266, 4240
219309, 4241
219348, 4242
219377, 4243
219405, 4244
219446, 4245
219475, 4246
219516, 4247
219532, 4248
219572, 4249
219613, 4250
219642, 4251
219682, 4252
219697, 4253
219740, 4254
219784, 4255
219831, 4256
219849, 4257
219894, 4258
219922, 4259
219951, 4260
219989, 4261
220018, 4262
220057, 4263
220085, 4264
220127, 4265
220141, 4266
220196, 4267
220211, 4268
220254, 4269
220295, 4270
220309, 4271
220351, 4272
220392, 4273
220420, 4274
220462, 4275
220490, 4276
220520, 4277
220558, 4278
220587, 4279
220628, 4280
220657, 4281
220687, 4282
220727, 4283
220755, 4284
220784, 4285
220824, 4286
220854, 4287
220892, 4288
220922, 4289
220952, 4290
220991, 4291
221020, 4292
221061, 4293
221089, 4294
221119, 4295
221158, 4296
221186, 4297
221228, 4298
221256, 4299
221286, 4300
221326, 4301
221355, 4302
221395, 4303
221423, 4304
221452, 4305
221493, 4306
221521, 4307
221551, 4308
221590, 4309
221619, 4310
221660, 4311
221688, 4312
221729, 4313
221759, 4314
221785, 4315
221827, 4316
221855, 4317
221925, 4318
221938, 4319
221968, 4320
222007, 4321
222035, 4322
222076, 4323
222104, 4324
222146, 4325
222160, 4326
222202, 4327
222243, 4328
222271, 4329
222301, 4330
222340, 4331
222368, 4332
222410, 4333
222438, 4334
222480, 4335
222494, 4336
222536, 4337
222577, 4338
222605, 4339
222636, 4340
222675, 4341
222703, 4342
222745, 4343
222759, 4344
222814, 4345
222828, 4346
222870, 4347
222912, 4348
222940, 4349
222968, 4350
223010, 4351
223039, 4352
223079, 4353
223107, 4354
223137, 4355
223177, 4356
223205, 4357
223235, 4358
223275, 4359
223303, 4360
223344, 4361
223372, 4362
223414, 4363
223428, 4364
223470, 4365
223510, 4366
223539, 4367
223570, 4368
223608, 4369
223637, 4370
223679, 4371
223706, 4372
223748, 4373
223763, 4374
223805, 4375
223845, 4376
223873, 4377
223902, 4378
223945, 4379
224007, 4380
224027, 4381
224041, 4382
224084, 4383
224123, 4384
224152, 4385
224193, 4386
224207, 4387
224262, 4388
224276, 4389
224318, 4390
224359, 4391
224387, 4392
224418, 4393
224456, 4394
224483, 4395
224526, 4396
224555, 4397
224582, 4398
224624, 4399
224653, 4400
224693, 4401
224722, 4402
224750, 4403
224791, 4404
224819, 4405
224861, 4406
224875, 4407
224917, 4408
224958, 4409
224986, 4410
225028, 4411
225043, 4412
225084, 4413
225126, 4414
225154, 4415
225183, 4416
225224, 4417
225253, 4418
225293, 4419
225321, 4420
225350, 4421
225390, 4422
225418, 4423
225461, 4424
225476, 4425
225516, 4426
225558, 4427
225586, 4428
225626, 4429
225655, 4430
225685, 4431
225724, 4432
225753, 4433
225795, 4434
225822, 4435
225864, 4436
225879, 4437
225921, 4438
225962, 4439
225979, 4440
226020, 4441
226094, 4442
226117, 4443
226144, 4444
226184, 4445
226213, 4446
226253, 4447
226281, 4448
226310, 4449
226351, 4450
226378, 4451
226408, 4452
226447, 4453
226477, 4454
226515, 4455
226544, 4456
226585, 4457
226614, 4458
226644, 4459
226684, 4460
226712, 4461
226753, 4462
226768, 4463
226809, 4464
226851, 4465
226880, 4466
226908, 4467
226949, 4468
226977, 4469
227018, 4470
227033, 4471
227077, 4472
227115, 4473
227143, 4474
227186, 4475
227214, 4476
227242, 4477
227284, 4478
227311, 4479
227353, 4480
227381, 4481
227409, 4482
227451, 4483
227479, 4484
227520, 4485
227535, 4486
227577, 4487
227618, 4488
227646, 4489
227674, 4490
227725, 4491
227757, 4492
227772, 4493
227811, 4494
227853, 4495
227881, 4496
227922, 4497
227938, 4498
227979, 4499
228020, 4500
228049, 4501
228090, 4502
228105, 4503
228146, 4504
228217, 4505
228229, 4506
228269, 4507
228298, 4508
228339, 4509
228367, 4510
228397, 4511
228436, 4512
228464, 4513
228506, 4514
228535, 4515
228562, 4516
228603, 4517
228632, 4518
228662, 4519
228701, 4520
228731, 4521
228771, 4522
228799, 4523
228840, 4524
228855, 4525
228897, 4526
228939, 4527
228967, 4528
229009, 4529
229022, 4530
229066, 4531
229106, 4532
229134, 4533
229165, 4534
229203, 4535
229233, 4536
229272, 4537
229301, 4538
229330, 4539
229370, 4540
229399, 4541
229440, 4542
229454, 4543
229499, 4544
229537, 4545
229566, 4546
229607, 4547
229622, 4548
229665, 4549
229706, 4550
229734, 4551
229764, 4552
229803, 4553
229831, 4554
229872, 4555
229901, 4556
229942, 4557
229957, 4558
229999, 4559
230040, 4560
230069, 4561
230097, 4562
230138, 4563
230166, 4564
230197, 4565
230238, 4566
230301, 4567
230319, 4568
230361, 4569
230374, 4570
230415, 4571
230456, 4572
230485, 4573
230526, 4574
230541, 4575
230584, 4576
230623, 4577
230652, 4578
230682, 4579
230720, 4580
230749, 4581
230790, 4582
230818, 4583
230848, 4584
230888, 4585
230917, 4586
230958, 4587
230985, 4588
231016, 4589
231055, 4590
231083, 4591
231125, 4592
231153, 4593
231181, 4594
231223, 4595
231252, 4596
231293, 4597
231307, 4598
231352, 4599
231390, 4600
231418, 4601
231461, 4602
231486, 4603
231515, 4604
231558, 4605
231585, 4606
231627, 4607
231641, 4608
231683, 4609
231724, 4610
231752, 4611
231793, 4612
231808, 4613
231850, 4614
231892, 4615
231907, 4616
231960, 4617
231975, 4618
232018, 4619
232057, 4620
232072, 4621
232128, 4622
232144, 4623
232184, 4624
232225, 4625
232253, 4626
232284, 4627
232323, 4628
232354, 4629
232414, 4630
232436, 4631
232464, 4632
232493, 4633
232532, 4634
232561, 4635
232601, 4636
232628, 4637
232669, 4638
232698, 4639
232727, 4640
232767, 4641
232796, 4642
232838, 4643
232852, 4644
232907, 4645
232922, 4646
232962, 4647
233004, 4648
233030, 4649
233060, 4650
233101, 4651
233128, 4652
233170, 4653
233187, 4654
233226, 4655
233266, 4656
233294, 4657
233337, 4658
233366, 4659
233395, 4660
233435, 4661
233463, 4662
233506, 4663
233520, 4664
233562, 4665
233604, 4666
233619, 4667
233671, 4668
233686, 4669
233727, 4670
233768, 4671
233798, 4672
233827, 4673
233866, 4674
233895, 4675
233925, 4676
233965, 4677
233992, 4678
234035, 4679
234062, 4680
234105, 4681
234119, 4682
234162, 4683
234209, 4684
234236, 4685
234275, 4686
234301, 4687
234340, 4688
234368, 4689
234409, 4690
234426, 4691
234492, 4692
234506, 4693
234535, 4694
234577, 4695
234606, 4696
234646, 4697
234661, 4698
234703, 4699
234743, 4700
234772, 4701
234814, 4702
234829, 4703
234870, 4704
234911, 4705
234940, 4706
234968, 4707
235009, 4708
235025, 4709
235078, 4710
235107, 4711
235136, 4712
235176, 4713
235203, 4714
235246, 4715
235261, 4716
235315, 4717
235329, 4718
235371, 4719
235401, 4720
235439, 4721
235471, 4722
235509, 4723
235538, 4724
235580, 4725
235594, 4726
235637, 4727
235676, 4728
235705, 4729
235734, 4730
235775, 4731
235804, 4732
235845, 4733
235862, 4734
235914, 4735
235928, 4736
235970, 4737
236010, 4738
236039, 4739
236069, 4740
236109, 4741
236138, 4742
236168, 4743
236207, 4744
236235, 4745
236275, 4746
236306, 4747
236335, 4748
236374, 4749
236402, 4750
236443, 4751
236472, 4752
236513, 4753
236571, 4754
236583, 4755
236625, 4756
236639, 4757
236682, 4758
236721, 4759
236749, 4760
236791, 4761
236806, 4762
236849, 4763
236888, 4764
236918, 4765
236956, 4766
236984, 4767
237025, 4768
237054, 4769
237083, 4770
237125, 4771
237138, 4772
237181, 4773
237222, 4774
237251, 4775
237291, 4776
237320, 4777
237351, 4778
237390, 4779
237418, 4780
237447, 4781
237486, 4782
237514, 4783
237555, 4784
237585, 4785
237615, 4786
237653, 4787
237682, 4788
237723, 4789
237752, 4790
237782, 4791
237821, 4792
237849, 4793
237891, 4794
237920, 4795
237948, 4796
237988, 4797
238018, 4798
238057, 4799
238085, 4800
238116, 4801
238155, 4802
238183, 4803
238226, 4804
238254, 4805
238282, 4806
238323, 4807
238351, 4808
238381, 4809
238421, 4810
238449, 4811
238490, 4812
238519, 4813
238549, 4814
238587, 4815
238632, 4816
238698, 4817
238711, 4818
238753, 4819
238781, 4820
238823, 4821
238837, 4822
238880, 4823
238919, 4824
238935, 4825
238989, 4826
239018, 4827
239048, 4828
239085, 4829
239114, 4830
239145, 4831
239183, 4832
239215, 4833
239254, 4834
239282, 4835
239322, 4836
239338, 4837
239379, 4838
239422, 4839
239437, 4840
239480, 4841
239546, 4842
239574, 4843
239588, 4844
239628, 4845
239671, 4846
239688, 4847
239738, 4848
239754, 4849
239795, 4850
239838, 4851
239866, 4852
239894, 4853
239935, 4854
239963, 4855
240006, 4856
240020, 4857
240061, 4858
240102, 4859
240131, 4860
240173, 4861
240188, 4862
240230, 4863
240268, 4864
240297, 4865
240339, 4866
240380, 4867
240396, 4868
240438, 4869
240479, 4870
240508, 4871
240534, 4872
240577, 4873
240604, 4874
240648, 4875
240673, 4876
240714, 4877
240729, 4878
240771, 4879
240811, 4880
240840, 4881
240868, 4882
240910, 4883
240940, 4884
240968, 4885
241008, 4886
241036, 4887
241077, 4888
241106, 4889
241148, 4890
241190, 4891
241204, 4892
241245, 4893
241286, 4894
241315, 4895
241344, 4896
241383, 4897
241412, 4898
241452, 4899
241481, 4900
241511, 4901
241550, 4902
241578, 4903
241622, 4904
241638, 4905
241689, 4906
241704, 4907
241749, 4908
241785, 4909
241814, 4910
241855, 4911
241871, 4912
241912, 4913
241954, 4914
241986, 4915
242037, 4916
242052, 4917
242083, 4918
242122, 4919
242149, 4920
242191, 4921
242219, 4922
242250, 4923
242289, 4924
242319, 4925
242359, 4926
242374, 4927
242428, 4928
242442, 4929
242484, 4930
242525, 4931
242554, 4932
242583, 4933
242623, 4934
242652, 4935
242694, 4936
242709, 4937
242750, 4938
242795, 4939
242841, 4940
242863, 4941
242904, 4942
242933, 4943
242970, 4944
243000, 4945
243041, 4946
243069, 4947
243097, 4948
243138, 4949
243166, 4950
243208, 4951
243224, 4952
243278, 4953
243292, 4954
243333, 4955
243376, 4956
243392, 4957
243432, 4958
243472, 4959
243500, 4960
243542, 4961
243557, 4962
243622, 4963
243640, 4964
243668, 4965
243709, 4966
243737, 4967
243778, 4968
243806, 4969
243835, 4970
243876, 4971
243904, 4972
243946, 4973
243961, 4974
244003, 4975
244041, 4976
244071, 4977
244111, 4978
244139, 4979
244168, 4980
244209, 4981
244238, 4982
244280, 4983
244294, 4984
244337, 4985
244377, 4986
244409, 4987
244467, 4988
244487, 4989
244515, 4990
244556, 4991
244585, 4992
244613, 4993
244654, 4994
244681, 4995
244724, 4996
244752, 4997
244781, 4998
244822, 4999
244851, 5000
244879, 5001
244920, 5002
244949, 5003
244991, 5004
245017, 5005
245058, 5006
245073, 5007
245115, 5008
245155, 5009
245183, 5010
245218, 5011
245267, 5012
245282, 5013
245323, 5014
245352, 5015
245383, 5016
245422, 5017
245450, 5018
245490, 5019
245505, 5020
245551, 5021
245588, 5022
245615, 5023
245658, 5024
245675, 5025
245726, 5026
245741, 5027
245783, 5028
245825, 5029
245854, 5030
245881, 5031
245923, 5032
245952, 5033
245993, 5034
246007, 5035
246073, 5036
246090, 5037
246121, 5038
246162, 5039
246175, 5040
246230, 5041
246257, 5042
246286, 5043
246326, 5044
246356, 5045
246385, 5046
246423, 5047
246452, 5048
246494, 5049
246522, 5050
246563, 5051
246579, 5052
246620, 5053
246658, 5054
246689, 5055
246729, 5056
246745, 5057
246797, 5058
246813, 5059
246878, 5060
246899, 5061
246927, 5062
246968, 5063
246982, 5064
247026, 5065
247063, 5066
247091, 5067
247135, 5068
247161, 5069
247191, 5070
247230, 5071
247258, 5072
247298, 5073
247327, 5074
247369, 5075
247383, 5076
247425, 5077
247467, 5078
247495, 5079
247525, 5080
247565, 5081
247593, 5082
247635, 5083
247653, 5084
247719, 5085
247735, 5086
247775, 5087
247801, 5088
247831, 5089
247870, 5090
247898, 5091
247940, 5092
247970, 5093
247998, 5094
248040, 5095
248068, 5096
248096, 5097
248136, 5098
248165, 5099
248206, 5100
248236, 5101
248265, 5102
248304, 5103
248332, 5104
248373, 5105
248402, 5106
248430, 5107
248474, 5108
248517, 5109
248539, 5110
248582, 5111
248610, 5112
248640, 5113
248680, 5114
248707, 5115
248749, 5116
248776, 5117
248807, 5118
248845, 5119
248874, 5120
248916, 5121
248944, 5122
248985, 5123
248999, 5124
249041, 5125
249072, 5126
249111, 5127
249152, 5128
249168, 5129
249210, 5130
249251, 5131
249290, 5132
249308, 5133
249351, 5134
249392, 5135
249408, 5136
249446, 5137
249487, 5138
249515, 5139
249555, 5140
249584, 5141
249613, 5142
249654, 5143
249682, 5144
249724, 5145
249739, 5146
249780, 5147
249822, 5148
249851, 5149
249878, 5150
249920, 5151
249946, 5152
249987, 5153
250015, 5154
250060, 5155
250102, 5156
250113, 5157
250155, 5158
250196, 5159
250223, 5160
250265, 5161
250281, 5162
250322, 5163
250363, 5164
250393, 5165
250434, 5166
250449, 5167
250489, 5168
250530, 5169
250557, 5170
250586, 5171
250628, 5172
250656, 5173
250687, 5174
250725, 5175
250755, 5176
250794, 5177
250824, 5178
250888, 5179
250907, 5180
250932, 5181
250975, 5182
250991, 5183
251032, 5184
251071, 5185
251099, 5186
251130, 5187
251170, 5188
251199, 5189
251239, 5190
251267, 5191
251299, 5192
251338, 5193
251366, 5194
251395, 5195
251434, 5196
251465, 5197
251505, 5198
251537, 5199
251575, 5200
251591, 5201
251630, 5202
251701, 5203
251726, 5204
251741, 5205
251781, 5206
251824, 5207
251839, 5208
251881, 5209
251922, 5210
251950, 5211
251978, 5212
252020, 5213
252048, 5214
252088, 5215
252103, 5216
252146, 5217
252186, 5218
252214, 5219
252256, 5220
252284, 5221
252312, 5222
252354, 5223
252382, 5224
252424, 5225
252438, 5226
252484, 5227
252536, 5228
252550, 5229
252591, 5230
252608, 5231
252660, 5232
252675, 5233
252717, 5234
252758, 5235
252786, 5236
252816, 5237
252855, 5238
252884, 5239
252925, 5240
252941, 5241
252983, 5242
253023, 5243
253053, 5244
253093, 5245
253110, 5246
253151, 5247
253190, 5248
253205, 5249
253259, 5250
253274, 5251
253315, 5252
253381, 5253
253396, 5254
253437, 5255
253453, 5256
253496, 5257
253537, 5258
253551, 5259
253593, 5260
253635, 5261
253663, 5262
253692, 5263
253732, 5264
253760, 5265
253800, 5266
253816, 5267
253859, 5268
253900, 5269
253928, 5270
253969, 5271
253998, 5272
254027, 5273
254066, 5274
254096, 5275
254126, 5276
254164, 5277
254225, 5278
254246, 5279
254263, 5280
254305, 5281
254342, 5282
254372, 5283
254413, 5284
254440, 5285
254483, 5286
254498, 5287
254539, 5288
254581, 5289
254595, 5290
254637, 5291
254678, 5292
254707, 5293
254738, 5294
254776, 5295
254818, 5296
254834, 5297
254872, 5298
254914, 5299
254943, 5300
254973, 5301
255031, 5302
255085, 5303
255096, 5304
255135, 5305
255165, 5306
255197, 5307
255234, 5308
255264, 5309
255303, 5310
255332, 5311
255372, 5312
255414, 5313
255430, 5314
255471, 5315
255511, 5316
255540, 5317
255583, 5318
255597, 5319
255639, 5320
255680, 5321
255709, 5322
255761, 5323
255779, 5324
255806, 5325
255848, 5326
255863, 5327
255905, 5328
255945, 5329
255972, 5330
256013, 5331
256040, 5332
256094, 5333
256112, 5334
256140, 5335
256181, 5336
256209, 5337
256251, 5338
256265, 5339
256308, 5340
256347, 5341
256375, 5342
256438, 5343
256455, 5344
256485, 5345
256516, 5346
256554, 5347
256583, 5348
256625, 5349
256653, 5350
256682, 5351
256724, 5352
256776, 5353
256795, 5354
256836, 5355
256875, 5356
256917, 5357
256933, 5358
256974, 5359
257013, 5360
257028, 5361
257070, 5362
257132, 5363
257152, 5364
257179, 5365
257220, 5366
257246, 5367
257284, 5368
257324, 5369
257352, 5370
257381, 5371
257420, 5372
257475, 5373
257490, 5374
257519, 5375
257558, 5376
257586, 5377
257626, 5378
257655, 5379
257696, 5380
257723, 5381
257752, 5382
257823, 5383
257838, 5384
257877, 5385
257919, 5386
257933, 5387
257975, 5388
258016, 5389
258032, 5390
258085, 5391
258101, 5392
258162, 5393
258180, 5394
258219, 5395
258245, 5396
258285, 5397
258298, 5398
258341, 5399
258380, 5400
258409, 5401
258448, 5402
258500, 5403
258516, 5404
258556, 5405
258593, 5406
258608, 5407
258660, 5408
258676, 5409
258716, 5410
258754, 5411
258782, 5412
258844, 5413
258865, 5414
258879, 5415
258919, 5416
258957, 5417
258996, 5418
259022, 5419
259064, 5420
259077, 5421
259131, 5422
259169, 5423
259184, 5424
259227, 5425
259266, 5426
259292, 5427
259330, 5428
259359, 5429
259397, 5430
259425, 5431
259465, 5432
259521, 5433
259535, 5434
259565, 5435
259604, 5436
259635, 5437
259672, 5438
259703, 5439
259741, 5440
259770, 5441
259798, 5442
259865, 5443
259879, 5444
259916, 5445
259944, 5446
259982, 5447
260011, 5448
260049, 5449
260077, 5450
260118, 5451
260148, 5452
260222, 5453
260242, 5454
260271, 5455
260298, 5456
260339, 5457
260354, 5458
260410, 5459
260424, 5460
260465, 5461
260506, 5462
260553, 5463
260571, 5464
260598, 5465
260639, 5466
260667, 5467
260705, 5468
260732, 5469
260773, 5470
260802, 5471
260829, 5472
260891, 5473
260909, 5474
260937, 5475
260974, 5476
261002, 5477
261040, 5478
261081, 5479
261095, 5480
261136, 5481
261177, 5482
261239, 5483
261257, 5484
261274, 5485
261327, 5486
261342, 5487
261384, 5488
261426, 5489
261442, 5490
261482, 5491
261543, 5492
261562, 5493
261591, 5494
261627, 5495
261657, 5496
261694, 5497
261735, 5498
261749, 5499
261793, 5500
261832, 5501
261916, 5502
261942, 5503
261969, 5504
261998, 5505
262061, 5506
262077, 5507
262116, 5508
262141, 5509
262196, 5510
262210, 5511
262249, 5512
262280, 5513
262317, 5514
262331, 5515
262374, 5516
262438, 5517
262452, 5518
262492, 5519
262517, 5520
262577, 5521
262596, 5522
262624, 5523
262654, 5524
262713, 5525
262733, 5526
262760, 5527
262797, 5528
262852, 5529
262865, 5530
262904, 5531
262923, 5532
262969, 5533
262995, 5534
263035, 5535
263065, 5536
263115, 5537
263129, 5538
263169, 5539
263200, 5540
263248, 5541
263260, 5542
263300, 5543
263340, 5544
263376, 5545
263391, 5546
263434, 5547
263467, 5548
263513, 5549
263536, 5550
263577, 5551
263607, 5552
263643, 5553
263670, 5554
263710, 5555
263741, 5556
263781, 5557
263806, 5558
263844, 5559
263874, 5560
263913, 5561
263938, 5562
263978, 5563
264009, 5564
264059, 5565
264073, 5566
264115, 5567
264135, 5568
264183, 5569
264197, 5570
264240, 5571
264284, 5572
264321, 5573
264336, 5574
264375, 5575
264416, 5576
264455, 5577
264470, 5578
264508, 5579
264569, 5580
264623, 5581
264643, 5582
264693, 5583
264731, 5584
264750, 5585
264786, 5586
264833, 5587
264855, 5588
264891, 5589
264924, 5590
264948, 5591
264985, 5592
265028, 5593
265063, 5594
265100, 5595
265119, 5596
265158, 5597
265216, 5598
265236, 5599
265286, 5600
