68857, 1
68903, 2
68925, 3
68967, 4
68994, 5
69035, 6
69065, 7
69093, 8
69133, 9
69161, 10
69203, 11
69216, 12
69259, 13
69300, 14
69327, 15
69358, 16
69397, 17
69431, 18
69463, 19
69504, 20
69517, 21
69575, 22
69605, 23
69630, 24
69661, 25
69702, 26
69732, 27
69759, 28
69801, 29
69829, 30
69871, 31
69887, 32
69966, 33
69982, 34
70009, 35
70025, 36
70066, 37
70109, 38
70134, 39
70175, 40
70190, 41
70232, 42
70275, 43
70301, 44
70333, 45
70371, 46
70404, 47
70442, 48
70467, 49
70501, 50
70538, 51
70566, 52
70608, 53
70635, 54
70678, 55
70695, 56
70735, 57
70773, 58
70790, 59
70834, 60
70872, 61
70926, 62
70943, 63
70959, 64
71000, 65
71039, 66
71056, 67
71109, 68
71125, 69
71167, 70
71208, 71
71234, 72
71262, 73
71305, 74
71332, 75
71373, 76
71390, 77
71445, 78
71461, 79
71500, 80
71545, 81
71569, 82
71598, 83
71639, 84
71679, 85
71695, 86
71736, 87
71766, 88
71807, 89
71834, 90
71882, 91
71899, 92
71943, 93
71973, 94
71998, 95
72039, 96
72069, 97
72111, 98
72129, 99
72168, 100
72208, 101
72225, 102
72276, 103
72306, 104
72335, 105
72376, 106
72393, 107
72446, 108
72463, 109
72504, 110
72540, 111
72571, 112
72601, 113
72638, 114
72668, 115
72694, 116
72740, 117
72763, 118
72805, 119
72839, 120
72876, 121
72913, 122
72954, 123
72981, 124
73019, 125
73045, 126
73086, 127
73115, 128
73156, 129
73184, 130
73210, 131
73252, 132
73293, 133
73307, 134
73352, 135
73379, 136
73420, 137
73447, 138
73487, 139
73517, 140
73546, 141
73587, 142
73614, 143
73657, 144
73684, 145
73712, 146
73738, 147
73780, 148
73811, 149
73851, 150
73911, 151
73944, 152
73975, 153
74001, 154
74044, 155
74072, 156
74113, 157
74129, 158
74173, 159
74211, 160
74239, 161
74267, 162
74308, 163
74337, 164
74378, 165
74408, 166
74451, 167
74476, 168
74504, 169
74547, 170
74563, 171
74603, 172
74643, 173
74676, 174
74712, 175
74732, 176
74783, 177
74800, 178
74839, 179
74902, 180
74921, 181
74962, 182
74990, 183
75019, 184
75061, 185
75088, 186
75130, 187
75158, 188
75185, 189
75227, 190
75258, 191
75298, 192
75326, 193
75354, 194
75394, 195
75423, 196
75454, 197
75495, 198
75523, 199
75561, 200
75591, 201
75617, 202
75662, 203
75688, 204
75747, 205
75771, 206
75799, 207
75825, 208
75866, 209
75910, 210
75938, 211
75965, 212
75996, 213
76033, 214
76063, 215
76105, 216
76133, 217
76163, 218
76205, 219
76229, 220
76270, 221
76288, 222
76346, 223
76368, 224
76397, 225
76439, 226
76466, 227
76493, 228
76539, 229
76565, 230
76606, 231
76636, 232
76682, 233
76701, 234
76742, 235
76786, 236
76814, 237
76841, 238
76883, 239
76910, 240
76940, 241
76983, 242
77011, 243
77051, 244
77067, 245
77110, 246
77150, 247
77176, 248
77219, 249
77247, 250
77287, 251
77317, 252
77343, 253
77372, 254
77412, 255
77455, 256
77484, 257
77500, 258
77556, 259
77603, 260
77618, 261
77662, 262
77687, 263
77727, 264
77766, 265
77782, 266
77834, 267
77860, 268
77890, 269
77930, 270
77948, 271
77998, 272
78027, 273
78056, 274
78096, 275
78125, 276
78153, 277
78193, 278
78235, 279
78264, 280
78291, 281
78334, 282
78362, 283
78388, 284
78414, 285
78460, 286
78485, 287
78564, 288
78579, 289
78620, 290
78646, 291
78686, 292
78712, 293
78753, 294
78778, 295
78822, 296
78848, 297
78890, 298
78918, 299
78949, 300
78987, 301
79005, 302
79055, 303
79086, 304
79112, 305
79153, 306
79182, 307
79224, 308
79253, 309
79280, 310
79322, 311
79348, 312
79394, 313
79415, 314
79457, 315
79489, 316
79530, 317
79558, 318
79583, 319
79628, 320
79654, 321
79686, 322
79725, 323
79753, 324
79795, 325
79824, 326
79851, 327
79877, 328
79922, 329
79960, 330
79990, 331
80015, 332
80060, 333
80087, 334
80129, 335
80147, 336
80205, 337
80225, 338
80267, 339
80287, 340
80324, 341
80365, 342
80393, 343
80420, 344
80463, 345
80480, 346
80522, 347
80560, 348
80587, 349
80630, 350
80649, 351
80699, 352
80720, 353
80757, 354
80796, 355
80816, 356
80867, 357
80895, 358
80922, 359
80962, 360
80991, 361
81025, 362
81048, 363
81108, 364
81129, 365
81172, 366
81201, 367
81225, 368
81269, 369
81297, 370
81325, 371
81366, 372
81400, 373
81424, 374
81464, 375
81508, 376
81534, 377
81560, 378
81602, 379
81633, 380
81663, 381
81703, 382
81727, 383
81772, 384
81797, 385
81827, 386
81868, 387
81896, 388
81924, 389
81965, 390
81993, 391
82036, 392
82065, 393
82108, 394
82133, 395
82175, 396
82203, 397
82231, 398
82273, 399
82290, 400
82332, 401
82371, 402
82401, 403
82442, 404
82468, 405
82509, 406
82527, 407
82566, 408
82610, 409
82635, 410
82660, 411
82705, 412
82731, 413
82773, 414
82799, 415
82842, 416
82878, 417
82925, 418
82969, 419
82996, 420
83039, 421
83065, 422
83109, 423
83137, 424
83164, 425
83194, 426
83232, 427
83274, 428
83305, 429
83331, 430
83370, 431
83400, 432
83443, 433
83470, 434
83488, 435
83538, 436
83555, 437
83597, 438
83638, 439
83664, 440
83708, 441
83733, 442
83765, 443
83792, 444
83843, 445
83862, 446
83906, 447
83930, 448
83969, 449
83999, 450
84031, 451
84066, 452
84095, 453
84138, 454
84157, 455
84206, 456
84224, 457
84266, 458
84305, 459
84333, 460
84360, 461
84402, 462
84444, 463
84474, 464
84501, 465
84527, 466
84569, 467
84598, 468
84640, 469
84669, 470
84696, 471
84752, 472
84768, 473
84798, 474
84837, 475
84876, 476
84894, 477
84934, 478
84974, 479
84992, 480
85031, 481
85071, 482
85098, 483
85140, 484
85158, 485
85198, 486
85239, 487
85267, 488
85294, 489
85337, 490
85365, 491
85406, 492
85422, 493
85465, 494
85503, 495
85521, 496
85573, 497
85615, 498
85633, 499
85675, 500
85713, 501
85739, 502
85781, 503
85810, 504
85844, 505
85879, 506
85913, 507
85948, 508
85980, 509
86004, 510
86046, 511
86073, 512
86117, 513
86133, 514
86187, 515
86214, 516
86242, 517
86282, 518
86312, 519
86343, 520
86381, 521
86408, 522
86450, 523
86468, 524
86535, 525
86563, 526
86590, 527
86617, 528
86645, 529
86674, 530
86718, 531
86742, 532
86784, 533
86813, 534
86839, 535
86882, 536
86899, 537
86951, 538
86967, 539
87010, 540
87052, 541
87078, 542
87119, 543
87136, 544
87189, 545
87216, 546
87245, 547
87272, 548
87313, 549
87396, 550
87415, 551
87440, 552
87483, 553
87509, 554
87553, 555
87578, 556
87623, 557
87648, 558
87676, 559
87715, 560
87743, 561
87789, 562
87812, 563
87841, 564
87883, 565
87900, 566
87954, 567
87980, 568
88007, 569
88052, 570
88082, 571
88107, 572
88148, 573
88166, 574
88219, 575
88248, 576
88287, 577
88316, 578
88355, 579
88385, 580
88428, 581
88454, 582
88484, 583
88523, 584
88552, 585
88580, 586
88625, 587
88649, 588
88689, 589
88717, 590
88760, 591
88788, 592
88806, 593
88857, 594
88888, 595
88915, 596
88955, 597
89004, 598
89021, 599
89065, 600
89092, 601
89112, 602
89163, 603
89191, 604
89222, 605
89261, 606
89288, 607
89331, 608
89349, 609
89389, 610
89428, 611
89457, 612
89499, 613
89516, 614
89556, 615
89596, 616
89626, 617
89652, 618
89693, 619
89723, 620
89754, 621
89812, 622
89829, 623
89872, 624
89891, 625
89927, 626
89969, 627
89986, 628
90040, 629
90058, 630
90098, 631
90140, 632
90167, 633
90197, 634
90224, 635
90261, 636
90293, 637
90320, 638
90360, 639
90402, 640
90429, 641
90471, 642
90491, 643
90528, 644
90568, 645
90586, 646
90628, 647
90665, 648
90706, 649
90723, 650
90777, 651
90794, 652
90833, 653
90861, 654
90904, 655
90931, 656
90960, 657
90988, 658
91043, 659
91069, 660
91089, 661
91140, 662
91169, 663
91196, 664
91235, 665
91274, 666
91301, 667
91341, 668
91365, 669
91392, 670
91434, 671
91476, 672
91493, 673
91577, 674
91599, 675
91627, 676
91671, 677
91695, 678
91725, 679
91757, 680
91791, 681
91832, 682
91856, 683
91897, 684
91923, 685
91963, 686
91980, 687
92019, 688
92062, 689
92088, 690
92133, 691
92157, 692
92200, 693
92229, 694
92256, 695
92294, 696
92334, 697
92357, 698
92398, 699
92428, 700
92466, 701
92510, 702
92550, 703
92576, 704
92617, 705
92643, 706
92685, 707
92702, 708
92744, 709
92782, 710
92798, 711
92841, 712
92880, 713
92912, 714
92951, 715
92978, 716
93008, 717
93049, 718
93075, 719
93116, 720
93132, 721
93190, 722
93214, 723
93234, 724
93283, 725
93300, 726
93345, 727
93396, 728
93423, 729
93441, 730
93480, 731
93510, 732
93551, 733
93577, 734
93620, 735
93647, 736
93675, 737
93717, 738
93734, 739
93777, 740
93816, 741
93841, 742
93883, 743
93902, 744
93941, 745
93980, 746
94009, 747
94054, 748
94078, 749
94109, 750
94135, 751
94175, 752
94217, 753
94235, 754
94288, 755
94330, 756
94347, 757
94387, 758
94426, 759
94442, 760
94496, 761
94513, 762
94566, 763
94582, 764
94622, 765
94654, 766
94692, 767
94719, 768
94762, 769
94788, 770
94832, 771
94858, 772
94877, 773
94928, 774
94955, 775
94987, 776
95026, 777
95054, 778
95084, 779
95124, 780
95152, 781
95212, 782
95233, 783
95263, 784
95303, 785
95319, 786
95362, 787
95400, 788
95420, 789
95470, 790
95487, 791
95527, 792
95568, 793
95585, 794
95640, 795
95667, 796
95694, 797
95737, 798
95752, 799
95795, 800
95834, 801
95853, 802
95902, 803
95919, 804
95963, 805
96000, 806
96030, 807
96072, 808
96100, 809
96135, 810
96184, 811
96205, 812
96252, 813
96278, 814
96317, 815
96347, 816
96378, 817
96418, 818
96438, 819
96485, 820
96501, 821
96544, 822
96585, 823
96612, 824
96640, 825
96681, 826
96713, 827
96753, 828
96779, 829
96822, 830
96849, 831
96866, 832
96920, 833
96949, 834
96974, 835
97018, 836
97047, 837
97101, 838
97117, 839
97157, 840
97186, 841
97210, 842
97253, 843
97285, 844
97324, 845
97349, 846
97392, 847
97408, 848
97452, 849
97490, 850
97530, 851
97546, 852
97587, 853
97617, 854
97659, 855
97685, 856
97728, 857
97754, 858
97800, 859
97826, 860
97850, 861
97879, 862
97920, 863
97956, 864
97988, 865
98031, 866
98048, 867
98100, 868
98117, 869
98157, 870
98188, 871
98229, 872
98255, 873
98283, 874
98324, 875
98356, 876
98393, 877
98424, 878
98465, 879
98491, 880
98520, 881
98563, 882
98579, 883
98633, 884
98659, 885
98689, 886
98730, 887
98759, 888
98786, 889
98827, 890
98868, 891
98884, 892
98926, 893
98968, 894
98995, 895
99023, 896
99064, 897
99081, 898
99135, 899
99160, 900
99179, 901
99231, 902
99259, 903
99301, 904
99329, 905
99356, 906
99401, 907
99427, 908
99470, 909
99487, 910
99538, 911
99555, 912
99596, 913
99622, 914
99662, 915
99712, 916
99732, 917
99759, 918
99801, 919
99830, 920
99871, 921
99887, 922
99932, 923
99959, 924
99998, 925
100042, 926
100068, 927
100094, 928
100137, 929
100154, 930
100194, 931
100232, 932
100266, 933
100303, 934
100329, 935
100371, 936
100386, 937
100430, 938
100469, 939
100498, 940
100539, 941
100555, 942
100639, 943
100668, 944
100695, 945
100720, 946
100734, 947
100776, 948
100805, 949
100834, 950
100872, 951
100916, 952
100943, 953
100960, 954
101001, 955
101040, 956
101070, 957
101112, 958
101140, 959
101165, 960
101207, 961
101238, 962
101267, 963
101306, 964
101336, 965
101375, 966
101406, 967
101445, 968
101463, 969
101520, 970
101541, 971
101570, 972
101611, 973
101629, 974
101671, 975
101709, 976
101738, 977
101780, 978
101810, 979
101834, 980
101878, 981
101903, 982
101945, 983
101962, 984
102016, 985
102032, 986
102072, 987
102102, 988
102144, 989
102168, 990
102212, 991
102236, 992
102268, 993
102308, 994
102336, 995
102395, 996
102417, 997
102445, 998
102476, 999
102519, 1000
102543, 1001
102585, 1002
102603, 1003
102656, 1004
102683, 1005
102711, 1006
102755, 1007
102781, 1008
102796, 1009
102849, 1010
102866, 1011
102911, 1012
102947, 1013
102976, 1014
103017, 1015
103033, 1016
103078, 1017
103114, 1018
103144, 1019
103175, 1020
103214, 1021
103241, 1022
103268, 1023
103337, 1024
103357, 1025
103378, 1026
103419, 1027
103436, 1028
103477, 1029
103519, 1030
103538, 1031
103576, 1032
103617, 1033
103636, 1034
103672, 1035
103713, 1036
103742, 1037
103772, 1038
103811, 1039
103841, 1040
103882, 1041
103910, 1042
103952, 1043
103967, 1044
104007, 1045
104049, 1046
104080, 1047
104105, 1048
104146, 1049
104175, 1050
104243, 1051
104262, 1052
104287, 1053
104313, 1054
104341, 1055
104383, 1056
104410, 1057
104444, 1058
104480, 1059
104510, 1060
104550, 1061
104577, 1062
104620, 1063
104636, 1064
104676, 1065
104717, 1066
104732, 1067
104776, 1068
104815, 1069
104833, 1070
104886, 1071
104915, 1072
104940, 1073
104980, 1074
105009, 1075
105053, 1076
105080, 1077
105143, 1078
105164, 1079
105204, 1080
105247, 1081
105275, 1082
105302, 1083
105343, 1084
105361, 1085
105399, 1086
105439, 1087
105469, 1088
105510, 1089
105526, 1090
105566, 1091
105606, 1092
105637, 1093
105675, 1094
105694, 1095
105736, 1096
105776, 1097
105803, 1098
105843, 1099
105871, 1100
105902, 1101
105941, 1102
105972, 1103
106013, 1104
106036, 1105
106079, 1106
106109, 1107
106135, 1108
106180, 1109
106205, 1110
106246, 1111
106265, 1112
106317, 1113
106345, 1114
106373, 1115
106399, 1116
106442, 1117
106484, 1118
106513, 1119
106540, 1120
106582, 1121
106609, 1122
106651, 1123
106678, 1124
106696, 1125
106750, 1126
106779, 1127
106805, 1128
106857, 1129
106875, 1130
106904, 1131
106943, 1132
106986, 1133
107015, 1134
107042, 1135
107083, 1136
107098, 1137
107140, 1138
107184, 1139
107209, 1140
107249, 1141
107276, 1142
107318, 1143
107335, 1144
107378, 1145
107401, 1146
107445, 1147
107486, 1148
107504, 1149
107543, 1150
107584, 1151
107609, 1152
107653, 1153
107693, 1154
107709, 1155
107752, 1156
107794, 1157
107813, 1158
107850, 1159
107891, 1160
107907, 1161
107949, 1162
107987, 1163
108015, 1164
108059, 1165
108085, 1166
108114, 1167
108156, 1168
108183, 1169
108212, 1170
108252, 1171
108285, 1172
108321, 1173
108339, 1174
108379, 1175
108419, 1176
108447, 1177
108489, 1178
108507, 1179
108569, 1180
108592, 1181
108617, 1182
108644, 1183
108685, 1184
108727, 1185
108755, 1186
108797, 1187
108823, 1188
108850, 1189
108893, 1190
108909, 1191
108962, 1192
108980, 1193
109018, 1194
109059, 1195
109077, 1196
109129, 1197
109146, 1198
109190, 1199
109229, 1200
109254, 1201
109285, 1202
109323, 1203
109351, 1204
109394, 1205
109461, 1206
109478, 1207
109519, 1208
109548, 1209
109591, 1210
109620, 1211
109643, 1212
109686, 1213
109727, 1214
109744, 1215
109784, 1216
109827, 1217
109853, 1218
109882, 1219
109921, 1220
109950, 1221
109980, 1222
110019, 1223
110049, 1224
110090, 1225
110115, 1226
110143, 1227
110189, 1228
110214, 1229
110255, 1230
110273, 1231
110338, 1232
110368, 1233
110385, 1234
110424, 1235
110450, 1236
110482, 1237
110523, 1238
110549, 1239
110575, 1240
110619, 1241
110651, 1242
110688, 1243
110715, 1244
110746, 1245
110785, 1246
110831, 1247
110857, 1248
110883, 1249
110926, 1250
110954, 1251
110980, 1252
111024, 1253
111051, 1254
111092, 1255
111110, 1256
111176, 1257
111205, 1258
111224, 1259
111245, 1260
111287, 1261
111316, 1262
111357, 1263
111374, 1264
111426, 1265
111444, 1266
111485, 1267
111524, 1268
111540, 1269
111596, 1270
111623, 1271
111649, 1272
111680, 1273
111720, 1274
111761, 1275
111780, 1276
111818, 1277
111847, 1278
111887, 1279
111915, 1280
111959, 1281
111983, 1282
112039, 1283
112054, 1284
112095, 1285
112113, 1286
112155, 1287
112192, 1288
112221, 1289
112262, 1290
112278, 1291
112320, 1292
112359, 1293
112391, 1294
112414, 1295
112454, 1296
112488, 1297
112526, 1298
112544, 1299
112596, 1300
112624, 1301
112651, 1302
112694, 1303
112720, 1304
112764, 1305
112790, 1306
112820, 1307
112861, 1308
112911, 1309
112928, 1310
112969, 1311
113003, 1312
113040, 1313
113057, 1314
113100, 1315
113138, 1316
113167, 1317
113208, 1318
113237, 1319
113267, 1320
113308, 1321
113338, 1322
113363, 1323
113405, 1324
113446, 1325
113473, 1326
113502, 1327
113542, 1328
113558, 1329
113601, 1330
113642, 1331
113671, 1332
113696, 1333
113737, 1334
113787, 1335
113835, 1336
113875, 1337
113905, 1338
113947, 1339
113973, 1340
114003, 1341
114043, 1342
114072, 1343
114111, 1344
114127, 1345
114170, 1346
114208, 1347
114239, 1348
114267, 1349
114308, 1350
114337, 1351
114377, 1352
114396, 1353
114434, 1354
114474, 1355
114506, 1356
114545, 1357
114570, 1358
114602, 1359
114641, 1360
114693, 1361
114709, 1362
114738, 1363
114781, 1364
114807, 1365
114852, 1366
114879, 1367
114907, 1368
114948, 1369
114966, 1370
115006, 1371
115046, 1372
115072, 1373
115114, 1374
115131, 1375
115175, 1376
115216, 1377
115239, 1378
115281, 1379
115297, 1380
115353, 1381
115379, 1382
115397, 1383
115448, 1384
115465, 1385
115529, 1386
115545, 1387
115573, 1388
115616, 1389
115642, 1390
115683, 1391
115714, 1392
115742, 1393
115783, 1394
115799, 1395
115852, 1396
115869, 1397
115911, 1398
115953, 1399
115978, 1400
116010, 1401
116047, 1402
116064, 1403
116107, 1404
116132, 1405
116184, 1406
116211, 1407
116250, 1408
116278, 1409
116315, 1410
116342, 1411
116393, 1412
116410, 1413
116452, 1414
116480, 1415
116510, 1416
116536, 1417
116576, 1418
116619, 1419
116637, 1420
116678, 1421
116716, 1422
116745, 1423
116772, 1424
116812, 1425
116855, 1426
116872, 1427
116911, 1428
116953, 1429
116972, 1430
117010, 1431
117050, 1432
117066, 1433
117121, 1434
117148, 1435
117166, 1436
117233, 1437
117257, 1438
117278, 1439
117316, 1440
117355, 1441
117386, 1442
117425, 1443
117441, 1444
117484, 1445
117523, 1446
117543, 1447
117592, 1448
117607, 1449
117649, 1450
117693, 1451
117717, 1452
117759, 1453
117774, 1454
117817, 1455
117857, 1456
117876, 1457
117927, 1458
117945, 1459
117985, 1460
118024, 1461
118053, 1462
118082, 1463
118156, 1464
118176, 1465
118207, 1466
118249, 1467
118274, 1468
118315, 1469
118332, 1470
118373, 1471
118415, 1472
118442, 1473
118486, 1474
118511, 1475
118528, 1476
118583, 1477
118609, 1478
118635, 1479
118677, 1480
118706, 1481
118751, 1482
118776, 1483
118818, 1484
118833, 1485
118875, 1486
118916, 1487
118933, 1488
118976, 1489
119031, 1490
119055, 1491
119093, 1492
119118, 1493
119158, 1494
119198, 1495
119214, 1496
119265, 1497
119292, 1498
119309, 1499
119362, 1500
119376, 1501
119432, 1502
119450, 1503
119489, 1504
119529, 1505
119556, 1506
119586, 1507
119625, 1508
119653, 1509
119696, 1510
119714, 1511
119750, 1512
119793, 1513
119822, 1514
119883, 1515
119903, 1516
119929, 1517
119974, 1518
120002, 1519
120028, 1520
120070, 1521
120099, 1522
120129, 1523
120171, 1524
120198, 1525
120240, 1526
120257, 1527
120307, 1528
120325, 1529
120364, 1530
120406, 1531
120433, 1532
120451, 1533
120504, 1534
120532, 1535
120558, 1536
120603, 1537
120631, 1538
120670, 1539
120686, 1540
120742, 1541
120758, 1542
120816, 1543
120836, 1544
120866, 1545
120908, 1546
120933, 1547
120962, 1548
121006, 1549
121021, 1550
121075, 1551
121102, 1552
121130, 1553
121162, 1554
121201, 1555
121226, 1556
121268, 1557
121310, 1558
121326, 1559
121370, 1560
121395, 1561
121437, 1562
121465, 1563
121496, 1564
121533, 1565
121565, 1566
121604, 1567
121621, 1568
121694, 1569
121711, 1570
121753, 1571
121777, 1572
121819, 1573
121844, 1574
121871, 1575
121912, 1576
121939, 1577
121983, 1578
122008, 1579
122048, 1580
122068, 1581
122118, 1582
122133, 1583
122175, 1584
122214, 1585
122245, 1586
122286, 1587
122312, 1588
122345, 1589
122381, 1590
122399, 1591
122451, 1592
122467, 1593
122510, 1594
122586, 1595
122604, 1596
122633, 1597
122673, 1598
122702, 1599
122743, 1600
122759, 1601
122800, 1602
122843, 1603
122858, 1604
122912, 1605
122939, 1606
122969, 1607
123009, 1608
123026, 1609
123082, 1610
123106, 1611
123135, 1612
123176, 1613
123204, 1614
123247, 1615
123276, 1616
123301, 1617
123343, 1618
123358, 1619
123402, 1620
123456, 1621
123481, 1622
123497, 1623
123539, 1624
123567, 1625
123597, 1626
123636, 1627
123680, 1628
123707, 1629
123733, 1630
123775, 1631
123791, 1632
123846, 1633
123874, 1634
123902, 1635
123943, 1636
123960, 1637
124012, 1638
124043, 1639
124069, 1640
124099, 1641
124139, 1642
124178, 1643
124196, 1644
124223, 1645
124285, 1646
124304, 1647
124345, 1648
124365, 1649
124415, 1650
124442, 1651
124459, 1652
124502, 1653
124540, 1654
124569, 1655
124613, 1656
124637, 1657
124681, 1658
124710, 1659
124735, 1660
124777, 1661
124795, 1662
124836, 1663
124875, 1664
124902, 1665
124945, 1666
124962, 1667
125014, 1668
125031, 1669
125074, 1670
125125, 1671
125142, 1672
125169, 1673
125210, 1674
125239, 1675
125268, 1676
125308, 1677
125337, 1678
125378, 1679
125405, 1680
125449, 1681
125474, 1682
125503, 1683
125546, 1684
125573, 1685
125601, 1686
125643, 1687
125659, 1688
125713, 1689
125739, 1690
125769, 1691
125808, 1692
125836, 1693
125867, 1694
125907, 1695
125935, 1696
125994, 1697
126017, 1698
126032, 1699
126076, 1700
126115, 1701
126133, 1702
126185, 1703
126202, 1704
126243, 1705
126281, 1706
126314, 1707
126337, 1708
126381, 1709
126419, 1710
126449, 1711
126476, 1712
126505, 1713
126547, 1714
126587, 1715
126603, 1716
126645, 1717
126687, 1718
126716, 1719
126740, 1720
126783, 1721
126812, 1722
126845, 1723
126918, 1724
126939, 1725
126956, 1726
126994, 1727
127034, 1728
127063, 1729
127089, 1730
127130, 1731
127161, 1732
127201, 1733
127230, 1734
127256, 1735
127299, 1736
127327, 1737
127368, 1738
127396, 1739
127438, 1740
127466, 1741
127496, 1742
127535, 1743
127563, 1744
127591, 1745
127633, 1746
127662, 1747
127709, 1748
127756, 1749
127786, 1750
127812, 1751
127855, 1752
127884, 1753
127912, 1754
127954, 1755
127983, 1756
128010, 1757
128049, 1758
128079, 1759
128118, 1760
128149, 1761
128192, 1762
128216, 1763
128248, 1764
128286, 1765
128315, 1766
128356, 1767
128384, 1768
128413, 1769
128457, 1770
128483, 1771
128510, 1772
128549, 1773
128599, 1774
128630, 1775
128658, 1776
128682, 1777
128724, 1778
128749, 1779
128793, 1780
128815, 1781
128857, 1782
128886, 1783
128925, 1784
128943, 1785
128985, 1786
129007, 1787
129064, 1788
129093, 1789
129109, 1790
129152, 1791
129190, 1792
129218, 1793
129246, 1794
129288, 1795
129334, 1796
129358, 1797
129375, 1798
129446, 1799
129469, 1800
129485, 1801
129526, 1802
129567, 1803
129598, 1804
129623, 1805
129649, 1806
129690, 1807
129732, 1808
129747, 1809
129801, 1810
129819, 1811
129859, 1812
129888, 1813
129929, 1814
129956, 1815
130000, 1816
130026, 1817
130057, 1818
130095, 1819
130125, 1820
130153, 1821
130193, 1822
130224, 1823
130262, 1824
130285, 1825
130333, 1826
130373, 1827
130402, 1828
130445, 1829
130474, 1830
130500, 1831
130541, 1832
130558, 1833
130610, 1834
130627, 1835
130667, 1836
130693, 1837
130735, 1838
130777, 1839
130807, 1840
130835, 1841
130875, 1842
130904, 1843
130931, 1844
130973, 1845
131004, 1846
131043, 1847
131072, 1848
131103, 1849
131126, 1850
131205, 1851
131230, 1852
131244, 1853
131287, 1854
131323, 1855
131351, 1856
131393, 1857
131419, 1858
131461, 1859
131480, 1860
131531, 1861
131557, 1862
131587, 1863
131625, 1864
131645, 1865
131696, 1866
131723, 1867
131766, 1868
131795, 1869
131820, 1870
131863, 1871
131890, 1872
131922, 1873
131946, 1874
131987, 1875
132049, 1876
132070, 1877
132100, 1878
132126, 1879
132169, 1880
132195, 1881
132237, 1882
132260, 1883
132302, 1884
132329, 1885
132367, 1886
132392, 1887
132435, 1888
132464, 1889
132505, 1890
132532, 1891
132560, 1892
132603, 1893
132619, 1894
132672, 1895
132699, 1896
132728, 1897
132769, 1898
132788, 1899
132836, 1900
132853, 1901
132895, 1902
132938, 1903
132981, 1904
133009, 1905
133034, 1906
133075, 1907
133100, 1908
133142, 1909
133174, 1910
133203, 1911
133242, 1912
133268, 1913
133313, 1914
133340, 1915
133367, 1916
133408, 1917
133437, 1918
133480, 1919
133506, 1920
133550, 1921
133579, 1922
133605, 1923
133646, 1924
133664, 1925
133704, 1926
133763, 1927
133785, 1928
133812, 1929
133840, 1930
133867, 1931
133912, 1932
133952, 1933
133980, 1934
134021, 1935
134040, 1936
134080, 1937
134119, 1938
134149, 1939
134174, 1940
134216, 1941
134232, 1942
134287, 1943
134314, 1944
134344, 1945
134387, 1946
134414, 1947
134439, 1948
134481, 1949
134511, 1950
134544, 1951
134580, 1952
134640, 1953
134661, 1954
134688, 1955
134731, 1956
134758, 1957
134787, 1958
134828, 1959
134846, 1960
134886, 1961
134928, 1962
134954, 1963
134997, 1964
135014, 1965
135064, 1966
135079, 1967
135123, 1968
135166, 1969
135191, 1970
135218, 1971
135261, 1972
135290, 1973
135317, 1974
135358, 1975
135390, 1976
135426, 1977
135455, 1978
135501, 1979
135524, 1980
135594, 1981
135610, 1982
135652, 1983
135692, 1984
135720, 1985
135759, 1986
135776, 1987
135819, 1988
135859, 1989
135888, 1990
135914, 1991
135956, 1992
135986, 1993
136024, 1994
136055, 1995
136096, 1996
136128, 1997
136149, 1998
136194, 1999
136222, 2000
136261, 2001
136277, 2002
136334, 2003
136381, 2004
136410, 2005
136424, 2006
136469, 2007
136510, 2008
136532, 2009
136572, 2010
136613, 2011
136629, 2012
136671, 2013
136711, 2014
136737, 2015
136764, 2016
136806, 2017
136834, 2018
136875, 2019
136891, 2020
136935, 2021
136973, 2022
137002, 2023
137028, 2024
137071, 2025
137113, 2026
137142, 2027
137166, 2028
137206, 2029
137249, 2030
137295, 2031
137322, 2032
137345, 2033
137387, 2034
137412, 2035
137451, 2036
137477, 2037
137519, 2038
137547, 2039
137574, 2040
137615, 2041
137644, 2042
137683, 2043
137713, 2044
137740, 2045
137783, 2046
137811, 2047
137850, 2048
137881, 2049
137906, 2050
137949, 2051
138010, 2052
138030, 2053
138058, 2054
138089, 2055
138127, 2056
138157, 2057
138199, 2058
138228, 2059
138255, 2060
138296, 2061
138323, 2062
138365, 2063
138395, 2064
138426, 2065
138468, 2066
138492, 2067
138520, 2068
138558, 2069
138597, 2070
138623, 2071
138662, 2072
138690, 2073
138728, 2074
138770, 2075
138797, 2076
138826, 2077
138853, 2078
138912, 2079
138933, 2080
138975, 2081
138994, 2082
139031, 2083
139063, 2084
139101, 2085
139132, 2086
139158, 2087
139203, 2088
139226, 2089
139266, 2090
139306, 2091
139337, 2092
139361, 2093
139401, 2094
139430, 2095
139469, 2096
139497, 2097
139537, 2098
139563, 2099
139605, 2100
139632, 2101
139675, 2102
139693, 2103
139733, 2104
139793, 2105
139808, 2106
139854, 2107
139893, 2108
139918, 2109
139957, 2110
139984, 2111
140024, 2112
140054, 2113
140078, 2114
140120, 2115
140148, 2116
140191, 2117
140217, 2118
140258, 2119
140273, 2120
140315, 2121
140357, 2122
140385, 2123
140426, 2124
140444, 2125
140495, 2126
140524, 2127
140556, 2128
140580, 2129
140631, 2130
140655, 2131
140697, 2132
140735, 2133
140752, 2134
140803, 2135
140830, 2136
140858, 2137
140899, 2138
140928, 2139
140969, 2140
140986, 2141
141028, 2142
141066, 2143
141097, 2144
141135, 2145
141165, 2146
141192, 2147
141218, 2148
141263, 2149
141303, 2150
141323, 2151
141373, 2152
141391, 2153
141446, 2154
141470, 2155
141487, 2156
141540, 2157
141566, 2158
141608, 2159
141623, 2160
141666, 2161
141708, 2162
141735, 2163
141762, 2164
141804, 2165
141832, 2166
141861, 2167
141903, 2168
141929, 2169
141972, 2170
141987, 2171
142045, 2172
142070, 2173
142096, 2174
142139, 2175
142168, 2176
142196, 2177
142235, 2178
142251, 2179
142319, 2180
142339, 2181
142363, 2182
142403, 2183
142432, 2184
142458, 2185
142501, 2186
142529, 2187
142571, 2188
142588, 2189
142646, 2190
142669, 2191
142694, 2192
142737, 2193
142755, 2194
142797, 2195
142837, 2196
142861, 2197
142901, 2198
142939, 2199
142966, 2200
143006, 2201
143033, 2202
143061, 2203
143087, 2204
143156, 2205
143182, 2206
143201, 2207
143237, 2208
143269, 2209
143295, 2210
143338, 2211
143365, 2212
143406, 2213
143421, 2214
143463, 2215
143506, 2216
143534, 2217
143562, 2218
143602, 2219
143630, 2220
143673, 2221
143699, 2222
143731, 2223
143755, 2224
143797, 2225
143839, 2226
143870, 2227
143894, 2228
143921, 2229
143998, 2230
144018, 2231
144060, 2232
144089, 2233
144116, 2234
144145, 2235
144185, 2236
144227, 2237
144256, 2238
144282, 2239
144327, 2240
144353, 2241
144380, 2242
144420, 2243
144451, 2244
144497, 2245
144520, 2246
144547, 2247
144588, 2248
144617, 2249
144646, 2250
144688, 2251
144714, 2252
144755, 2253
144805, 2254
144823, 2255
144852, 2256
144894, 2257
144920, 2258
144962, 2259
144989, 2260
145028, 2261
145054, 2262
145099, 2263
145121, 2264
145150, 2265
145188, 2266
145230, 2267
145258, 2268
145286, 2269
145327, 2270
145344, 2271
145397, 2272
145426, 2273
145452, 2274
145494, 2275
145523, 2276
145563, 2277
145579, 2278
145642, 2279
145658, 2280
145700, 2281
145720, 2282
145758, 2283
145801, 2284
145829, 2285
145857, 2286
145897, 2287
145925, 2288
145968, 2289
145995, 2290
146023, 2291
146067, 2292
146093, 2293
146134, 2294
146149, 2295
146196, 2296
146231, 2297
146249, 2298
146299, 2299
146317, 2300
146358, 2301
146401, 2302
146427, 2303
146464, 2304
146494, 2305
146537, 2306
146555, 2307
146593, 2308
146634, 2309
146652, 2310
146706, 2311
146733, 2312
146749, 2313
146790, 2314
146830, 2315
146859, 2316
146902, 2317
146929, 2318
146971, 2319
146998, 2320
147024, 2321
147070, 2322
147099, 2323
147123, 2324
147165, 2325
147208, 2326
147235, 2327
147254, 2328
147294, 2329
147345, 2330
147361, 2331
147402, 2332
147430, 2333
147459, 2334
147501, 2335
147527, 2336
147569, 2337
147597, 2338
147615, 2339
147670, 2340
147696, 2341
147721, 2342
147765, 2343
147805, 2344
147823, 2345
147861, 2346
147901, 2347
147919, 2348
147975, 2349
147999, 2350
148031, 2351
148070, 2352
148087, 2353
148147, 2354
148165, 2355
148211, 2356
148251, 2357
148278, 2358
148307, 2359
148348, 2360
148376, 2361
148402, 2362
148447, 2363
148475, 2364
148502, 2365
148545, 2366
148569, 2367
148612, 2368
148642, 2369
148672, 2370
148711, 2371
148739, 2372
148783, 2373
148806, 2374
148850, 2375
148868, 2376
148909, 2377
148946, 2378
148987, 2379
149028, 2380
149044, 2381
149087, 2382
149124, 2383
149163, 2384
149191, 2385
149215, 2386
149256, 2387
149287, 2388
149323, 2389
149366, 2390
149392, 2391
149420, 2392
149463, 2393
149493, 2394
149517, 2395
149563, 2396
149588, 2397
149617, 2398
149657, 2399
149684, 2400
149725, 2401
149755, 2402
149816, 2403
149837, 2404
149864, 2405
149892, 2406
149934, 2407
149966, 2408
149990, 2409
150033, 2410
150059, 2411
150099, 2412
150132, 2413
150171, 2414
150191, 2415
150241, 2416
150270, 2417
150296, 2418
150324, 2419
150366, 2420
150398, 2421
150436, 2422
150464, 2423
150494, 2424
150534, 2425
150563, 2426
150620, 2427
150646, 2428
150673, 2429
150691, 2430
150729, 2431
150772, 2432
150789, 2433
150841, 2434
150872, 2435
150897, 2436
150940, 2437
150969, 2438
150994, 2439
151036, 2440
151066, 2441
151106, 2442
151123, 2443
151176, 2444
151203, 2445
151221, 2446
151275, 2447
151301, 2448
151331, 2449
151372, 2450
151421, 2451
151440, 2452
151479, 2453
151521, 2454
151536, 2455
151583, 2456
151622, 2457
151649, 2458
151690, 2459
151708, 2460
151749, 2461
151776, 2462
151815, 2463
151846, 2464
151886, 2465
151914, 2466
151941, 2467
151984, 2468
152011, 2469
152054, 2470
152082, 2471
152108, 2472
152154, 2473
152178, 2474
152205, 2475
152247, 2476
152290, 2477
152347, 2478
152375, 2479
152400, 2480
152428, 2481
152470, 2482
152499, 2483
152540, 2484
152566, 2485
152609, 2486
152637, 2487
152654, 2488
152708, 2489
152733, 2490
152774, 2491
152791, 2492
152833, 2493
152872, 2494
152891, 2495
152931, 2496
152971, 2497
153000, 2498
153040, 2499
153073, 2500
153094, 2501
153154, 2502
153178, 2503
153207, 2504
153226, 2505
153276, 2506
153303, 2507
153347, 2508
153362, 2509
153403, 2510
153433, 2511
153473, 2512
153504, 2513
153542, 2514
153562, 2515
153614, 2516
153638, 2517
153655, 2518
153710, 2519
153737, 2520
153765, 2521
153808, 2522
153836, 2523
153878, 2524
153908, 2525
153952, 2526
153973, 2527
154014, 2528
154044, 2529
154071, 2530
154114, 2531
154140, 2532
154186, 2533
154211, 2534
154251, 2535
154279, 2536
154306, 2537
154349, 2538
154376, 2539
154420, 2540
154448, 2541
154476, 2542
154506, 2543
154546, 2544
154579, 2545
154614, 2546
154631, 2547
154685, 2548
154713, 2549
154739, 2550
154795, 2551
154813, 2552
154852, 2553
154880, 2554
154910, 2555
154950, 2556
154979, 2557
155017, 2558
155033, 2559
155076, 2560
155116, 2561
155135, 2562
155178, 2563
155218, 2564
155242, 2565
155284, 2566
155312, 2567
155340, 2568
155382, 2569
155411, 2570
155439, 2571
155480, 2572
155508, 2573
155548, 2574
155577, 2575
155633, 2576
155659, 2577
155677, 2578
155716, 2579
155759, 2580
155783, 2581
155810, 2582
155854, 2583
155886, 2584
155924, 2585
155950, 2586
155977, 2587
156021, 2588
156050, 2589
156090, 2590
156107, 2591
156149, 2592
156188, 2593
156216, 2594
156247, 2595
156287, 2596
156317, 2597
156343, 2598
156384, 2599
156426, 2600
156481, 2601
156496, 2602
156526, 2603
156565, 2604
156591, 2605
156634, 2606
156661, 2607
156695, 2608
156732, 2609
156759, 2610
156801, 2611
156820, 2612
156870, 2613
156887, 2614
156928, 2615
156967, 2616
156985, 2617
157039, 2618
157066, 2619
157095, 2620
157137, 2621
157164, 2622
157191, 2623
157252, 2624
157273, 2625
157315, 2626
157333, 2627
157373, 2628
157414, 2629
157444, 2630
157469, 2631
157510, 2632
157539, 2633
157581, 2634
157607, 2635
157649, 2636
157666, 2637
157706, 2638
157749, 2639
157776, 2640
157803, 2641
157847, 2642
157875, 2643
157917, 2644
157946, 2645
157974, 2646
157999, 2647
158041, 2648
158099, 2649
158122, 2650
158141, 2651
158191, 2652
158208, 2653
158249, 2654
158292, 2655
158320, 2656
158347, 2657
158389, 2658
158418, 2659
158445, 2660
158486, 2661
158513, 2662
158557, 2663
158586, 2664
158611, 2665
158653, 2666
158682, 2667
158725, 2668
158751, 2669
158779, 2670
158820, 2671
158850, 2672
158892, 2673
158937, 2674
158957, 2675
159001, 2676
159030, 2677
159055, 2678
159097, 2679
159126, 2680
159169, 2681
159197, 2682
159226, 2683
159265, 2684
159292, 2685
159323, 2686
159365, 2687
159391, 2688
159432, 2689
159450, 2690
159501, 2691
159519, 2692
159559, 2693
159603, 2694
159627, 2695
159671, 2696
159695, 2697
159741, 2698
159765, 2699
159808, 2700
159834, 2701
159876, 2702
159892, 2703
159936, 2704
159973, 2705
159993, 2706
160043, 2707
160059, 2708
160117, 2709
160140, 2710
160170, 2711
160195, 2712
160239, 2713
160267, 2714
160295, 2715
160337, 2716
160366, 2717
160409, 2718
160434, 2719
160476, 2720
160506, 2721
160531, 2722
160593, 2723
160614, 2724
160657, 2725
160697, 2726
160715, 2727
160755, 2728
160797, 2729
160823, 2730
160857, 2731
160892, 2732
160921, 2733
160949, 2734
160977, 2735
161017, 2736
161059, 2737
161076, 2738
161130, 2739
161158, 2740
161185, 2741
161227, 2742
161246, 2743
161297, 2744
161313, 2745
161374, 2746
161405, 2747
161426, 2748
161461, 2749
161490, 2750
161533, 2751
161561, 2752
161588, 2753
161630, 2754
161661, 2755
161700, 2756
161728, 2757
161758, 2758
161798, 2759
161826, 2760
161867, 2761
161885, 2762
161923, 2763
161967, 2764
161995, 2765
162023, 2766
162064, 2767
162103, 2768
162122, 2769
162184, 2770
162205, 2771
162231, 2772
162272, 2773
162302, 2774
162341, 2775
162367, 2776
162408, 2777
162426, 2778
162479, 2779
162507, 2780
162535, 2781
162578, 2782
162609, 2783
162633, 2784
162675, 2785
162700, 2786
162744, 2787
162772, 2788
162815, 2789
162843, 2790
162868, 2791
162910, 2792
162940, 2793
162992, 2794
163019, 2795
163043, 2796
163073, 2797
163112, 2798
163153, 2799
163178, 2800
163219, 2801
163245, 2802
163274, 2803
163318, 2804
163345, 2805
163371, 2806
163414, 2807
163454, 2808
163480, 2809
163513, 2810
163539, 2811
163579, 2812
163607, 2813
163653, 2814
163675, 2815
163716, 2816
163734, 2817
163807, 2818
163827, 2819
163855, 2820
163896, 2821
163922, 2822
163962, 2823
163986, 2824
164027, 2825
164054, 2826
164081, 2827
164125, 2828
164164, 2829
164192, 2830
164234, 2831
164261, 2832
164287, 2833
164329, 2834
164354, 2835
164395, 2836
164420, 2837
164461, 2838
164487, 2839
164528, 2840
164553, 2841
164608, 2842
164650, 2843
164669, 2844
164696, 2845
164736, 2846
164777, 2847
164792, 2848
164836, 2849
164874, 2850
164901, 2851
164943, 2852
164971, 2853
165014, 2854
165040, 2855
165069, 2856
165110, 2857
165127, 2858
165166, 2859
165210, 2860
165238, 2861
165263, 2862
165308, 2863
165335, 2864
165375, 2865
165391, 2866
165432, 2867
165485, 2868
165504, 2869
165530, 2870
165572, 2871
165599, 2872
165639, 2873
165671, 2874
165698, 2875
165739, 2876
165765, 2877
165806, 2878
165825, 2879
165877, 2880
165895, 2881
165932, 2882
165975, 2883
165992, 2884
166047, 2885
166073, 2886
166099, 2887
166141, 2888
166172, 2889
166195, 2890
166238, 2891
166268, 2892
166308, 2893
166353, 2894
166375, 2895
166415, 2896
166456, 2897
166479, 2898
166520, 2899
166548, 2900
166589, 2901
166615, 2902
166656, 2903
166673, 2904
166714, 2905
166755, 2906
166781, 2907
166811, 2908
166851, 2909
166883, 2910
166920, 2911
166938, 2912
166979, 2913
167018, 2914
167047, 2915
167090, 2916
167116, 2917
167170, 2918
167190, 2919
167240, 2920
167255, 2921
167299, 2922
167341, 2923
167366, 2924
167409, 2925
167427, 2926
167479, 2927
167497, 2928
167534, 2929
167577, 2930
167602, 2931
167631, 2932
167674, 2933
167699, 2934
167730, 2935
167771, 2936
167812, 2937
167829, 2938
167872, 2939
167895, 2940
167938, 2941
167967, 2942
168008, 2943
168053, 2944
168074, 2945
168115, 2946
168145, 2947
168162, 2948
168202, 2949
168227, 2950
168272, 2951
168311, 2952
168329, 2953
168370, 2954
168411, 2955
168437, 2956
168480, 2957
168507, 2958
168524, 2959
168577, 2960
168594, 2961
168638, 2962
168674, 2963
168703, 2964
168743, 2965
168761, 2966
168806, 2967
168828, 2968
168882, 2969
168940, 2970
168969, 2971
169009, 2972
169039, 2973
169066, 2974
169117, 2975
169147, 2976
169175, 2977
169218, 2978
169243, 2979
169271, 2980
169314, 2981
169341, 2982
169382, 2983
169406, 2984
169447, 2985
169471, 2986
169511, 2987
169539, 2988
169581, 2989
169613, 2990
169637, 2991
169679, 2992
169705, 2993
169747, 2994
169805, 2995
169829, 2996
169874, 2997
169900, 2998
169928, 2999
169971, 3000
169995, 3001
170037, 3002
170065, 3003
170095, 3004
170122, 3005
170174, 3006
170200, 3007
170239, 3008
170266, 3009
170294, 3010
170321, 3011
170365, 3012
170403, 3013
170429, 3014
170468, 3015
170495, 3016
170534, 3017
170573, 3018
170598, 3019
170640, 3020
170680, 3021
170707, 3022
170735, 3023
170777, 3024
170806, 3025
170831, 3026
170872, 3027
170899, 3028
170939, 3029
170967, 3030
171006, 3031
171031, 3032
171072, 3033
171096, 3034
171142, 3035
171166, 3036
171208, 3037
171234, 3038
171278, 3039
171305, 3040
171336, 3041
171376, 3042
171407, 3043
171432, 3044
171472, 3045
171504, 3046
171539, 3047
171570, 3048
171613, 3049
171640, 3050
171682, 3051
171710, 3052
171739, 3053
171764, 3054
171813, 3055
171834, 3056
171875, 3057
171916, 3058
171940, 3059
171980, 3060
172007, 3061
172046, 3062
172075, 3063
172105, 3064
172147, 3065
172170, 3066
172210, 3067
172239, 3068
172280, 3069
172309, 3070
172341, 3071
172364, 3072
172410, 3073
172460, 3074
172484, 3075
172526, 3076
172550, 3077
172576, 3078
172618, 3079
172656, 3080
172675, 3081
172727, 3082
172752, 3083
172783, 3084
172811, 3085
172851, 3086
172893, 3087
172922, 3088
172948, 3089
172991, 3090
173018, 3091
173060, 3092
173078, 3093
173117, 3094
173147, 3095
173186, 3096
173217, 3097
173290, 3098
173309, 3099
173338, 3100
173380, 3101
173407, 3102
173438, 3103
173478, 3104
173506, 3105
173535, 3106
173575, 3107
173604, 3108
173644, 3109
173661, 3110
173718, 3111
173742, 3112
173774, 3113
173799, 3114
173842, 3115
173867, 3116
173909, 3117
173939, 3118
173982, 3119
174007, 3120
174033, 3121
174094, 3122
174118, 3123
174135, 3124
174175, 3125
174217, 3126
174245, 3127
174284, 3128
174302, 3129
174345, 3130
174382, 3131
174412, 3132
174440, 3133
174465, 3134
174508, 3135
174550, 3136
174578, 3137
174604, 3138
174647, 3139
174667, 3140
174717, 3141
174745, 3142
174775, 3143
174815, 3144
174843, 3145
174870, 3146
174939, 3147
174956, 3148
174982, 3149
175001, 3150
175054, 3151
175078, 3152
175109, 3153
175149, 3154
175179, 3155
175204, 3156
175247, 3157
175291, 3158
175317, 3159
175342, 3160
175385, 3161
175401, 3162
175457, 3163
175483, 3164
175512, 3165
175557, 3166
175583, 3167
175610, 3168
175651, 3169
175679, 3170
175706, 3171
175763, 3172
175777, 3173
175819, 3174
175837, 3175
175875, 3176
175918, 3177
175943, 3178
175983, 3179
176013, 3180
176043, 3181
176081, 3182
176099, 3183
176152, 3184
176179, 3185
176209, 3186
176250, 3187
176278, 3188
176304, 3189
176346, 3190
176378, 3191
176416, 3192
176444, 3193
176490, 3194
176514, 3195
176544, 3196
176584, 3197
176601, 3198
176667, 3199
176687, 3200
176708, 3201
176750, 3202
176779, 3203
176806, 3204
176849, 3205
176879, 3206
176917, 3207
176937, 3208
176976, 3209
177015, 3210
177043, 3211
177084, 3212
177100, 3213
177143, 3214
177182, 3215
177200, 3216
177251, 3217
177269, 3218
177323, 3219
177340, 3220
177380, 3221
177420, 3222
177450, 3223
177476, 3224
177545, 3225
177572, 3226
177589, 3227
177618, 3228
177657, 3229
177688, 3230
177726, 3231
177757, 3232
177782, 3233
177825, 3234
177864, 3235
177882, 3236
177921, 3237
177963, 3238
177990, 3239
178021, 3240
178059, 3241
178076, 3242
178130, 3243
178148, 3244
178187, 3245
178228, 3246
178244, 3247
178288, 3248
178347, 3249
178364, 3250
178392, 3251
178435, 3252
178453, 3253
178505, 3254
178521, 3255
178564, 3256
178601, 3257
178633, 3258
178674, 3259
178703, 3260
178729, 3261
178768, 3262
178799, 3263
178828, 3264
178869, 3265
178898, 3266
178924, 3267
178964, 3268
179006, 3269
179023, 3270
179063, 3271
179105, 3272
179134, 3273
179182, 3274
179202, 3275
179254, 3276
179274, 3277
179323, 3278
179341, 3279
179382, 3280
179426, 3281
179451, 3282
179469, 3283
179510, 3284
179547, 3285
179577, 3286
179618, 3287
179646, 3288
179676, 3289
179717, 3290
179749, 3291
179772, 3292
179812, 3293
179841, 3294
179884, 3295
179910, 3296
179955, 3297
179982, 3298
180029, 3299
180050, 3300
180090, 3301
180134, 3302
180150, 3303
180188, 3304
180232, 3305
180261, 3306
180286, 3307
180330, 3308
180360, 3309
180386, 3310
180427, 3311
180454, 3312
180496, 3313
180522, 3314
180566, 3315
180594, 3316
180621, 3317
180665, 3318
180691, 3319
180732, 3320
180750, 3321
180788, 3322
180833, 3323
180858, 3324
180914, 3325
180932, 3326
180955, 3327
180997, 3328
181015, 3329
181056, 3330
181095, 3331
181113, 3332
181163, 3333
181193, 3334
181225, 3335
181262, 3336
181292, 3337
181321, 3338
181361, 3339
181400, 3340
181427, 3341
181469, 3342
181487, 3343
181537, 3344
181555, 3345
181595, 3346
181624, 3347
181666, 3348
181693, 3349
181760, 3350
181778, 3351
181820, 3352
181848, 3353
181889, 3354
181905, 3355
181960, 3356
181984, 3357
182014, 3358
182053, 3359
182081, 3360
182118, 3361
182159, 3362
182184, 3363
182213, 3364
182252, 3365
182278, 3366
182320, 3367
182348, 3368
182376, 3369
182416, 3370
182446, 3371
182487, 3372
182512, 3373
182556, 3374
182608, 3375
182627, 3376
182666, 3377
182705, 3378
182729, 3379
182772, 3380
182795, 3381
182841, 3382
182863, 3383
182903, 3384
182932, 3385
182963, 3386
183003, 3387
183029, 3388
183070, 3389
183087, 3390
183141, 3391
183169, 3392
183195, 3393
183238, 3394
183269, 3395
183295, 3396
183337, 3397
183366, 3398
183410, 3399
183449, 3400
183490, 3401
183519, 3402
183545, 3403
183587, 3404
183616, 3405
183642, 3406
183683, 3407
183711, 3408
183753, 3409
183780, 3410
183823, 3411
183852, 3412
183879, 3413
183920, 3414
183937, 3415
183980, 3416
184017, 3417
184046, 3418
184087, 3419
184114, 3420
184144, 3421
184184, 3422
184212, 3423
184261, 3424
184281, 3425
184310, 3426
184350, 3427
184378, 3428
184422, 3429
184450, 3430
184479, 3431
184519, 3432
184535, 3433
184590, 3434
184616, 3435
184658, 3436
184677, 3437
184714, 3438
184755, 3439
184773, 3440
184814, 3441
184852, 3442
184880, 3443
184909, 3444
184949, 3445
184980, 3446
185023, 3447
185049, 3448
185090, 3449
185116, 3450
185159, 3451
185200, 3452
185228, 3453
185255, 3454
185298, 3455
185316, 3456
185369, 3457
185395, 3458
185423, 3459
185465, 3460
185484, 3461
185535, 3462
185552, 3463
185591, 3464
185633, 3465
185647, 3466
185703, 3467
185732, 3468
185758, 3469
185789, 3470
185827, 3471
185869, 3472
185886, 3473
185965, 3474
185982, 3475
186011, 3476
186052, 3477
186069, 3478
186124, 3479
186149, 3480
186179, 3481
186218, 3482
186245, 3483
186287, 3484
186304, 3485
186346, 3486
186385, 3487
186410, 3488
186453, 3489
186468, 3490
186524, 3491
186552, 3492
186581, 3493
186609, 3494
186650, 3495
186678, 3496
186719, 3497
186734, 3498
186800, 3499
186819, 3500
186846, 3501
186874, 3502
186917, 3503
186944, 3504
186983, 3505
187012, 3506
187055, 3507
187082, 3508
187109, 3509
187151, 3510
187180, 3511
187223, 3512
187248, 3513
187277, 3514
187319, 3515
187346, 3516
187387, 3517
187404, 3518
187460, 3519
187486, 3520
187511, 3521
187555, 3522
187603, 3523
187622, 3524
187664, 3525
187706, 3526
187723, 3527
187763, 3528
187804, 3529
187824, 3530
187875, 3531
187900, 3532
187931, 3533
187971, 3534
187990, 3535
188041, 3536
188069, 3537
188084, 3538
188139, 3539
188156, 3540
188208, 3541
188227, 3542
188267, 3543
188295, 3544
188334, 3545
188362, 3546
188405, 3547
188458, 3548
188488, 3549
188515, 3550
188556, 3551
188573, 3552
188627, 3553
188655, 3554
188681, 3555
188724, 3556
188752, 3557
188794, 3558
188811, 3559
188851, 3560
188889, 3561
188920, 3562
188948, 3563
188987, 3564
189031, 3565
189058, 3566
189089, 3567
189114, 3568
189157, 3569
189184, 3570
189226, 3571
189275, 3572
189296, 3573
189333, 3574
189366, 3575
189407, 3576
189433, 3577
189459, 3578
189503, 3579
189520, 3580
189572, 3581
189588, 3582
189642, 3583
189661, 3584
189699, 3585
189743, 3586
189768, 3587
189797, 3588
189837, 3589
189866, 3590
189894, 3591
189936, 3592
189963, 3593
190004, 3594
190022, 3595
190075, 3596
190103, 3597
190168, 3598
190184, 3599
190239, 3600
190267, 3601
190296, 3602
190336, 3603
190353, 3604
190395, 3605
190435, 3606
190451, 3607
190492, 3608
190534, 3609
190561, 3610
190592, 3611
190630, 3612
190673, 3613
190701, 3614
190732, 3615
190756, 3616
190796, 3617
190828, 3618
190866, 3619
190896, 3620
190924, 3621
190967, 3622
190992, 3623
191034, 3624
191063, 3625
191091, 3626
191133, 3627
191160, 3628
191202, 3629
191235, 3630
191258, 3631
191300, 3632
191327, 3633
191354, 3634
191399, 3635
191425, 3636
191468, 3637
191495, 3638
191537, 3639
191564, 3640
191592, 3641
191634, 3642
191661, 3643
191692, 3644
191732, 3645
191760, 3646
191807, 3647
191831, 3648
191866, 3649
191907, 3650
191935, 3651
191964, 3652
192006, 3653
192032, 3654
192073, 3655
192097, 3656
192140, 3657
192165, 3658
192208, 3659
192236, 3660
192264, 3661
192301, 3662
192342, 3663
192362, 3664
192402, 3665
192441, 3666
192460, 3667
192510, 3668
192530, 3669
192578, 3670
192598, 3671
192636, 3672
192666, 3673
192725, 3674
192747, 3675
192772, 3676
192815, 3677
192842, 3678
192862, 3679
192912, 3680
192931, 3681
192983, 3682
193012, 3683
193040, 3684
193080, 3685
193097, 3686
193142, 3687
193166, 3688
193203, 3689
193242, 3690
193281, 3691
193307, 3692
193334, 3693
193389, 3694
193416, 3695
193443, 3696
193474, 3697
193513, 3698
193530, 3699
193573, 3700
193612, 3701
193643, 3702
193680, 3703
193711, 3704
193749, 3705
193780, 3706
193818, 3707
193848, 3708
193889, 3709
193904, 3710
193947, 3711
193989, 3712
194014, 3713
194043, 3714
194085, 3715
194113, 3716
194141, 3717
194183, 3718
194208, 3719
194252, 3720
194280, 3721
194305, 3722
194346, 3723
194391, 3724
194417, 3725
194444, 3726
194486, 3727
194514, 3728
194544, 3729
194585, 3730
194601, 3731
194642, 3732
194683, 3733
194712, 3734
194743, 3735
194783, 3736
194811, 3737
194890, 3738
194905, 3739
194937, 3740
194975, 3741
195005, 3742
195043, 3743
195072, 3744
195103, 3745
195142, 3746
195170, 3747
195213, 3748
195240, 3749
195280, 3750
195296, 3751
195338, 3752
195378, 3753
195408, 3754
195435, 3755
195477, 3756
195505, 3757
195535, 3758
195575, 3759
195604, 3760
195644, 3761
195672, 3762
195704, 3763
195743, 3764
195771, 3765
195812, 3766
195827, 3767
195869, 3768
195909, 3769
195937, 3770
195979, 3771
195994, 3772
196037, 3773
196076, 3774
196105, 3775
196135, 3776
196175, 3777
196205, 3778
196245, 3779
196273, 3780
196314, 3781
196329, 3782
196372, 3783
196412, 3784
196443, 3785
196470, 3786
196509, 3787
196539, 3788
196579, 3789
196596, 3790
196637, 3791
196676, 3792
196704, 3793
196745, 3794
196774, 3795
196819, 3796
196832, 3797
196873, 3798
196913, 3799
196929, 3800
196984, 3801
197009, 3802
197038, 3803
197078, 3804
197108, 3805
197136, 3806
197178, 3807
197206, 3808
197235, 3809
197275, 3810
197303, 3811
197344, 3812
197373, 3813
197402, 3814
197443, 3815
197470, 3816
197502, 3817
197540, 3818
197581, 3819
197597, 3820
197638, 3821
197679, 3822
197694, 3823
197735, 3824
197776, 3825
197805, 3826
197847, 3827
197862, 3828
197904, 3829
197944, 3830
197974, 3831
198005, 3832
198042, 3833
198083, 3834
198098, 3835
198138, 3836
198179, 3837
198208, 3838
198238, 3839
198278, 3840
198294, 3841
198338, 3842
198375, 3843
198404, 3844
198445, 3845
198473, 3846
198503, 3847
198544, 3848
198572, 3849
198614, 3850
198642, 3851
198669, 3852
198698, 3853
198748, 3854
198764, 3855
198806, 3856
198849, 3857
198864, 3858
198904, 3859
198945, 3860
198974, 3861
199003, 3862
199045, 3863
199072, 3864
199112, 3865
199127, 3866
199170, 3867
199211, 3868
199239, 3869
199280, 3870
199295, 3871
199337, 3872
199378, 3873
199406, 3874
199435, 3875
199477, 3876
199505, 3877
199547, 3878
199574, 3879
199602, 3880
199643, 3881
199671, 3882
199712, 3883
199726, 3884
199781, 3885
199796, 3886
199839, 3887
199880, 3888
199908, 3889
199937, 3890
199978, 3891
200006, 3892
200037, 3893
200075, 3894
200104, 3895
200146, 3896
200161, 3897
200205, 3898
200240, 3899
200271, 3900
200309, 3901
200338, 3902
200368, 3903
200408, 3904
200437, 3905
200478, 3906
200507, 3907
200536, 3908
200577, 3909
200608, 3910
200655, 3911
200674, 3912
200704, 3913
200745, 3914
200772, 3915
200813, 3916
200828, 3917
200870, 3918
200910, 3919
200939, 3920
200980, 3921
201008, 3922
201037, 3923
201077, 3924
201107, 3925
201137, 3926
201176, 3927
201202, 3928
201244, 3929
201271, 3930
201312, 3931
201327, 3932
201370, 3933
201411, 3934
201440, 3935
201481, 3936
201496, 3937
201538, 3938
201577, 3939
201594, 3940
201636, 3941
201675, 3942
201704, 3943
201745, 3944
201775, 3945
201803, 3946
201844, 3947
201871, 3948
201912, 3949
201927, 3950
201981, 3951
202008, 3952
202037, 3953
202079, 3954
202108, 3955
202136, 3956
202178, 3957
202193, 3958
202247, 3959
202261, 3960
202302, 3961
202346, 3962
202361, 3963
202415, 3964
202431, 3965
202471, 3966
202511, 3967
202527, 3968
202570, 3969
202626, 3970
202639, 3971
202677, 3972
202706, 3973
202748, 3974
202776, 3975
202806, 3976
202845, 3977
202875, 3978
202915, 3979
202930, 3980
202983, 3981
203000, 3982
203041, 3983
203079, 3984
203109, 3985
203141, 3986
203178, 3987
203207, 3988
203249, 3989
203277, 3990
203307, 3991
203347, 3992
203375, 3993
203416, 3994
203431, 3995
203474, 3996
203515, 3997
203541, 3998
203582, 3999
203599, 4000
203643, 4001
203679, 4002
203708, 4003
203738, 4004
203777, 4005
203807, 4006
203847, 4007
203875, 4008
203917, 4009
203933, 4010
203974, 4011
204005, 4012
204043, 4013
204072, 4014
204114, 4015
204141, 4016
204183, 4017
204200, 4018
204250, 4019
204266, 4020
204308, 4021
204350, 4022
204379, 4023
204409, 4024
204450, 4025
204487, 4026
204503, 4027
204546, 4028
204587, 4029
204604, 4030
204642, 4031
204682, 4032
204711, 4033
204751, 4034
204780, 4035
204810, 4036
204849, 4037
204879, 4038
204909, 4039
204949, 4040
204977, 4041
205018, 4042
205046, 4043
205087, 4044
205103, 4045
205145, 4046
205186, 4047
205201, 4048
205255, 4049
205270, 4050
205310, 4051
205351, 4052
205381, 4053
205410, 4054
205451, 4055
205478, 4056
205519, 4057
205548, 4058
205579, 4059
205617, 4060
205646, 4061
205686, 4062
205704, 4063
205744, 4064
205782, 4065
205810, 4066
205853, 4067
205869, 4068
205909, 4069
205950, 4070
205979, 4071
206009, 4072
206047, 4073
206076, 4074
206118, 4075
206133, 4076
206187, 4077
206203, 4078
206244, 4079
206292, 4080
206323, 4081
206337, 4082
206383, 4083
206423, 4084
206442, 4085
206479, 4086
206520, 4087
206535, 4088
206576, 4089
206618, 4090
206647, 4091
206678, 4092
206717, 4093
206746, 4094
206787, 4095
206814, 4096
206844, 4097
206882, 4098
206910, 4099
206951, 4100
206980, 4101
207009, 4102
207050, 4103
207078, 4104
207119, 4105
207135, 4106
207178, 4107
207217, 4108
207246, 4109
207287, 4110
207302, 4111
207342, 4112
207384, 4113
207413, 4114
207444, 4115
207482, 4116
207510, 4117
207554, 4118
207580, 4119
207621, 4120
207637, 4121
207678, 4122
207718, 4123
207747, 4124
207776, 4125
207818, 4126
207844, 4127
207886, 4128
207901, 4129
207943, 4130
207982, 4131
208011, 4132
208054, 4133
208069, 4134
208114, 4135
208159, 4136
208177, 4137
208211, 4138
208250, 4139
208279, 4140
208320, 4141
208334, 4142
208386, 4143
208400, 4144
208442, 4145
208484, 4146
208513, 4147
208554, 4148
208569, 4149
208612, 4150
208652, 4151
208667, 4152
208710, 4153
208749, 4154
208777, 4155
208819, 4156
208836, 4157
208877, 4158
208917, 4159
208947, 4160
208984, 4161
209000, 4162
209054, 4163
209069, 4164
209112, 4165
209153, 4166
209168, 4167
209209, 4168
209251, 4169
209278, 4170
209321, 4171
209336, 4172
209376, 4173
209419, 4174
209446, 4175
209478, 4176
209516, 4177
209544, 4178
209586, 4179
209601, 4180
209643, 4181
209683, 4182
209713, 4183
209754, 4184
209770, 4185
209810, 4186
209851, 4187
209878, 4188
209919, 4189
209937, 4190
210002, 4191
210019, 4192
210048, 4193
210086, 4194
210116, 4195
210155, 4196
210182, 4197
210213, 4198
210253, 4199
210281, 4200
210322, 4201
210352, 4202
210382, 4203
210421, 4204
210450, 4205
210489, 4206
210505, 4207
210548, 4208
210587, 4209
210615, 4210
210658, 4211
210672, 4212
210715, 4213
210755, 4214
210783, 4215
210825, 4216
210840, 4217
210883, 4218
210923, 4219
210951, 4220
210992, 4221
211007, 4222
211049, 4223
211089, 4224
211118, 4225
211148, 4226
211187, 4227
211216, 4228
211257, 4229
211285, 4230
211313, 4231
211355, 4232
211372, 4233
211424, 4234
211440, 4235
211481, 4236
211522, 4237
211539, 4238
211591, 4239
211617, 4240
211644, 4241
211687, 4242
211715, 4243
211757, 4244
211786, 4245
211814, 4246
211862, 4247
211895, 4248
211915, 4249
211956, 4250
211983, 4251
212025, 4252
212042, 4253
212094, 4254
212107, 4255
212149, 4256
212188, 4257
212231, 4258
212244, 4259
212286, 4260
212313, 4261
212355, 4262
212383, 4263
212415, 4264
212452, 4265
212495, 4266
212509, 4267
212552, 4268
212592, 4269
212608, 4270
212653, 4271
212688, 4272
212715, 4273
212757, 4274
212774, 4275
212815, 4276
212854, 4277
212883, 4278
212925, 4279
212941, 4280
212982, 4281
213024, 4282
213052, 4283
213081, 4284
213123, 4285
213151, 4286
213192, 4287
213207, 4288
213247, 4289
213287, 4290
213316, 4291
213357, 4292
213386, 4293
213415, 4294
213456, 4295
213484, 4296
213525, 4297
213540, 4298
213584, 4299
213623, 4300
213650, 4301
213691, 4302
213706, 4303
213749, 4304
213788, 4305
213824, 4306
213853, 4307
213886, 4308
213914, 4309
213956, 4310
213985, 4311
214026, 4312
214041, 4313
214082, 4314
214123, 4315
214152, 4316
214195, 4317
214210, 4318
214249, 4319
214289, 4320
214318, 4321
214348, 4322
214387, 4323
214415, 4324
214457, 4325
214485, 4326
214515, 4327
214555, 4328
214584, 4329
214624, 4330
214640, 4331
214682, 4332
214723, 4333
214751, 4334
214792, 4335
214806, 4336
214850, 4337
214889, 4338
214917, 4339
214959, 4340
214974, 4341
215015, 4342
215057, 4343
215085, 4344
215127, 4345
215143, 4346
215184, 4347
215225, 4348
215254, 4349
215296, 4350
215311, 4351
215349, 4352
215392, 4353
215406, 4354
215459, 4355
215474, 4356
215517, 4357
215557, 4358
215571, 4359
215614, 4360
215656, 4361
215685, 4362
215725, 4363
215744, 4364
215795, 4365
215811, 4366
215853, 4367
215891, 4368
215907, 4369
215948, 4370
215988, 4371
216017, 4372
216047, 4373
216086, 4374
216115, 4375
216156, 4376
216184, 4377
216214, 4378
216254, 4379
216282, 4380
216314, 4381
216352, 4382
216395, 4383
216420, 4384
216448, 4385
216490, 4386
216518, 4387
216547, 4388
216589, 4389
216616, 4390
216658, 4391
216674, 4392
216727, 4393
216742, 4394
216783, 4395
216826, 4396
216841, 4397
216884, 4398
216923, 4399
216951, 4400
216992, 4401
217009, 4402
217047, 4403
217089, 4404
217117, 4405
217148, 4406
217186, 4407
217214, 4408
217257, 4409
217271, 4410
217315, 4411
217353, 4412
217382, 4413
217423, 4414
217453, 4415
217483, 4416
217521, 4417
217548, 4418
217590, 4419
217619, 4420
217648, 4421
217692, 4422
217729, 4423
217745, 4424
217786, 4425
217828, 4426
217844, 4427
217895, 4428
217912, 4429
217954, 4430
217993, 4431
218009, 4432
218051, 4433
218089, 4434
218118, 4435
218159, 4436
218189, 4437
218218, 4438
218258, 4439
218286, 4440
218329, 4441
218343, 4442
218386, 4443
218426, 4444
218454, 4445
218485, 4446
218525, 4447
218552, 4448
218593, 4449
218610, 4450
218662, 4451
218678, 4452
218720, 4453
218758, 4454
218787, 4455
218818, 4456
218857, 4457
218886, 4458
218927, 4459
218956, 4460
218984, 4461
219027, 4462
219042, 4463
219095, 4464
219109, 4465
219153, 4466
219191, 4467
219220, 4468
219250, 4469
219289, 4470
219318, 4471
219359, 4472
219388, 4473
219419, 4474
219457, 4475
219485, 4476
219527, 4477
219542, 4478
219586, 4479
219628, 4480
219646, 4481
219710, 4482
219726, 4483
219764, 4484
219791, 4485
219833, 4486
219861, 4487
219901, 4488
219929, 4489
219960, 4490
219998, 4491
220026, 4492
220068, 4493
220096, 4494
220126, 4495
220165, 4496
220194, 4497
220235, 4498
220250, 4499
220291, 4500
220333, 4501
220361, 4502
220391, 4503
220429, 4504
220458, 4505
220500, 4506
220528, 4507
220557, 4508
220596, 4509
220627, 4510
220666, 4511
220695, 4512
220737, 4513
220753, 4514
220792, 4515
220833, 4516
220849, 4517
220892, 4518
220930, 4519
220959, 4520
220990, 4521
221029, 4522
221057, 4523
221099, 4524
221127, 4525
221158, 4526
221197, 4527
221226, 4528
221266, 4529
221293, 4530
221335, 4531
221350, 4532
221393, 4533
221432, 4534
221460, 4535
221502, 4536
221517, 4537
221559, 4538
221604, 4539
221641, 4540
221657, 4541
221698, 4542
221739, 4543
221756, 4544
221808, 4545
221823, 4546
221864, 4547
221905, 4548
221920, 4549
221963, 4550
222002, 4551
222031, 4552
222072, 4553
222101, 4554
222130, 4555
222170, 4556
222199, 4557
222228, 4558
222269, 4559
222297, 4560
222338, 4561
222367, 4562
222395, 4563
222436, 4564
222464, 4565
222506, 4566
222534, 4567
222563, 4568
222603, 4569
222632, 4570
222674, 4571
222688, 4572
222730, 4573
222772, 4574
222787, 4575
222839, 4576
222855, 4577
222899, 4578
222935, 4579
222966, 4580
223004, 4581
223033, 4582
223063, 4583
223104, 4584
223133, 4585
223163, 4586
223202, 4587
223230, 4588
223272, 4589
223301, 4590
223328, 4591
223369, 4592
223398, 4593
223440, 4594
223467, 4595
223496, 4596
223536, 4597
223587, 4598
223609, 4599
223635, 4600
223676, 4601
223703, 4602
223745, 4603
223759, 4604
223801, 4605
223841, 4606
223870, 4607
223910, 4608
223925, 4609
223968, 4610
224008, 4611
224036, 4612
224077, 4613
224105, 4614
224134, 4615
224175, 4616
224203, 4617
224233, 4618
224272, 4619
224302, 4620
224342, 4621
224371, 4622
224400, 4623
224442, 4624
224468, 4625
224511, 4626
224526, 4627
224578, 4628
224593, 4629
224634, 4630
224676, 4631
224704, 4632
224734, 4633
224774, 4634
224803, 4635
224844, 4636
224859, 4637
224900, 4638
224942, 4639
224971, 4640
225000, 4641
225040, 4642
225067, 4643
225109, 4644
225136, 4645
225177, 4646
225192, 4647
225236, 4648
225274, 4649
225303, 4650
225333, 4651
225373, 4652
225401, 4653
225443, 4654
225472, 4655
225506, 4656
225560, 4657
225583, 4658
225600, 4659
225652, 4660
225667, 4661
225720, 4662
225734, 4663
225777, 4664
225816, 4665
225845, 4666
225875, 4667
225914, 4668
225943, 4669
225985, 4670
226013, 4671
226042, 4672
226083, 4673
226111, 4674
226143, 4675
226181, 4676
226210, 4677
226249, 4678
226277, 4679
226318, 4680
226346, 4681
226376, 4682
226416, 4683
226445, 4684
226486, 4685
226502, 4686
226545, 4687
226583, 4688
226611, 4689
226641, 4690
226681, 4691
226710, 4692
226751, 4693
226777, 4694
226819, 4695
226834, 4696
226876, 4697
226917, 4698
226947, 4699
226973, 4700
227015, 4701
227044, 4702
227086, 4703
227100, 4704
227143, 4705
227181, 4706
227208, 4707
227250, 4708
227279, 4709
227308, 4710
227348, 4711
227376, 4712
227418, 4713
227446, 4714
227495, 4715
227513, 4716
227542, 4717
227583, 4718
227613, 4719
227641, 4720
227682, 4721
227712, 4722
227752, 4723
227767, 4724
227807, 4725
227848, 4726
227877, 4727
227919, 4728
227934, 4729
227975, 4730
228016, 4731
228045, 4732
228087, 4733
228101, 4734
228144, 4735
228184, 4736
228200, 4737
228254, 4738
228269, 4739
228310, 4740
228352, 4741
228366, 4742
228409, 4743
228449, 4744
228477, 4745
228508, 4746
228547, 4747
228576, 4748
228617, 4749
228646, 4750
228686, 4751
228703, 4752
228744, 4753
228783, 4754
228799, 4755
228852, 4756
228868, 4757
228922, 4758
228937, 4759
228978, 4760
229009, 4761
229047, 4762
229076, 4763
229118, 4764
229146, 4765
229174, 4766
229216, 4767
229244, 4768
229287, 4769
229303, 4770
229342, 4771
229382, 4772
229414, 4773
229462, 4774
229480, 4775
229509, 4776
229550, 4777
229578, 4778
229620, 4779
229634, 4780
229676, 4781
229715, 4782
229745, 4783
229774, 4784
229813, 4785
229856, 4786
229870, 4787
229913, 4788
229953, 4789
229969, 4790
230021, 4791
230036, 4792
230078, 4793
230119, 4794
230135, 4795
230176, 4796
230218, 4797
230245, 4798
230287, 4799
230301, 4800
230344, 4801
230389, 4802
230415, 4803
230443, 4804
230484, 4805
230516, 4806
230542, 4807
230581, 4808
230621, 4809
230636, 4810
230678, 4811
230715, 4812
230746, 4813
230786, 4814
230813, 4815
230856, 4816
230884, 4817
230912, 4818
230942, 4819
230981, 4820
231020, 4821
231040, 4822
231068, 4823
231120, 4824
231147, 4825
231177, 4826
231218, 4827
231245, 4828
231274, 4829
231315, 4830
231343, 4831
231376, 4832
231460, 4833
231488, 4834
231528, 4835
231557, 4836
231585, 4837
231634, 4838
231650, 4839
231702, 4840
231731, 4841
231759, 4842
231789, 4843
231829, 4844
231857, 4845
231899, 4846
231927, 4847
231957, 4848
231996, 4849
232025, 4850
232066, 4851
232082, 4852
232136, 4853
232162, 4854
232191, 4855
232233, 4856
232261, 4857
232290, 4858
232331, 4859
232359, 4860
232403, 4861
232429, 4862
232457, 4863
232498, 4864
232513, 4865
232566, 4866
232583, 4867
232627, 4868
232665, 4869
232693, 4870
232733, 4871
232750, 4872
232790, 4873
232820, 4874
232858, 4875
232890, 4876
232929, 4877
232957, 4878
233000, 4879
233028, 4880
233056, 4881
233097, 4882
233125, 4883
233166, 4884
233183, 4885
233236, 4886
233255, 4887
233293, 4888
233332, 4889
233356, 4890
233423, 4891
233443, 4892
233471, 4893
233515, 4894
233530, 4895
233569, 4896
233611, 4897
233641, 4898
233681, 4899
233710, 4900
233738, 4901
233777, 4902
233806, 4903
233848, 4904
233875, 4905
233893, 4906
233944, 4907
233973, 4908
234015, 4909
234031, 4910
234071, 4911
234112, 4912
234155, 4913
234170, 4914
234212, 4915
234240, 4916
234270, 4917
234308, 4918
234338, 4919
234378, 4920
234407, 4921
234448, 4922
234476, 4923
234511, 4924
234552, 4925
234583, 4926
234615, 4927
234653, 4928
234695, 4929
234710, 4930
234754, 4931
234794, 4932
234809, 4933
234864, 4934
234895, 4935
234920, 4936
234961, 4937
234977, 4938
235030, 4939
235058, 4940
235087, 4941
235129, 4942
235144, 4943
235186, 4944
235227, 4945
235254, 4946
235285, 4947
235324, 4948
235352, 4949
235391, 4950
235422, 4951
235461, 4952
235490, 4953
235519, 4954
235560, 4955
235588, 4956
235635, 4957
235657, 4958
235686, 4959
235728, 4960
235755, 4961
235784, 4962
235825, 4963
235855, 4964
235894, 4965
235910, 4966
235951, 4967
235991, 4968
236017, 4969
236059, 4970
236077, 4971
236129, 4972
236152, 4973
236193, 4974
236208, 4975
236259, 4976
236286, 4977
236329, 4978
236361, 4979
236382, 4980
236424, 4981
236452, 4982
236493, 4983
236521, 4984
236563, 4985
236577, 4986
236620, 4987
236661, 4988
236689, 4989
236719, 4990
236757, 4991
236787, 4992
236830, 4993
236845, 4994
236885, 4995
236925, 4996
236945, 4997
236993, 4998
237022, 4999
237052, 5000
237106, 5001
237120, 5002
237161, 5003
237176, 5004
237218, 5005
237258, 5006
237287, 5007
237317, 5008
237356, 5009
237384, 5010
237428, 5011
237444, 5012
237495, 5013
237511, 5014
237555, 5015
237592, 5016
237620, 5017
237663, 5018
237678, 5019
237720, 5020
237761, 5021
237790, 5022
237823, 5023
237871, 5024
237887, 5025
237930, 5026
237945, 5027
237989, 5028
238032, 5029
238060, 5030
238151, 5031
238176, 5032
238203, 5033
238231, 5034
238273, 5035
238302, 5036
238331, 5037
238372, 5038
238401, 5039
238443, 5040
238457, 5041
238499, 5042
238540, 5043
238569, 5044
238597, 5045
238648, 5046
238666, 5047
238704, 5048
238734, 5049
238774, 5050
238791, 5051
238832, 5052
238874, 5053
238904, 5054
238931, 5055
238973, 5056
238989, 5057
239041, 5058
239060, 5059
239110, 5060
239127, 5061
239167, 5062
239209, 5063
239224, 5064
239277, 5065
239293, 5066
239333, 5067
239389, 5068
239404, 5069
239434, 5070
239473, 5071
239501, 5072
239533, 5073
239571, 5074
239598, 5075
239640, 5076
239669, 5077
239711, 5078
239737, 5079
239779, 5080
239795, 5081
239835, 5082
239876, 5083
239891, 5084
239934, 5085
239974, 5086
240004, 5087
240033, 5088
240072, 5089
240116, 5090
240141, 5091
240158, 5092
240211, 5093
240225, 5094
240266, 5095
240309, 5096
240337, 5097
240365, 5098
240406, 5099
240434, 5100
240476, 5101
240505, 5102
240533, 5103
240573, 5104
240601, 5105
240643, 5106
240658, 5107
240703, 5108
240740, 5109
240769, 5110
240810, 5111
240828, 5112
240879, 5113
240907, 5114
240935, 5115
240965, 5116
241006, 5117
241033, 5118
241075, 5119
241103, 5120
241133, 5121
241173, 5122
241202, 5123
241242, 5124
241271, 5125
241301, 5126
241341, 5127
241370, 5128
241399, 5129
241437, 5130
241467, 5131
241506, 5132
241535, 5133
241593, 5134
241608, 5135
241645, 5136
241674, 5137
241704, 5138
241744, 5139
241772, 5140
241814, 5141
241831, 5142
241882, 5143
241898, 5144
241938, 5145
241980, 5146
242008, 5147
242037, 5148
242076, 5149
242106, 5150
242136, 5151
242175, 5152
242206, 5153
242245, 5154
242274, 5155
242316, 5156
242329, 5157
242371, 5158
242413, 5159
242430, 5160
242481, 5161
242496, 5162
242540, 5163
242578, 5164
242595, 5165
242648, 5166
242679, 5167
242704, 5168
242746, 5169
242776, 5170
242803, 5171
242843, 5172
242873, 5173
242915, 5174
242929, 5175
242983, 5176
243018, 5177
243043, 5178
243083, 5179
243109, 5180
243151, 5181
243179, 5182
243221, 5183
243235, 5184
243276, 5185
243319, 5186
243346, 5187
243387, 5188
243404, 5189
243444, 5190
243486, 5191
243502, 5192
243553, 5193
243571, 5194
243623, 5195
243639, 5196
243679, 5197
243708, 5198
243763, 5199
243776, 5200
243818, 5201
243833, 5202
243876, 5203
243915, 5204
243945, 5205
243985, 5206
244000, 5207
244055, 5208
244072, 5209
244110, 5210
244151, 5211
244168, 5212
244222, 5213
244237, 5214
244279, 5215
244317, 5216
244346, 5217
244378, 5218
244416, 5219
244445, 5220
244489, 5221
244524, 5222
244541, 5223
244586, 5224
244602, 5225
244653, 5226
244682, 5227
244711, 5228
244752, 5229
244780, 5230
244820, 5231
244836, 5232
244877, 5233
244918, 5234
244947, 5235
244975, 5236
245016, 5237
245046, 5238
245086, 5239
245113, 5240
245155, 5241
245170, 5242
245212, 5243
245256, 5244
245288, 5245
245306, 5246
245348, 5247
245378, 5248
245418, 5249
245447, 5250
245489, 5251
245504, 5252
245546, 5253
245586, 5254
245615, 5255
245657, 5256
245673, 5257
245715, 5258
245754, 5259
245771, 5260
245811, 5261
245851, 5262
245881, 5263
245920, 5264
245948, 5265
245978, 5266
246021, 5267
246059, 5268
246074, 5269
246116, 5270
246145, 5271
246187, 5272
246215, 5273
246255, 5274
246271, 5275
246312, 5276
246352, 5277
246380, 5278
246422, 5279
246437, 5280
246480, 5281
246520, 5282
246536, 5283
246578, 5284
246617, 5285
246647, 5286
246687, 5287
246715, 5288
246758, 5289
246793, 5290
246815, 5291
246857, 5292
246874, 5293
246912, 5294
246953, 5295
246980, 5296
247020, 5297
247049, 5298
247090, 5299
247118, 5300
247150, 5301
247188, 5302
247216, 5303
247258, 5304
247273, 5305
247314, 5306
247355, 5307
247384, 5308
247414, 5309
247453, 5310
247482, 5311
247522, 5312
247566, 5313
247580, 5314
247620, 5315
247650, 5316
247691, 5317
247717, 5318
247747, 5319
247787, 5320
247816, 5321
247855, 5322
247872, 5323
247925, 5324
247942, 5325
247994, 5326
248009, 5327
248051, 5328
248093, 5329
248108, 5330
248150, 5331
248190, 5332
248206, 5333
248248, 5334
248299, 5335
248341, 5336
248361, 5337
248388, 5338
248430, 5339
248469, 5340
248484, 5341
248526, 5342
248564, 5343
248592, 5344
248646, 5345
248662, 5346
248693, 5347
248733, 5348
248761, 5349
248801, 5350
248830, 5351
248858, 5352
248900, 5353
248933, 5354
248954, 5355
248995, 5356
249024, 5357
249065, 5358
249093, 5359
249123, 5360
249164, 5361
249192, 5362
249245, 5363
249261, 5364
249294, 5365
249331, 5366
249359, 5367
249400, 5368
249416, 5369
249457, 5370
249496, 5371
249540, 5372
249565, 5373
249581, 5374
249633, 5375
249663, 5376
249692, 5377
249733, 5378
249761, 5379
249791, 5380
249843, 5381
249858, 5382
249890, 5383
249930, 5384
249959, 5385
249998, 5386
250027, 5387
250057, 5388
250095, 5389
250140, 5390
250163, 5391
250192, 5392
250232, 5393
250262, 5394
250290, 5395
250332, 5396
250361, 5397
250402, 5398
250443, 5399
250459, 5400
250500, 5401
250527, 5402
250569, 5403
250584, 5404
250625, 5405
250666, 5406
250694, 5407
250748, 5408
250766, 5409
250794, 5410
250834, 5411
250862, 5412
250894, 5413
250931, 5414
250960, 5415
251000, 5416
251033, 5417
251065, 5418
251081, 5419
251136, 5420
251154, 5421
251195, 5422
251234, 5423
251259, 5424
251299, 5425
251329, 5426
251364, 5427
251392, 5428
251433, 5429
251461, 5430
251503, 5431
251530, 5432
251558, 5433
251600, 5434
251633, 5435
251682, 5436
251697, 5437
251739, 5438
251754, 5439
251795, 5440
251835, 5441
251863, 5442
251906, 5443
251937, 5444
251975, 5445
251989, 5446
252033, 5447
252074, 5448
252090, 5449
252130, 5450
252171, 5451
252187, 5452
252243, 5453
252278, 5454
252297, 5455
252337, 5456
252353, 5457
252406, 5458
252422, 5459
252464, 5460
252505, 5461
252523, 5462
252575, 5463
252590, 5464
252631, 5465
252673, 5466
252689, 5467
252730, 5468
252770, 5469
252798, 5470
252842, 5471
252877, 5472
252897, 5473
252949, 5474
252964, 5475
253006, 5476
253048, 5477
253064, 5478
253104, 5479
253157, 5480
253174, 5481
253203, 5482
253243, 5483
253272, 5484
253313, 5485
253327, 5486
253371, 5487
253408, 5488
253451, 5489
253467, 5490
253507, 5491
253536, 5492
253578, 5493
253606, 5494
253645, 5495
253661, 5496
253716, 5497
253747, 5498
253770, 5499
253813, 5500
253828, 5501
253882, 5502
253898, 5503
253951, 5504
253967, 5505
254009, 5506
254048, 5507
254077, 5508
254105, 5509
254146, 5510
254175, 5511
254205, 5512
254245, 5513
254261, 5514
254337, 5515
254383, 5516
254402, 5517
254442, 5518
254460, 5519
254496, 5520
254537, 5521
254566, 5522
254618, 5523
254636, 5524
254665, 5525
254708, 5526
254732, 5527
254772, 5528
254800, 5529
254855, 5530
254871, 5531
254900, 5532
254931, 5533
254967, 5534
254998, 5535
255036, 5536
255079, 5537
255093, 5538
255135, 5539
255167, 5540
255203, 5541
255235, 5542
255274, 5543
255308, 5544
255330, 5545
255370, 5546
255402, 5547
255437, 5548
255475, 5549
255502, 5550
255555, 5551
255569, 5552
255610, 5553
255641, 5554
255678, 5555
255706, 5556
255735, 5557
255788, 5558
255802, 5559
255844, 5560
255864, 5561
255899, 5562
255941, 5563
255970, 5564
256023, 5565
256036, 5566
256073, 5567
256116, 5568
256138, 5569
256169, 5570
256207, 5571
256251, 5572
256276, 5573
256303, 5574
256345, 5575
256387, 5576
256403, 5577
256442, 5578
256487, 5579
256533, 5580
256552, 5581
256579, 5582
256631, 5583
256665, 5584
256683, 5585
256735, 5586
256756, 5587
256782, 5588
256831, 5589
256851, 5590
256888, 5591
256929, 5592
256946, 5593
256999, 5594
257017, 5595
257054, 5596
257097, 5597
257133, 5598
257177, 5599
257210, 5600
