68660, 1
68709, 2
68729, 3
68770, 4
68796, 5
68837, 6
68851, 7
68894, 8
68933, 9
68961, 10
69003, 11
69030, 12
69059, 13
69101, 14
69129, 15
69170, 16
69198, 17
69231, 18
69279, 19
69303, 20
69326, 21
69372, 22
69391, 23
69433, 24
69471, 25
69500, 26
69528, 27
69569, 28
69599, 29
69628, 30
69669, 31
69710, 32
69736, 33
69766, 34
69813, 35
69860, 36
69877, 37
69916, 38
69933, 39
69975, 40
70014, 41
70045, 42
70073, 43
70116, 44
70143, 45
70182, 46
70213, 47
70254, 48
70269, 49
70309, 50
70335, 51
70377, 52
70419, 53
70437, 54
70476, 55
70516, 56
70543, 57
70586, 58
70602, 59
70644, 60
70683, 61
70710, 62
70741, 63
70780, 64
70809, 65
70854, 66
70893, 67
70922, 68
70963, 69
70980, 70
71019, 71
71060, 72
71101, 73
71119, 74
71156, 75
71197, 76
71214, 77
71256, 78
71297, 79
71313, 80
71366, 81
71395, 82
71421, 83
71464, 84
71478, 85
71533, 86
71551, 87
71590, 88
71628, 89
71657, 90
71689, 91
71727, 92
71768, 93
71786, 94
71827, 95
71867, 96
71884, 97
71924, 98
71964, 99
71981, 100
72021, 101
72061, 102
72091, 103
72122, 104
72161, 105
72199, 106
72217, 107
72257, 108
72287, 109
72329, 110
72356, 111
72394, 112
72424, 113
72467, 114
72484, 115
72525, 116
72563, 117
72592, 118
72622, 119
72659, 120
72691, 121
72731, 122
72760, 123
72786, 124
72828, 125
72859, 126
72897, 127
72915, 128
72986, 129
73008, 130
73037, 131
73064, 132
73106, 133
73132, 134
73161, 135
73203, 136
73230, 137
73272, 138
73289, 139
73343, 140
73369, 141
73398, 142
73440, 143
73466, 144
73497, 145
73537, 146
73565, 147
73608, 148
73636, 149
73661, 150
73703, 151
73733, 152
73764, 153
73802, 154
73830, 155
73873, 156
73891, 157
73929, 158
73969, 159
73997, 160
74065, 161
74092, 162
74136, 163
74163, 164
74191, 165
74234, 166
74251, 167
74303, 168
74321, 169
74359, 170
74400, 171
74419, 172
74457, 173
74498, 174
74526, 175
74568, 176
74593, 177
74639, 178
74664, 179
74708, 180
74733, 181
74754, 182
74804, 183
74833, 184
74860, 185
74903, 186
74929, 187
74958, 188
75001, 189
75039, 190
75070, 191
75110, 192
75137, 193
75167, 194
75210, 195
75237, 196
75277, 197
75296, 198
75348, 199
75366, 200
75403, 201
75446, 202
75473, 203
75501, 204
75545, 205
75571, 206
75601, 207
75643, 208
75666, 209
75709, 210
75737, 211
75764, 212
75806, 213
75835, 214
75878, 215
75905, 216
75959, 217
75976, 218
76003, 219
76048, 220
76075, 221
76099, 222
76141, 223
76182, 224
76210, 225
76229, 226
76278, 227
76309, 228
76349, 229
76368, 230
76406, 231
76448, 232
76479, 233
76503, 234
76543, 235
76572, 236
76614, 237
76641, 238
76672, 239
76712, 240
76742, 241
76769, 242
76797, 243
76853, 244
76877, 245
76930, 246
76955, 247
76973, 248
77024, 249
77049, 250
77077, 251
77118, 252
77146, 253
77188, 254
77212, 255
77254, 256
77283, 257
77311, 258
77353, 259
77370, 260
77410, 261
77451, 262
77491, 263
77508, 264
77549, 265
77588, 266
77606, 267
77657, 268
77674, 269
77719, 270
77744, 271
77783, 272
77823, 273
77871, 274
77894, 275
77921, 276
77964, 277
77981, 278
78035, 279
78061, 280
78090, 281
78117, 282
78159, 283
78188, 284
78229, 285
78247, 286
78301, 287
78327, 288
78354, 289
78398, 290
78422, 291
78451, 292
78491, 293
78534, 294
78551, 295
78594, 296
78618, 297
78660, 298
78690, 299
78732, 300
78755, 301
78834, 302
78852, 303
78879, 304
78919, 305
78957, 306
78982, 307
79024, 308
79042, 309
79092, 310
79122, 311
79148, 312
79188, 313
79217, 314
79260, 315
79288, 316
79314, 317
79355, 318
79386, 319
79425, 320
79454, 321
79482, 322
79524, 323
79550, 324
79594, 325
79622, 326
79649, 327
79692, 328
79738, 329
79759, 330
79802, 331
79829, 332
79869, 333
79902, 334
79940, 335
79961, 336
80008, 337
80026, 338
80066, 339
80107, 340
80126, 341
80164, 342
80203, 343
80232, 344
80264, 345
80303, 346
80330, 347
80372, 348
80391, 349
80442, 350
80470, 351
80498, 352
80540, 353
80569, 354
80622, 355
80662, 356
80693, 357
80733, 358
80762, 359
80803, 360
80830, 361
80874, 362
80902, 363
80928, 364
80970, 365
80997, 366
81029, 367
81067, 368
81097, 369
81138, 370
81167, 371
81194, 372
81221, 373
81265, 374
81292, 375
81331, 376
81363, 377
81403, 378
81431, 379
81460, 380
81514, 381
81532, 382
81569, 383
81597, 384
81626, 385
81667, 386
81694, 387
81739, 388
81765, 389
81809, 390
81834, 391
81862, 392
81904, 393
81923, 394
81962, 395
82002, 396
82032, 397
82057, 398
82084, 399
82128, 400
82167, 401
82195, 402
82237, 403
82253, 404
82306, 405
82325, 406
82365, 407
82403, 408
82421, 409
82493, 410
82514, 411
82534, 412
82572, 413
82611, 414
82640, 415
82684, 416
82711, 417
82738, 418
82779, 419
82798, 420
82838, 421
82878, 422
82905, 423
82948, 424
82966, 425
83005, 426
83047, 427
83072, 428
83114, 429
83133, 430
83184, 431
83212, 432
83240, 433
83268, 434
83310, 435
83340, 436
83366, 437
83407, 438
83483, 439
83503, 440
83530, 441
83563, 442
83601, 443
83628, 444
83671, 445
83690, 446
83743, 447
83769, 448
83795, 449
83837, 450
83855, 451
83895, 452
83935, 453
83964, 454
83995, 455
84033, 456
84063, 457
84103, 458
84132, 459
84159, 460
84203, 461
84228, 462
84272, 463
84296, 464
84357, 465
84378, 466
84404, 467
84444, 468
84469, 469
84511, 470
84537, 471
84564, 472
84604, 473
84646, 474
84674, 475
84690, 476
84743, 477
84771, 478
84802, 479
84841, 480
84868, 481
84909, 482
84928, 483
84967, 484
85007, 485
85036, 486
85077, 487
85097, 488
85136, 489
85176, 490
85203, 491
85258, 492
85287, 493
85315, 494
85341, 495
85369, 496
85397, 497
85439, 498
85469, 499
85511, 500
85538, 501
85579, 502
85607, 503
85636, 504
85678, 505
85706, 506
85725, 507
85774, 508
85805, 509
85846, 510
85877, 511
85901, 512
85942, 513
85969, 514
86010, 515
86028, 516
86072, 517
86110, 518
86151, 519
86177, 520
86207, 521
86249, 522
86273, 523
86316, 524
86336, 525
86387, 526
86413, 527
86444, 528
86473, 529
86512, 530
86556, 531
86582, 532
86607, 533
86649, 534
86670, 535
86720, 536
86747, 537
86766, 538
86818, 539
86847, 540
86873, 541
86915, 542
86945, 543
87004, 544
87025, 545
87057, 546
87096, 547
87123, 548
87167, 549
87194, 550
87221, 551
87262, 552
87282, 553
87333, 554
87352, 555
87392, 556
87430, 557
87457, 558
87488, 559
87528, 560
87568, 561
87597, 562
87617, 563
87671, 564
87694, 565
87720, 566
87763, 567
87782, 568
87870, 569
87888, 570
87912, 571
87955, 572
87989, 573
88016, 574
88058, 575
88086, 576
88118, 577
88157, 578
88183, 579
88222, 580
88251, 581
88294, 582
88319, 583
88346, 584
88389, 585
88418, 586
88460, 587
88488, 588
88516, 589
88557, 590
88588, 591
88628, 592
88654, 593
88716, 594
88738, 595
88764, 596
88807, 597
88825, 598
88868, 599
88902, 600
88927, 601
88971, 602
88996, 603
89038, 604
89062, 605
89104, 606
89134, 607
89158, 608
89198, 609
89239, 610
89258, 611
89309, 612
89327, 613
89366, 614
89410, 615
89438, 616
89465, 617
89504, 618
89552, 619
89571, 620
89613, 621
89644, 622
89686, 623
89712, 624
89754, 625
89772, 626
89811, 627
89851, 628
89879, 629
89909, 630
89951, 631
89975, 632
90019, 633
90047, 634
90077, 635
90102, 636
90146, 637
90186, 638
90214, 639
90242, 640
90284, 641
90311, 642
90352, 643
90373, 644
90409, 645
90455, 646
90479, 647
90520, 648
90547, 649
90590, 650
90619, 651
90645, 652
90686, 653
90715, 654
90757, 655
90786, 656
90814, 657
90854, 658
90883, 659
90916, 660
90953, 661
90980, 662
91021, 663
91049, 664
91078, 665
91119, 666
91159, 667
91177, 668
91219, 669
91259, 670
91286, 671
91336, 672
91353, 673
91405, 674
91433, 675
91460, 676
91497, 677
91538, 678
91566, 679
91594, 680
91635, 681
91664, 682
91704, 683
91723, 684
91773, 685
91791, 686
91831, 687
91873, 688
91898, 689
91941, 690
91970, 691
91997, 692
92038, 693
92055, 694
92109, 695
92125, 696
92164, 697
92206, 698
92235, 699
92299, 700
92315, 701
92361, 702
92398, 703
92425, 704
92468, 705
92485, 706
92525, 707
92566, 708
92585, 709
92637, 710
92664, 711
92692, 712
92734, 713
92752, 714
92791, 715
92834, 716
92859, 717
92902, 718
92929, 719
92947, 720
92998, 721
93028, 722
93058, 723
93096, 724
93125, 725
93166, 726
93207, 727
93224, 728
93266, 729
93305, 730
93325, 731
93364, 732
93404, 733
93432, 734
93457, 735
93501, 736
93529, 737
93570, 738
93598, 739
93627, 740
93668, 741
93696, 742
93725, 743
93767, 744
93793, 745
93836, 746
93863, 747
93906, 748
93933, 749
93962, 750
94006, 751
94032, 752
94057, 753
94099, 754
94146, 755
94168, 756
94183, 757
94226, 758
94269, 759
94294, 760
94339, 761
94364, 762
94405, 763
94433, 764
94460, 765
94502, 766
94521, 767
94573, 768
94599, 769
94617, 770
94669, 771
94686, 772
94727, 773
94771, 774
94796, 775
94837, 776
94855, 777
94894, 778
94936, 779
94963, 780
95004, 781
95021, 782
95074, 783
95125, 784
95143, 785
95181, 786
95207, 787
95249, 788
95272, 789
95313, 790
95346, 791
95381, 792
95411, 793
95449, 794
95468, 795
95517, 796
95535, 797
95577, 798
95616, 799
95636, 800
95676, 801
95713, 802
95742, 803
95784, 804
95812, 805
95839, 806
95882, 807
95909, 808
95951, 809
95967, 810
96011, 811
96051, 812
96090, 813
96119, 814
96158, 815
96198, 816
96215, 817
96259, 818
96287, 819
96325, 820
96354, 821
96399, 822
96422, 823
96466, 824
96492, 825
96509, 826
96562, 827
96580, 828
96632, 829
96650, 830
96688, 831
96718, 832
96759, 833
96787, 834
96829, 835
96846, 836
96889, 837
96926, 838
96966, 839
96995, 840
97059, 841
97077, 842
97118, 843
97144, 844
97186, 845
97214, 846
97257, 847
97286, 848
97314, 849
97356, 850
97383, 851
97426, 852
97455, 853
97480, 854
97525, 855
97551, 856
97578, 857
97620, 858
97650, 859
97691, 860
97717, 861
97761, 862
97788, 863
97806, 864
97860, 865
97883, 866
97926, 867
97965, 868
97982, 869
98022, 870
98054, 871
98090, 872
98132, 873
98150, 874
98204, 875
98230, 876
98249, 877
98287, 878
98329, 879
98348, 880
98389, 881
98423, 882
98463, 883
98489, 884
98529, 885
98545, 886
98598, 887
98623, 888
98666, 889
98693, 890
98722, 891
98763, 892
98790, 893
98832, 894
98857, 895
98901, 896
98931, 897
98971, 898
98998, 899
99030, 900
99069, 901
99085, 902
99136, 903
99154, 904
99196, 905
99235, 906
99264, 907
99294, 908
99334, 909
99361, 910
99402, 911
99432, 912
99473, 913
99491, 914
99530, 915
99559, 916
99598, 917
99627, 918
99668, 919
99711, 920
99736, 921
99780, 922
99809, 923
99849, 924
99868, 925
99906, 926
99947, 927
99975, 928
100001, 929
100043, 930
100071, 931
100114, 932
100132, 933
100183, 934
100198, 935
100254, 936
100272, 937
100310, 938
100337, 939
100378, 940
100408, 941
100450, 942
100474, 943
100516, 944
100545, 945
100573, 946
100614, 947
100656, 948
100684, 949
100727, 950
100742, 951
100796, 952
100814, 953
100851, 954
100893, 955
100913, 956
100964, 957
100993, 958
101018, 959
101058, 960
101076, 961
101130, 962
101156, 963
101173, 964
101226, 965
101241, 966
101289, 967
101313, 968
101351, 969
101393, 970
101422, 971
101448, 972
101490, 973
101518, 974
101600, 975
101621, 976
101647, 977
101688, 978
101714, 979
101746, 980
101783, 981
101812, 982
101852, 983
101880, 984
101910, 985
101950, 986
101991, 987
102010, 988
102047, 989
102090, 990
102117, 991
102146, 992
102186, 993
102204, 994
102247, 995
102285, 996
102309, 997
102352, 998
102381, 999
102413, 1000
102455, 1001
102491, 1002
102532, 1003
102548, 1004
102590, 1005
102629, 1006
102654, 1007
102695, 1008
102720, 1009
102761, 1010
102800, 1011
102818, 1012
102858, 1013
102898, 1014
102924, 1015
102953, 1016
102996, 1017
103022, 1018
103064, 1019
103081, 1020
103135, 1021
103164, 1022
103189, 1023
103217, 1024
103257, 1025
103289, 1026
103329, 1027
103358, 1028
103397, 1029
103438, 1030
103469, 1031
103509, 1032
103537, 1033
103579, 1034
103598, 1035
103648, 1036
103666, 1037
103707, 1038
103747, 1039
103774, 1040
103816, 1041
103833, 1042
103873, 1043
103915, 1044
103941, 1045
103970, 1046
104012, 1047
104041, 1048
104067, 1049
104095, 1050
104140, 1051
104179, 1052
104196, 1053
104248, 1054
104291, 1055
104317, 1056
104346, 1057
104388, 1058
104415, 1059
104457, 1060
104474, 1061
104528, 1062
104554, 1063
104573, 1064
104624, 1065
104651, 1066
104679, 1067
104720, 1068
104738, 1069
104782, 1070
104817, 1071
104845, 1072
104889, 1073
104916, 1074
104944, 1075
104986, 1076
105015, 1077
105058, 1078
105085, 1079
105112, 1080
105154, 1081
105211, 1082
105238, 1083
105266, 1084
105294, 1085
105310, 1086
105350, 1087
105379, 1088
105419, 1089
105465, 1090
105489, 1091
105517, 1092
105555, 1093
105571, 1094
105627, 1095
105644, 1096
105684, 1097
105725, 1098
105744, 1099
105781, 1100
105821, 1101
105839, 1102
105879, 1103
105919, 1104
105949, 1105
105977, 1106
106020, 1107
106047, 1108
106122, 1109
106139, 1110
106181, 1111
106199, 1112
106240, 1113
106279, 1114
106297, 1115
106350, 1116
106366, 1117
106406, 1118
106448, 1119
106474, 1120
106517, 1121
106532, 1122
106587, 1123
106606, 1124
106643, 1125
106673, 1126
106712, 1127
106740, 1128
106782, 1129
106800, 1130
106840, 1131
106879, 1132
106909, 1133
106937, 1134
106998, 1135
107022, 1136
107062, 1137
107079, 1138
107131, 1139
107151, 1140
107186, 1141
107227, 1142
107244, 1143
107298, 1144
107325, 1145
107352, 1146
107395, 1147
107413, 1148
107452, 1149
107491, 1150
107520, 1151
107561, 1152
107578, 1153
107634, 1154
107660, 1155
107687, 1156
107729, 1157
107748, 1158
107798, 1159
107816, 1160
107873, 1161
107894, 1162
107912, 1163
107965, 1164
107993, 1165
108020, 1166
108064, 1167
108092, 1168
108118, 1169
108161, 1170
108189, 1171
108230, 1172
108248, 1173
108299, 1174
108316, 1175
108356, 1176
108400, 1177
108423, 1178
108466, 1179
108483, 1180
108525, 1181
108561, 1182
108600, 1183
108615, 1184
108668, 1185
108692, 1186
108721, 1187
108782, 1188
108801, 1189
108840, 1190
108857, 1191
108897, 1192
108938, 1193
108956, 1194
108996, 1195
109037, 1196
109055, 1197
109106, 1198
109126, 1199
109175, 1200
109192, 1201
109232, 1202
109264, 1203
109301, 1204
109330, 1205
109371, 1206
109390, 1207
109429, 1208
109468, 1209
109496, 1210
109538, 1211
109555, 1212
109600, 1213
109634, 1214
109688, 1215
109707, 1216
109734, 1217
109774, 1218
109803, 1219
109834, 1220
109872, 1221
109912, 1222
109929, 1223
109970, 1224
110011, 1225
110040, 1226
110066, 1227
110109, 1228
110126, 1229
110167, 1230
110208, 1231
110235, 1232
110277, 1233
110304, 1234
110334, 1235
110374, 1236
110403, 1237
110447, 1238
110470, 1239
110513, 1240
110529, 1241
110568, 1242
110648, 1243
110671, 1244
110696, 1245
110738, 1246
110756, 1247
110805, 1248
110823, 1249
110863, 1250
110902, 1251
110942, 1252
110959, 1253
111000, 1254
111030, 1255
111071, 1256
111098, 1257
111139, 1258
111156, 1259
111197, 1260
111238, 1261
111264, 1262
111296, 1263
111333, 1264
111366, 1265
111403, 1266
111431, 1267
111475, 1268
111521, 1269
111541, 1270
111570, 1271
111611, 1272
111637, 1273
111680, 1274
111697, 1275
111739, 1276
111779, 1277
111795, 1278
111849, 1279
111877, 1280
111904, 1281
111947, 1282
111974, 1283
112017, 1284
112045, 1285
112071, 1286
112113, 1287
112131, 1288
112183, 1289
112200, 1290
112241, 1291
112280, 1292
112299, 1293
112350, 1294
112378, 1295
112431, 1296
112461, 1297
112504, 1298
112531, 1299
112560, 1300
112600, 1301
112630, 1302
112659, 1303
112698, 1304
112740, 1305
112760, 1306
112800, 1307
112837, 1308
112864, 1309
112907, 1310
112938, 1311
112962, 1312
113005, 1313
113033, 1314
113062, 1315
113104, 1316
113130, 1317
113172, 1318
113189, 1319
113230, 1320
113290, 1321
113311, 1322
113339, 1323
113381, 1324
113399, 1325
113450, 1326
113467, 1327
113506, 1328
113548, 1329
113565, 1330
113605, 1331
113645, 1332
113661, 1333
113715, 1334
113743, 1335
113760, 1336
113813, 1337
113831, 1338
113871, 1339
113911, 1340
113937, 1341
113978, 1342
113997, 1343
114050, 1344
114078, 1345
114104, 1346
114147, 1347
114164, 1348
114218, 1349
114246, 1350
114276, 1351
114312, 1352
114344, 1353
114383, 1354
114400, 1355
114442, 1356
114480, 1357
114522, 1358
114541, 1359
114578, 1360
114620, 1361
114637, 1362
114677, 1363
114719, 1364
114737, 1365
114777, 1366
114818, 1367
114843, 1368
114886, 1369
114914, 1370
114944, 1371
114970, 1372
115009, 1373
115078, 1374
115095, 1375
115135, 1376
115151, 1377
115192, 1378
115232, 1379
115262, 1380
115288, 1381
115331, 1382
115346, 1383
115387, 1384
115428, 1385
115458, 1386
115497, 1387
115516, 1388
115566, 1389
115582, 1390
115623, 1391
115664, 1392
115681, 1393
115733, 1394
115748, 1395
115791, 1396
115821, 1397
115861, 1398
115888, 1399
115948, 1400
115970, 1401
115987, 1402
116026, 1403
116067, 1404
116084, 1405
116136, 1406
116154, 1407
116196, 1408
116237, 1409
116262, 1410
116305, 1411
116332, 1412
116360, 1413
116402, 1414
116429, 1415
116471, 1416
116488, 1417
116528, 1418
116570, 1419
116589, 1420
116628, 1421
116666, 1422
116695, 1423
116741, 1424
116768, 1425
116793, 1426
116844, 1427
116874, 1428
116916, 1429
116932, 1430
116974, 1431
117015, 1432
117042, 1433
117074, 1434
117114, 1435
117143, 1436
117169, 1437
117208, 1438
117239, 1439
117279, 1440
117299, 1441
117348, 1442
117375, 1443
117406, 1444
117447, 1445
117465, 1446
117507, 1447
117544, 1448
117572, 1449
117614, 1450
117630, 1451
117696, 1452
117715, 1453
117744, 1454
117782, 1455
117810, 1456
117851, 1457
117879, 1458
117909, 1459
117948, 1460
117976, 1461
118016, 1462
118045, 1463
118087, 1464
118106, 1465
118144, 1466
118185, 1467
118212, 1468
118244, 1469
118283, 1470
118323, 1471
118340, 1472
118379, 1473
118425, 1474
118449, 1475
118490, 1476
118508, 1477
118567, 1478
118587, 1479
118614, 1480
118657, 1481
118684, 1482
118713, 1483
118752, 1484
118782, 1485
118824, 1486
118852, 1487
118870, 1488
118921, 1489
118939, 1490
118994, 1491
119017, 1492
119037, 1493
119088, 1494
119108, 1495
119156, 1496
119174, 1497
119216, 1498
119253, 1499
119272, 1500
119323, 1501
119354, 1502
119380, 1503
119422, 1504
119440, 1505
119510, 1506
119534, 1507
119572, 1508
119597, 1509
119637, 1510
119664, 1511
119705, 1512
119731, 1513
119758, 1514
119801, 1515
119829, 1516
119868, 1517
119898, 1518
119938, 1519
119966, 1520
119994, 1521
120037, 1522
120066, 1523
120106, 1524
120133, 1525
120164, 1526
120203, 1527
120223, 1528
120272, 1529
120289, 1530
120350, 1531
120370, 1532
120393, 1533
120437, 1534
120469, 1535
120507, 1536
120526, 1537
120565, 1538
120603, 1539
120632, 1540
120662, 1541
120704, 1542
120730, 1543
120772, 1544
120799, 1545
120842, 1546
120858, 1547
120900, 1548
120941, 1549
120967, 1550
120996, 1551
121023, 1552
121066, 1553
121110, 1554
121133, 1555
121168, 1556
121229, 1557
121248, 1558
121288, 1559
121306, 1560
121359, 1561
121385, 1562
121413, 1563
121443, 1564
121486, 1565
121523, 1566
121540, 1567
121578, 1568
121620, 1569
121650, 1570
121679, 1571
121720, 1572
121750, 1573
121778, 1574
121817, 1575
121857, 1576
121873, 1577
121915, 1578
121958, 1579
121986, 1580
122014, 1581
122055, 1582
122082, 1583
122113, 1584
122154, 1585
122192, 1586
122209, 1587
122253, 1588
122292, 1589
122317, 1590
122360, 1591
122388, 1592
122429, 1593
122447, 1594
122484, 1595
122527, 1596
122544, 1597
122584, 1598
122625, 1599
122668, 1600
122684, 1601
122725, 1602
122751, 1603
122792, 1604
122810, 1605
122861, 1606
122888, 1607
122919, 1608
122958, 1609
123000, 1610
123014, 1611
123071, 1612
123099, 1613
123127, 1614
123153, 1615
123197, 1616
123212, 1617
123266, 1618
123293, 1619
123321, 1620
123365, 1621
123394, 1622
123418, 1623
123460, 1624
123490, 1625
123531, 1626
123560, 1627
123586, 1628
123627, 1629
123657, 1630
123700, 1631
123728, 1632
123754, 1633
123797, 1634
123823, 1635
123868, 1636
123902, 1637
123962, 1638
123990, 1639
124032, 1640
124048, 1641
124088, 1642
124128, 1643
124158, 1644
124196, 1645
124213, 1646
124268, 1647
124284, 1648
124325, 1649
124353, 1650
124394, 1651
124421, 1652
124465, 1653
124488, 1654
124532, 1655
124551, 1656
124602, 1657
124630, 1658
124647, 1659
124699, 1660
124717, 1661
124755, 1662
124817, 1663
124838, 1664
124876, 1665
124901, 1666
124928, 1667
124969, 1668
125011, 1669
125034, 1670
125063, 1671
125104, 1672
125131, 1673
125158, 1674
125200, 1675
125240, 1676
125256, 1677
125300, 1678
125339, 1679
125358, 1680
125409, 1681
125426, 1682
125466, 1683
125506, 1684
125523, 1685
125566, 1686
125603, 1687
125635, 1688
125673, 1689
125691, 1690
125731, 1691
125786, 1692
125814, 1693
125841, 1694
125882, 1695
125900, 1696
125939, 1697
125978, 1698
126007, 1699
126049, 1700
126068, 1701
126109, 1702
126147, 1703
126172, 1704
126213, 1705
126246, 1706
126284, 1707
126301, 1708
126342, 1709
126383, 1710
126402, 1711
126441, 1712
126479, 1713
126507, 1714
126550, 1715
126594, 1716
126619, 1717
126648, 1718
126691, 1719
126715, 1720
126759, 1721
126776, 1722
126828, 1723
126848, 1724
126883, 1725
126927, 1726
126954, 1727
126982, 1728
127025, 1729
127051, 1730
127081, 1731
127121, 1732
127151, 1733
127180, 1734
127221, 1735
127260, 1736
127276, 1737
127316, 1738
127359, 1739
127387, 1740
127414, 1741
127446, 1742
127511, 1743
127540, 1744
127567, 1745
127595, 1746
127612, 1747
127655, 1748
127680, 1749
127723, 1750
127749, 1751
127789, 1752
127817, 1753
127860, 1754
127875, 1755
127918, 1756
127958, 1757
127987, 1758
128012, 1759
128056, 1760
128084, 1761
128126, 1762
128152, 1763
128186, 1764
128220, 1765
128266, 1766
128291, 1767
128320, 1768
128392, 1769
128416, 1770
128458, 1771
128488, 1772
128527, 1773
128556, 1774
128598, 1775
128615, 1776
128667, 1777
128686, 1778
128723, 1779
128752, 1780
128792, 1781
128821, 1782
128862, 1783
128890, 1784
128930, 1785
128961, 1786
129000, 1787
129015, 1788
129072, 1789
129098, 1790
129125, 1791
129166, 1792
129184, 1793
129259, 1794
129276, 1795
129303, 1796
129344, 1797
129371, 1798
129408, 1799
129447, 1800
129474, 1801
129516, 1802
129534, 1803
129572, 1804
129612, 1805
129632, 1806
129683, 1807
129711, 1808
129738, 1809
129778, 1810
129808, 1811
129850, 1812
129878, 1813
129905, 1814
129936, 1815
129975, 1816
130004, 1817
130047, 1818
130073, 1819
130127, 1820
130155, 1821
130173, 1822
130211, 1823
130239, 1824
130283, 1825
130309, 1826
130337, 1827
130380, 1828
130399, 1829
130439, 1830
130477, 1831
130518, 1832
130536, 1833
130573, 1834
130617, 1835
130632, 1836
130671, 1837
130715, 1838
130741, 1839
130773, 1840
130812, 1841
130838, 1842
130880, 1843
130896, 1844
130952, 1845
130997, 1846
131020, 1847
131062, 1848
131089, 1849
131117, 1850
131158, 1851
131186, 1852
131229, 1853
131256, 1854
131286, 1855
131326, 1856
131356, 1857
131397, 1858
131424, 1859
131453, 1860
131495, 1861
131520, 1862
131564, 1863
131593, 1864
131617, 1865
131660, 1866
131688, 1867
131729, 1868
131747, 1869
131787, 1870
131830, 1871
131855, 1872
131907, 1873
131923, 1874
131962, 1875
132002, 1876
132030, 1877
132070, 1878
132096, 1879
132124, 1880
132165, 1881
132192, 1882
132232, 1883
132261, 1884
132300, 1885
132316, 1886
132359, 1887
132398, 1888
132415, 1889
132467, 1890
132483, 1891
132526, 1892
132565, 1893
132592, 1894
132634, 1895
132664, 1896
132692, 1897
132733, 1898
132760, 1899
132827, 1900
132850, 1901
132878, 1902
132902, 1903
132945, 1904
132971, 1905
133011, 1906
133028, 1907
133068, 1908
133108, 1909
133125, 1910
133178, 1911
133206, 1912
133234, 1913
133262, 1914
133305, 1915
133337, 1916
133373, 1917
133413, 1918
133431, 1919
133470, 1920
133499, 1921
133541, 1922
133567, 1923
133611, 1924
133627, 1925
133682, 1926
133723, 1927
133763, 1928
133790, 1929
133818, 1930
133860, 1931
133879, 1932
133929, 1933
133959, 1934
133987, 1935
134026, 1936
134055, 1937
134098, 1938
134125, 1939
134153, 1940
134193, 1941
134226, 1942
134261, 1943
134278, 1944
134320, 1945
134345, 1946
134390, 1947
134428, 1948
134457, 1949
134499, 1950
134528, 1951
134579, 1952
134599, 1953
134641, 1954
134670, 1955
134709, 1956
134738, 1957
134778, 1958
134796, 1959
134848, 1960
134874, 1961
134892, 1962
134946, 1963
134972, 1964
135000, 1965
135042, 1966
135084, 1967
135113, 1968
135140, 1969
135169, 1970
135209, 1971
135249, 1972
135266, 1973
135308, 1974
135336, 1975
135378, 1976
135405, 1977
135458, 1978
135474, 1979
135517, 1980
135544, 1981
135572, 1982
135601, 1983
135641, 1984
135670, 1985
135712, 1986
135740, 1987
135781, 1988
135813, 1989
135841, 1990
135880, 1991
135908, 1992
135949, 1993
135975, 1994
136013, 1995
136043, 1996
136084, 1997
136103, 1998
136148, 1999
136169, 2000
136223, 2001
136242, 2002
136283, 2003
136313, 2004
136357, 2005
136377, 2006
136418, 2007
136461, 2008
136490, 2009
136516, 2010
136559, 2011
136575, 2012
136618, 2013
136656, 2014
136674, 2015
136727, 2016
136754, 2017
136783, 2018
136826, 2019
136852, 2020
136871, 2021
136923, 2022
136951, 2023
136993, 2024
137019, 2025
137048, 2026
137076, 2027
137117, 2028
137159, 2029
137178, 2030
137257, 2031
137286, 2032
137312, 2033
137344, 2034
137379, 2035
137413, 2036
137439, 2037
137478, 2038
137507, 2039
137536, 2040
137589, 2041
137616, 2042
137644, 2043
137676, 2044
137715, 2045
137741, 2046
137772, 2047
137812, 2048
137841, 2049
137881, 2050
137899, 2051
137940, 2052
137980, 2053
138009, 2054
138050, 2055
138069, 2056
138109, 2057
138161, 2058
138189, 2059
138207, 2060
138257, 2061
138275, 2062
138315, 2063
138344, 2064
138385, 2065
138414, 2066
138457, 2067
138481, 2068
138524, 2069
138551, 2070
138577, 2071
138620, 2072
138649, 2073
138678, 2074
138719, 2075
138746, 2076
138789, 2077
138816, 2078
138845, 2079
138887, 2080
138914, 2081
138950, 2082
138986, 2083
139025, 2084
139056, 2085
139095, 2086
139124, 2087
139148, 2088
139204, 2089
139223, 2090
139260, 2091
139279, 2092
139330, 2093
139348, 2094
139403, 2095
139441, 2096
139467, 2097
139495, 2098
139525, 2099
139567, 2100
139595, 2101
139623, 2102
139665, 2103
139696, 2104
139721, 2105
139761, 2106
139793, 2107
139833, 2108
139860, 2109
139916, 2110
139947, 2111
139971, 2112
140010, 2113
140030, 2114
140082, 2115
140111, 2116
140136, 2117
140166, 2118
140209, 2119
140235, 2120
140267, 2121
140303, 2122
140334, 2123
140374, 2124
140392, 2125
140445, 2126
140471, 2127
140500, 2128
140541, 2129
140559, 2130
140600, 2131
140639, 2132
140668, 2133
140699, 2134
140750, 2135
140780, 2136
140810, 2137
140847, 2138
140891, 2139
140916, 2140
140944, 2141
140986, 2142
141004, 2143
141045, 2144
141084, 2145
141112, 2146
141151, 2147
141181, 2148
141223, 2149
141242, 2150
141282, 2151
141320, 2152
141349, 2153
141377, 2154
141418, 2155
141445, 2156
141491, 2157
141517, 2158
141543, 2159
141572, 2160
141641, 2161
141669, 2162
141685, 2163
141730, 2164
141768, 2165
141796, 2166
141837, 2167
141864, 2168
141894, 2169
141935, 2170
141955, 2171
142006, 2172
142035, 2173
142061, 2174
142103, 2175
142133, 2176
142157, 2177
142200, 2178
142229, 2179
142272, 2180
142296, 2181
142329, 2182
142365, 2183
142396, 2184
142456, 2185
142476, 2186
142516, 2187
142537, 2188
142590, 2189
142615, 2190
142642, 2191
142687, 2192
142715, 2193
142742, 2194
142781, 2195
142800, 2196
142854, 2197
142880, 2198
142909, 2199
142953, 2200
142980, 2201
143005, 2202
143048, 2203
143075, 2204
143120, 2205
143146, 2206
143173, 2207
143216, 2208
143233, 2209
143298, 2210
143327, 2211
143344, 2212
143383, 2213
143398, 2214
143454, 2215
143481, 2216
143500, 2217
143551, 2218
143578, 2219
143609, 2220
143648, 2221
143675, 2222
143715, 2223
143744, 2224
143787, 2225
143815, 2226
143843, 2227
143872, 2228
143913, 2229
143941, 2230
143984, 2231
144012, 2232
144037, 2233
144082, 2234
144131, 2235
144151, 2236
144191, 2237
144220, 2238
144260, 2239
144288, 2240
144319, 2241
144359, 2242
144384, 2243
144425, 2244
144444, 2245
144497, 2246
144522, 2247
144566, 2248
144595, 2249
144621, 2250
144663, 2251
144691, 2252
144718, 2253
144759, 2254
144775, 2255
144829, 2256
144843, 2257
144888, 2258
144917, 2259
144953, 2260
144998, 2261
145044, 2262
145069, 2263
145095, 2264
145133, 2265
145172, 2266
145197, 2267
145237, 2268
145265, 2269
145306, 2270
145332, 2271
145373, 2272
145394, 2273
145429, 2274
145470, 2275
145487, 2276
145540, 2277
145568, 2278
145596, 2279
145638, 2280
145668, 2281
145693, 2282
145737, 2283
145763, 2284
145805, 2285
145831, 2286
145874, 2287
145936, 2288
145959, 2289
145984, 2290
146025, 2291
146055, 2292
146097, 2293
146124, 2294
146165, 2295
146192, 2296
146222, 2297
146263, 2298
146282, 2299
146320, 2300
146361, 2301
146388, 2302
146434, 2303
146459, 2304
146485, 2305
146527, 2306
146559, 2307
146598, 2308
146627, 2309
146654, 2310
146696, 2311
146723, 2312
146766, 2313
146810, 2314
146835, 2315
146875, 2316
146907, 2317
146945, 2318
146965, 2319
147017, 2320
147042, 2321
147072, 2322
147111, 2323
147141, 2324
147182, 2325
147209, 2326
147240, 2327
147265, 2328
147318, 2329
147342, 2330
147384, 2331
147408, 2332
147450, 2333
147475, 2334
147506, 2335
147546, 2336
147573, 2337
147619, 2338
147641, 2339
147688, 2340
147727, 2341
147751, 2342
147783, 2343
147821, 2344
147849, 2345
147895, 2346
147919, 2347
147958, 2348
147983, 2349
148024, 2350
148049, 2351
148079, 2352
148118, 2353
148158, 2354
148186, 2355
148213, 2356
148255, 2357
148286, 2358
148325, 2359
148356, 2360
148380, 2361
148423, 2362
148461, 2363
148489, 2364
148517, 2365
148559, 2366
148587, 2367
148629, 2368
148646, 2369
148698, 2370
148718, 2371
148754, 2372
148796, 2373
148815, 2374
148852, 2375
148894, 2376
148921, 2377
148965, 2378
148994, 2379
149021, 2380
149062, 2381
149080, 2382
149130, 2383
149146, 2384
149187, 2385
149231, 2386
149258, 2387
149288, 2388
149338, 2389
149358, 2390
149397, 2391
149426, 2392
149453, 2393
149495, 2394
149521, 2395
149562, 2396
149593, 2397
149622, 2398
149661, 2399
149690, 2400
149732, 2401
149761, 2402
149799, 2403
149831, 2404
149854, 2405
149898, 2406
149926, 2407
149959, 2408
149995, 2409
150024, 2410
150064, 2411
150081, 2412
150135, 2413
150194, 2414
150217, 2415
150258, 2416
150288, 2417
150330, 2418
150355, 2419
150385, 2420
150428, 2421
150453, 2422
150493, 2423
150512, 2424
150564, 2425
150583, 2426
150622, 2427
150661, 2428
150692, 2429
150718, 2430
150760, 2431
150790, 2432
150817, 2433
150859, 2434
150887, 2435
150927, 2436
150977, 2437
150995, 2438
151037, 2439
151083, 2440
151112, 2441
151135, 2442
151176, 2443
151194, 2444
151245, 2445
151263, 2446
151303, 2447
151346, 2448
151372, 2449
151401, 2450
151443, 2451
151471, 2452
151511, 2453
151529, 2454
151568, 2455
151609, 2456
151627, 2457
151680, 2458
151707, 2459
151755, 2460
151776, 2461
151817, 2462
151847, 2463
151888, 2464
151917, 2465
151957, 2466
151983, 2467
152014, 2468
152055, 2469
152087, 2470
152123, 2471
152139, 2472
152193, 2473
152213, 2474
152254, 2475
152277, 2476
152317, 2477
152348, 2478
152389, 2479
152417, 2480
152444, 2481
152488, 2482
152514, 2483
152557, 2484
152576, 2485
152625, 2486
152641, 2487
152697, 2488
152724, 2489
152751, 2490
152793, 2491
152810, 2492
152851, 2493
152890, 2494
152917, 2495
152948, 2496
152988, 2497
153016, 2498
153058, 2499
153075, 2500
153127, 2501
153145, 2502
153184, 2503
153226, 2504
153254, 2505
153281, 2506
153324, 2507
153355, 2508
153377, 2509
153441, 2510
153459, 2511
153489, 2512
153531, 2513
153559, 2514
153587, 2515
153626, 2516
153656, 2517
153698, 2518
153726, 2519
153753, 2520
153795, 2521
153825, 2522
153865, 2523
153892, 2524
153935, 2525
153963, 2526
153994, 2527
154017, 2528
154060, 2529
154101, 2530
154116, 2531
154159, 2532
154200, 2533
154229, 2534
154256, 2535
154331, 2536
154351, 2537
154380, 2538
154420, 2539
154448, 2540
154477, 2541
154517, 2542
154550, 2543
154576, 2544
154614, 2545
154644, 2546
154684, 2547
154713, 2548
154754, 2549
154770, 2550
154811, 2551
154853, 2552
154870, 2553
154923, 2554
154949, 2555
154979, 2556
155022, 2557
155048, 2558
155079, 2559
155137, 2560
155159, 2561
155185, 2562
155227, 2563
155255, 2564
155286, 2565
155326, 2566
155354, 2567
155399, 2568
155426, 2569
155451, 2570
155492, 2571
155523, 2572
155561, 2573
155580, 2574
155620, 2575
155659, 2576
155687, 2577
155730, 2578
155750, 2579
155787, 2580
155826, 2581
155854, 2582
155898, 2583
155949, 2584
155965, 2585
156005, 2586
156032, 2587
156072, 2588
156113, 2589
156138, 2590
156164, 2591
156205, 2592
156234, 2593
156275, 2594
156301, 2595
156344, 2596
156361, 2597
156412, 2598
156431, 2599
156483, 2600
156509, 2601
156537, 2602
156580, 2603
156607, 2604
156625, 2605
156676, 2606
156694, 2607
156738, 2608
156777, 2609
156812, 2610
156830, 2611
156881, 2612
156901, 2613
156940, 2614
156969, 2615
157010, 2616
157039, 2617
157067, 2618
157108, 2619
157151, 2620
157177, 2621
157197, 2622
157247, 2623
157264, 2624
157302, 2625
157346, 2626
157373, 2627
157402, 2628
157443, 2629
157472, 2630
157499, 2631
157541, 2632
157569, 2633
157615, 2634
157656, 2635
157693, 2636
157722, 2637
157751, 2638
157793, 2639
157820, 2640
157850, 2641
157889, 2642
157932, 2643
157958, 2644
157985, 2645
158028, 2646
158048, 2647
158097, 2648
158125, 2649
158155, 2650
158196, 2651
158222, 2652
158249, 2653
158294, 2654
158317, 2655
158361, 2656
158391, 2657
158416, 2658
158459, 2659
158515, 2660
158530, 2661
158572, 2662
158599, 2663
158642, 2664
158668, 2665
158700, 2666
158735, 2667
158765, 2668
158808, 2669
158835, 2670
158865, 2671
158907, 2672
158933, 2673
158975, 2674
159002, 2675
159032, 2676
159072, 2677
159101, 2678
159142, 2679
159160, 2680
159198, 2681
159239, 2682
159288, 2683
159307, 2684
159349, 2685
159381, 2686
159420, 2687
159448, 2688
159490, 2689
159517, 2690
159545, 2691
159588, 2692
159615, 2693
159657, 2694
159686, 2695
159713, 2696
159755, 2697
159785, 2698
159810, 2699
159853, 2700
159892, 2701
159909, 2702
159949, 2703
159991, 2704
160020, 2705
160061, 2706
160096, 2707
160116, 2708
160159, 2709
160176, 2710
160227, 2711
160244, 2712
160297, 2713
160325, 2714
160354, 2715
160381, 2716
160423, 2717
160454, 2718
160492, 2719
160520, 2720
160551, 2721
160590, 2722
160632, 2723
160659, 2724
160677, 2725
160733, 2726
160757, 2727
160800, 2728
160827, 2729
160854, 2730
160916, 2731
160938, 2732
160964, 2733
161009, 2734
161032, 2735
161061, 2736
161102, 2737
161132, 2738
161174, 2739
161204, 2740
161229, 2741
161261, 2742
161299, 2743
161331, 2744
161370, 2745
161400, 2746
161439, 2747
161468, 2748
161493, 2749
161536, 2750
161565, 2751
161608, 2752
161633, 2753
161663, 2754
161689, 2755
161753, 2756
161771, 2757
161810, 2758
161835, 2759
161876, 2760
161902, 2761
161945, 2762
161970, 2763
162000, 2764
162036, 2765
162066, 2766
162106, 2767
162136, 2768
162177, 2769
162204, 2770
162236, 2771
162273, 2772
162300, 2773
162344, 2774
162371, 2775
162402, 2776
162441, 2777
162468, 2778
162501, 2779
162578, 2780
162597, 2781
162637, 2782
162666, 2783
162691, 2784
162734, 2785
162761, 2786
162803, 2787
162833, 2788
162858, 2789
162900, 2790
162927, 2791
162955, 2792
163000, 2793
163039, 2794
163066, 2795
163094, 2796
163135, 2797
163155, 2798
163207, 2799
163233, 2800
163261, 2801
163292, 2802
163332, 2803
163371, 2804
163412, 2805
163431, 2806
163470, 2807
163512, 2808
163540, 2809
163567, 2810
163610, 2811
163627, 2812
163681, 2813
163698, 2814
163735, 2815
163764, 2816
163803, 2817
163837, 2818
163875, 2819
163901, 2820
163944, 2821
163971, 2822
164001, 2823
164040, 2824
164059, 2825
164111, 2826
164137, 2827
164181, 2828
164221, 2829
164254, 2830
164294, 2831
164318, 2832
164349, 2833
164390, 2834
164418, 2835
164458, 2836
164479, 2837
164516, 2838
164557, 2839
164584, 2840
164627, 2841
164643, 2842
164686, 2843
164724, 2844
164742, 2845
164797, 2846
164820, 2847
164848, 2848
164891, 2849
164918, 2850
164961, 2851
165000, 2852
165019, 2853
165060, 2854
165100, 2855
165119, 2856
165170, 2857
165198, 2858
165216, 2859
165266, 2860
165285, 2861
165322, 2862
165364, 2863
165382, 2864
165423, 2865
165462, 2866
165480, 2867
165532, 2868
165559, 2869
165588, 2870
165628, 2871
165658, 2872
165689, 2873
165727, 2874
165757, 2875
165795, 2876
165814, 2877
165865, 2878
165893, 2879
165937, 2880
165977, 2881
165996, 2882
166036, 2883
166074, 2884
166103, 2885
166132, 2886
166173, 2887
166202, 2888
166229, 2889
166274, 2890
166314, 2891
166342, 2892
166367, 2893
166409, 2894
166426, 2895
166471, 2896
166504, 2897
166521, 2898
166575, 2899
166605, 2900
166633, 2901
166673, 2902
166738, 2903
166768, 2904
166789, 2905
166837, 2906
166866, 2907
166909, 2908
166937, 2909
166965, 2910
166996, 2911
167035, 2912
167063, 2913
167105, 2914
167133, 2915
167175, 2916
167193, 2917
167231, 2918
167273, 2919
167289, 2920
167330, 2921
167369, 2922
167399, 2923
167439, 2924
167468, 2925
167495, 2926
167559, 2927
167576, 2928
167621, 2929
167646, 2930
167664, 2931
167716, 2932
167745, 2933
167773, 2934
167813, 2935
167844, 2936
167882, 2937
167900, 2938
167940, 2939
167979, 2940
168011, 2941
168036, 2942
168078, 2943
168110, 2944
168148, 2945
168168, 2946
168219, 2947
168246, 2948
168274, 2949
168316, 2950
168335, 2951
168373, 2952
168433, 2953
168456, 2954
168481, 2955
168523, 2956
168540, 2957
168581, 2958
168620, 2959
168649, 2960
168678, 2961
168720, 2962
168748, 2963
168791, 2964
168820, 2965
168847, 2966
168886, 2967
168914, 2968
168957, 2969
168984, 2970
169011, 2971
169053, 2972
169084, 2973
169124, 2974
169141, 2975
169194, 2976
169220, 2977
169238, 2978
169312, 2979
169332, 2980
169371, 2981
169391, 2982
169441, 2983
169460, 2984
169496, 2985
169529, 2986
169568, 2987
169610, 2988
169627, 2989
169665, 2990
169709, 2991
169735, 2992
169763, 2993
169806, 2994
169823, 2995
169865, 2996
169903, 2997
169921, 2998
169973, 2999
170000, 3000
170020, 3001
170069, 3002
170098, 3003
170141, 3004
170169, 3005
170207, 3006
170226, 3007
170281, 3008
170307, 3009
170335, 3010
170375, 3011
170391, 3012
170447, 3013
170473, 3014
170503, 3015
170544, 3016
170575, 3017
170598, 3018
170641, 3019
170686, 3020
170714, 3021
170739, 3022
170777, 3023
170794, 3024
170850, 3025
170878, 3026
170907, 3027
170933, 3028
170976, 3029
171004, 3030
171034, 3031
171109, 3032
171137, 3033
171162, 3034
171201, 3035
171217, 3036
171258, 3037
171299, 3038
171325, 3039
171365, 3040
171383, 3041
171435, 3042
171461, 3043
171489, 3044
171532, 3045
171560, 3046
171601, 3047
171629, 3048
171657, 3049
171700, 3050
171727, 3051
171757, 3052
171796, 3053
171826, 3054
171866, 3055
171886, 3056
171954, 3057
171975, 3058
171992, 3059
172032, 3060
172073, 3061
172101, 3062
172128, 3063
172172, 3064
172200, 3065
172241, 3066
172260, 3067
172299, 3068
172327, 3069
172377, 3070
172394, 3071
172434, 3072
172474, 3073
172497, 3074
172540, 3075
172563, 3076
172607, 3077
172635, 3078
172673, 3079
172691, 3080
172743, 3081
172779, 3082
172812, 3083
172852, 3084
172883, 3085
172923, 3086
172941, 3087
172992, 3088
173020, 3089
173036, 3090
173090, 3091
173108, 3092
173158, 3093
173182, 3094
173225, 3095
173248, 3096
173289, 3097
173315, 3098
173359, 3099
173385, 3100
173424, 3101
173453, 3102
173480, 3103
173523, 3104
173550, 3105
173582, 3106
173619, 3107
173667, 3108
173688, 3109
173721, 3110
173759, 3111
173787, 3112
173812, 3113
173853, 3114
173884, 3115
173926, 3116
173954, 3117
173981, 3118
174022, 3119
174053, 3120
174093, 3121
174110, 3122
174162, 3123
174180, 3124
174219, 3125
174259, 3126
174275, 3127
174320, 3128
174358, 3129
174384, 3130
174416, 3131
174456, 3132
174483, 3133
174524, 3134
174562, 3135
174601, 3136
174628, 3137
174669, 3138
174695, 3139
174736, 3140
174754, 3141
174805, 3142
174831, 3143
174859, 3144
174902, 3145
174930, 3146
174958, 3147
174999, 3148
175028, 3149
175054, 3150
175097, 3151
175135, 3152
175155, 3153
175207, 3154
175235, 3155
175254, 3156
175304, 3157
175332, 3158
175357, 3159
175399, 3160
175477, 3161
175493, 3162
175532, 3163
175558, 3164
175599, 3165
175626, 3166
175657, 3167
175694, 3168
175723, 3169
175765, 3170
175790, 3171
175832, 3172
175862, 3173
175892, 3174
175930, 3175
175958, 3176
175993, 3177
176031, 3178
176055, 3179
176098, 3180
176128, 3181
176166, 3182
176183, 3183
176237, 3184
176257, 3185
176292, 3186
176334, 3187
176374, 3188
176392, 3189
176433, 3190
176459, 3191
176502, 3192
176532, 3193
176557, 3194
176598, 3195
176626, 3196
176670, 3197
176698, 3198
176724, 3199
176766, 3200
176797, 3201
176837, 3202
176862, 3203
176906, 3204
176934, 3205
176952, 3206
177002, 3207
177033, 3208
177061, 3209
177100, 3210
177128, 3211
177195, 3212
177217, 3213
177241, 3214
177284, 3215
177310, 3216
177339, 3217
177381, 3218
177408, 3219
177451, 3220
177475, 3221
177517, 3222
177535, 3223
177574, 3224
177615, 3225
177643, 3226
177688, 3227
177711, 3228
177740, 3229
177783, 3230
177811, 3231
177851, 3232
177869, 3233
177911, 3234
177950, 3235
177978, 3236
178005, 3237
178060, 3238
178075, 3239
178118, 3240
178146, 3241
178174, 3242
178215, 3243
178241, 3244
178284, 3245
178301, 3246
178356, 3247
178383, 3248
178409, 3249
178437, 3250
178477, 3251
178520, 3252
178540, 3253
178577, 3254
178619, 3255
178646, 3256
178674, 3257
178719, 3258
178744, 3259
178785, 3260
178799, 3261
178842, 3262
178883, 3263
178900, 3264
178967, 3265
178984, 3266
179024, 3267
179051, 3268
179079, 3269
179121, 3270
179151, 3271
179189, 3272
179207, 3273
179257, 3274
179276, 3275
179316, 3276
179358, 3277
179386, 3278
179415, 3279
179454, 3280
179482, 3281
179524, 3282
179542, 3283
179580, 3284
179625, 3285
179649, 3286
179676, 3287
179720, 3288
179749, 3289
179789, 3290
179819, 3291
179881, 3292
179902, 3293
179945, 3294
179983, 3295
180011, 3296
180053, 3297
180080, 3298
180105, 3299
180148, 3300
180177, 3301
180218, 3302
180235, 3303
180278, 3304
180303, 3305
180359, 3306
180383, 3307
180401, 3308
180453, 3309
180482, 3310
180510, 3311
180536, 3312
180581, 3313
180608, 3314
180651, 3315
180679, 3316
180726, 3317
180747, 3318
180789, 3319
180820, 3320
180859, 3321
180900, 3322
180927, 3323
180944, 3324
180998, 3325
181026, 3326
181055, 3327
181095, 3328
181125, 3329
181167, 3330
181195, 3331
181223, 3332
181262, 3333
181293, 3334
181320, 3335
181366, 3336
181389, 3337
181429, 3338
181445, 3339
181489, 3340
181530, 3341
181558, 3342
181598, 3343
181622, 3344
181677, 3345
181706, 3346
181724, 3347
181775, 3348
181799, 3349
181829, 3350
181868, 3351
181907, 3352
181924, 3353
181965, 3354
182001, 3355
182027, 3356
182070, 3357
182099, 3358
182139, 3359
182157, 3360
182197, 3361
182225, 3362
182263, 3363
182307, 3364
182337, 3365
182362, 3366
182426, 3367
182448, 3368
182489, 3369
182516, 3370
182544, 3371
182586, 3372
182615, 3373
182639, 3374
182681, 3375
182723, 3376
182743, 3377
182779, 3378
182820, 3379
182849, 3380
182879, 3381
182919, 3382
182947, 3383
182989, 3384
183017, 3385
183044, 3386
183085, 3387
183116, 3388
183155, 3389
183183, 3390
183227, 3391
183272, 3392
183294, 3393
183324, 3394
183365, 3395
183391, 3396
183433, 3397
183462, 3398
183490, 3399
183518, 3400
183559, 3401
183601, 3402
183631, 3403
183656, 3404
183698, 3405
183726, 3406
183769, 3407
183787, 3408
183839, 3409
183856, 3410
183893, 3411
183923, 3412
183965, 3413
183993, 3414
184035, 3415
184060, 3416
184091, 3417
184155, 3418
184170, 3419
184195, 3420
184235, 3421
184260, 3422
184301, 3423
184327, 3424
184358, 3425
184395, 3426
184439, 3427
184465, 3428
184496, 3429
184533, 3430
184561, 3431
184591, 3432
184631, 3433
184660, 3434
184701, 3435
184720, 3436
184760, 3437
184799, 3438
184827, 3439
184869, 3440
184886, 3441
184953, 3442
184971, 3443
184995, 3444
185035, 3445
185053, 3446
185106, 3447
185122, 3448
185162, 3449
185190, 3450
185234, 3451
185261, 3452
185302, 3453
185320, 3454
185361, 3455
185398, 3456
185427, 3457
185467, 3458
185483, 3459
185541, 3460
185566, 3461
185593, 3462
185634, 3463
185652, 3464
185695, 3465
185734, 3466
185761, 3467
185816, 3468
185842, 3469
185859, 3470
185902, 3471
185940, 3472
185957, 3473
186010, 3474
186028, 3475
186066, 3476
186108, 3477
186137, 3478
186164, 3479
186206, 3480
186224, 3481
186275, 3482
186293, 3483
186344, 3484
186362, 3485
186401, 3486
186443, 3487
186472, 3488
186500, 3489
186528, 3490
186572, 3491
186596, 3492
186654, 3493
186676, 3494
186706, 3495
186734, 3496
186777, 3497
186804, 3498
186848, 3499
186875, 3500
186902, 3501
186943, 3502
186969, 3503
187013, 3504
187032, 3505
187070, 3506
187110, 3507
187126, 3508
187180, 3509
187198, 3510
187236, 3511
187279, 3512
187306, 3513
187347, 3514
187363, 3515
187409, 3516
187431, 3517
187494, 3518
187511, 3519
187554, 3520
187572, 3521
187610, 3522
187652, 3523
187670, 3524
187709, 3525
187754, 3526
187778, 3527
187819, 3528
187847, 3529
187865, 3530
187916, 3531
187946, 3532
187975, 3533
188015, 3534
188045, 3535
188084, 3536
188104, 3537
188154, 3538
188172, 3539
188213, 3540
188251, 3541
188268, 3542
188321, 3543
188377, 3544
188405, 3545
188449, 3546
188475, 3547
188516, 3548
188534, 3549
188585, 3550
188611, 3551
188640, 3552
188682, 3553
188711, 3554
188740, 3555
188782, 3556
188808, 3557
188835, 3558
188875, 3559
188920, 3560
188947, 3561
188964, 3562
189020, 3563
189045, 3564
189085, 3565
189117, 3566
189142, 3567
189199, 3568
189214, 3569
189251, 3570
189279, 3571
189322, 3572
189352, 3573
189393, 3574
189420, 3575
189452, 3576
189477, 3577
189516, 3578
189557, 3579
189575, 3580
189616, 3581
189657, 3582
189687, 3583
189713, 3584
189755, 3585
189786, 3586
189825, 3587
189853, 3588
189879, 3589
189921, 3590
189962, 3591
189999, 3592
190017, 3593
190061, 3594
190087, 3595
190133, 3596
190159, 3597
190200, 3598
190226, 3599
190245, 3600
190297, 3601
190323, 3602
190362, 3603
190390, 3604
190419, 3605
190456, 3606
190495, 3607
190524, 3608
190552, 3609
190591, 3610
190620, 3611
190659, 3612
190690, 3613
190733, 3614
190759, 3615
190786, 3616
190829, 3617
190870, 3618
190898, 3619
190936, 3620
190954, 3621
191006, 3622
191022, 3623
191065, 3624
191105, 3625
191121, 3626
191174, 3627
191190, 3628
191233, 3629
191275, 3630
191302, 3631
191328, 3632
191368, 3633
191397, 3634
191438, 3635
191468, 3636
191484, 3637
191537, 3638
191555, 3639
191605, 3640
191634, 3641
191665, 3642
191707, 3643
191733, 3644
191788, 3645
191806, 3646
191831, 3647
191873, 3648
191901, 3649
191926, 3650
191969, 3651
192000, 3652
192026, 3653
192065, 3654
192108, 3655
192126, 3656
192167, 3657
192203, 3658
192222, 3659
192277, 3660
192302, 3661
192328, 3662
192369, 3663
192400, 3664
192430, 3665
192469, 3666
192497, 3667
192538, 3668
192554, 3669
192596, 3670
192679, 3671
192697, 3672
192736, 3673
192762, 3674
192791, 3675
192834, 3676
192860, 3677
192901, 3678
192918, 3679
192971, 3680
192998, 3681
193027, 3682
193068, 3683
193083, 3684
193124, 3685
193167, 3686
193195, 3687
193221, 3688
193266, 3689
193292, 3690
193332, 3691
193361, 3692
193400, 3693
193417, 3694
193460, 3695
193521, 3696
193538, 3697
193566, 3698
193609, 3699
193625, 3700
193667, 3701
193709, 3702
193736, 3703
193778, 3704
193795, 3705
193836, 3706
193875, 3707
193895, 3708
193945, 3709
193960, 3710
194001, 3711
194043, 3712
194060, 3713
194101, 3714
194141, 3715
194170, 3716
194212, 3717
194228, 3718
194268, 3719
194309, 3720
194327, 3721
194377, 3722
194393, 3723
194434, 3724
194479, 3725
194516, 3726
194531, 3727
194575, 3728
194605, 3729
194642, 3730
194670, 3731
194712, 3732
194741, 3733
194772, 3734
194811, 3735
194839, 3736
194881, 3737
194896, 3738
194937, 3739
194979, 3740
194994, 3741
195037, 3742
195076, 3743
195104, 3744
195145, 3745
195174, 3746
195201, 3747
195243, 3748
195272, 3749
195313, 3750
195328, 3751
195371, 3752
195410, 3753
195439, 3754
195479, 3755
195494, 3756
195536, 3757
195577, 3758
195604, 3759
195647, 3760
195662, 3761
195705, 3762
195744, 3763
195773, 3764
195802, 3765
195842, 3766
195871, 3767
195901, 3768
195940, 3769
195968, 3770
196010, 3771
196039, 3772
196079, 3773
196095, 3774
196137, 3775
196177, 3776
196205, 3777
196247, 3778
196261, 3779
196303, 3780
196345, 3781
196373, 3782
196406, 3783
196452, 3784
196469, 3785
196500, 3786
196541, 3787
196568, 3788
196609, 3789
196637, 3790
196679, 3791
196707, 3792
196735, 3793
196777, 3794
196805, 3795
196845, 3796
196861, 3797
196903, 3798
196942, 3799
196972, 3800
197013, 3801
197041, 3802
197069, 3803
197111, 3804
197139, 3805
197168, 3806
197209, 3807
197236, 3808
197278, 3809
197307, 3810
197337, 3811
197376, 3812
197404, 3813
197444, 3814
197472, 3815
197503, 3816
197540, 3817
197570, 3818
197612, 3819
197640, 3820
197669, 3821
197711, 3822
197738, 3823
197768, 3824
197808, 3825
197837, 3826
197877, 3827
197906, 3828
197935, 3829
197975, 3830
198004, 3831
198045, 3832
198073, 3833
198102, 3834
198142, 3835
198170, 3836
198212, 3837
198241, 3838
198268, 3839
198311, 3840
198337, 3841
198380, 3842
198430, 3843
198451, 3844
198468, 3845
198506, 3846
198547, 3847
198575, 3848
198614, 3849
198644, 3850
198684, 3851
198712, 3852
198753, 3853
198768, 3854
198810, 3855
198852, 3856
198867, 3857
198908, 3858
198948, 3859
198976, 3860
199018, 3861
199033, 3862
199075, 3863
199116, 3864
199145, 3865
199174, 3866
199213, 3867
199242, 3868
199283, 3869
199299, 3870
199341, 3871
199381, 3872
199408, 3873
199451, 3874
199466, 3875
199508, 3876
199547, 3877
199575, 3878
199617, 3879
199634, 3880
199675, 3881
199715, 3882
199742, 3883
199784, 3884
199800, 3885
199843, 3886
199882, 3887
199898, 3888
199949, 3889
199978, 3890
200009, 3891
200049, 3892
200076, 3893
200118, 3894
200135, 3895
200175, 3896
200214, 3897
200243, 3898
200273, 3899
200313, 3900
200340, 3901
200401, 3902
200413, 3903
200450, 3904
200480, 3905
200520, 3906
200549, 3907
200578, 3908
200618, 3909
200647, 3910
200687, 3911
200715, 3912
200758, 3913
200772, 3914
200813, 3915
200855, 3916
200871, 3917
200924, 3918
200941, 3919
200982, 3920
201022, 3921
201053, 3922
201081, 3923
201120, 3924
201146, 3925
201188, 3926
201205, 3927
201257, 3928
201272, 3929
201315, 3930
201355, 3931
201384, 3932
201413, 3933
201453, 3934
201481, 3935
201523, 3936
201551, 3937
201581, 3938
201621, 3939
201650, 3940
201680, 3941
201718, 3942
201747, 3943
201788, 3944
201817, 3945
201845, 3946
201886, 3947
201915, 3948
201957, 3949
201971, 3950
202014, 3951
202052, 3952
202080, 3953
202122, 3954
202138, 3955
202179, 3956
202219, 3957
202247, 3958
202290, 3959
202318, 3960
202346, 3961
202387, 3962
202419, 3963
202468, 3964
202485, 3965
202515, 3966
202555, 3967
202584, 3968
202612, 3969
202653, 3970
202682, 3971
202720, 3972
202748, 3973
202779, 3974
202817, 3975
202846, 3976
202887, 3977
202916, 3978
202947, 3979
202985, 3980
203014, 3981
203056, 3982
203084, 3983
203113, 3984
203154, 3985
203182, 3986
203209, 3987
203250, 3988
203280, 3989
203318, 3990
203348, 3991
203389, 3992
203418, 3993
203448, 3994
203488, 3995
203515, 3996
203557, 3997
203573, 3998
203614, 3999
203654, 4000
203684, 4001
203715, 4002
203751, 4003
203781, 4004
203820, 4005
203838, 4006
203889, 4007
203917, 4008
203947, 4009
203988, 4010
204018, 4011
204047, 4012
204086, 4013
204114, 4014
204156, 4015
204184, 4016
204226, 4017
204241, 4018
204285, 4019
204323, 4020
204342, 4021
204403, 4022
204421, 4023
204450, 4024
204489, 4025
204517, 4026
204559, 4027
204586, 4028
204628, 4029
204655, 4030
204697, 4031
204712, 4032
204754, 4033
204795, 4034
204811, 4035
204864, 4036
204881, 4037
204921, 4038
204960, 4039
204989, 4040
205017, 4041
205059, 4042
205087, 4043
205117, 4044
205157, 4045
205186, 4046
205227, 4047
205255, 4048
205285, 4049
205324, 4050
205354, 4051
205394, 4052
205409, 4053
205463, 4054
205480, 4055
205520, 4056
205561, 4057
205589, 4058
205631, 4059
205645, 4060
205686, 4061
205729, 4062
205743, 4063
205787, 4064
205826, 4065
205855, 4066
205896, 4067
205912, 4068
205952, 4069
205993, 4070
206022, 4071
206052, 4072
206091, 4073
206119, 4074
206161, 4075
206189, 4076
206230, 4077
206255, 4078
206302, 4079
206318, 4080
206356, 4081
206397, 4082
206412, 4083
206454, 4084
206495, 4085
206511, 4086
206563, 4087
206579, 4088
206620, 4089
206662, 4090
206689, 4091
206719, 4092
206759, 4093
206787, 4094
206829, 4095
206844, 4096
206886, 4097
206927, 4098
206955, 4099
206986, 4100
207023, 4101
207064, 4102
207081, 4103
207121, 4104
207161, 4105
207190, 4106
207218, 4107
207260, 4108
207288, 4109
207331, 4110
207346, 4111
207388, 4112
207429, 4113
207456, 4114
207497, 4115
207513, 4116
207554, 4117
207595, 4118
207610, 4119
207652, 4120
207693, 4121
207721, 4122
207762, 4123
207790, 4124
207819, 4125
207860, 4126
207888, 4127
207930, 4128
207945, 4129
207989, 4130
208026, 4131
208055, 4132
208096, 4133
208113, 4134
208157, 4135
208203, 4136
208220, 4137
208251, 4138
208290, 4139
208318, 4140
208360, 4141
208387, 4142
208430, 4143
208446, 4144
208487, 4145
208526, 4146
208554, 4147
208595, 4148
208625, 4149
208654, 4150
208694, 4151
208711, 4152
208762, 4153
208779, 4154
208831, 4155
208846, 4156
208888, 4157
208930, 4158
208946, 4159
208987, 4160
209028, 4161
209056, 4162
209086, 4163
209127, 4164
209153, 4165
209195, 4166
209224, 4167
209264, 4168
209281, 4169
209320, 4170
209362, 4171
209391, 4172
209420, 4173
209460, 4174
209488, 4175
209530, 4176
209559, 4177
209587, 4178
209628, 4179
209655, 4180
209698, 4181
209713, 4182
209754, 4183
209795, 4184
209811, 4185
209851, 4186
209891, 4187
209919, 4188
209961, 4189
209989, 4190
210019, 4191
210062, 4192
210100, 4193
210115, 4194
210156, 4195
210185, 4196
210225, 4197
210253, 4198
210294, 4199
210323, 4200
210365, 4201
210379, 4202
210421, 4203
210462, 4204
210490, 4205
210519, 4206
210560, 4207
210588, 4208
210620, 4209
210656, 4210
210699, 4211
210725, 4212
210753, 4213
210795, 4214
210812, 4215
210853, 4216
210892, 4217
210919, 4218
210961, 4219
210989, 4220
211019, 4221
211061, 4222
211089, 4223
211119, 4224
211157, 4225
211186, 4226
211228, 4227
211256, 4228
211285, 4229
211327, 4230
211355, 4231
211395, 4232
211410, 4233
211452, 4234
211492, 4235
211520, 4236
211562, 4237
211591, 4238
211620, 4239
211660, 4240
211688, 4241
211718, 4242
211758, 4243
211786, 4244
211828, 4245
211855, 4246
211898, 4247
211913, 4248
211952, 4249
211993, 4250
212025, 4251
212074, 4252
212091, 4253
212121, 4254
212162, 4255
212176, 4256
212220, 4257
212257, 4258
212287, 4259
212329, 4260
212344, 4261
212386, 4262
212424, 4263
212465, 4264
212482, 4265
212522, 4266
212552, 4267
212590, 4268
212619, 4269
212661, 4270
212676, 4271
212717, 4272
212759, 4273
212788, 4274
212829, 4275
212844, 4276
212886, 4277
212927, 4278
212955, 4279
212996, 4280
213011, 4281
213053, 4282
213093, 4283
213121, 4284
213162, 4285
213191, 4286
213221, 4287
213261, 4288
213289, 4289
213319, 4290
213359, 4291
213387, 4292
213429, 4293
213443, 4294
213486, 4295
213526, 4296
213555, 4297
213594, 4298
213611, 4299
213653, 4300
213691, 4301
213721, 4302
213762, 4303
213791, 4304
213819, 4305
213860, 4306
213889, 4307
213917, 4308
213958, 4309
213986, 4310
214027, 4311
214047, 4312
214098, 4313
214125, 4314
214152, 4315
214193, 4316
214221, 4317
214262, 4318
214291, 4319
214319, 4320
214360, 4321
214388, 4322
214429, 4323
214458, 4324
214486, 4325
214527, 4326
214557, 4327
214585, 4328
214625, 4329
214653, 4330
214693, 4331
214722, 4332
214761, 4333
214790, 4334
214819, 4335
214861, 4336
214890, 4337
214919, 4338
214959, 4339
214987, 4340
215028, 4341
215058, 4342
215085, 4343
215126, 4344
215155, 4345
215196, 4346
215212, 4347
215251, 4348
215291, 4349
215323, 4350
215362, 4351
215391, 4352
215420, 4353
215460, 4354
215487, 4355
215530, 4356
215545, 4357
215586, 4358
215628, 4359
215644, 4360
215697, 4361
215725, 4362
215752, 4363
215794, 4364
215822, 4365
215862, 4366
215892, 4367
215920, 4368
215962, 4369
215990, 4370
216020, 4371
216061, 4372
216101, 4373
216115, 4374
216155, 4375
216197, 4376
216212, 4377
216254, 4378
216295, 4379
216324, 4380
216351, 4381
216392, 4382
216421, 4383
216461, 4384
216491, 4385
216520, 4386
216559, 4387
216588, 4388
216630, 4389
216648, 4390
216686, 4391
216725, 4392
216768, 4393
216784, 4394
216823, 4395
216864, 4396
216881, 4397
216923, 4398
216963, 4399
216988, 4400
217017, 4401
217059, 4402
217087, 4403
217130, 4404
217144, 4405
217185, 4406
217227, 4407
217257, 4408
217286, 4409
217324, 4410
217353, 4411
217394, 4412
217410, 4413
217452, 4414
217492, 4415
217520, 4416
217561, 4417
217590, 4418
217619, 4419
217659, 4420
217688, 4421
217729, 4422
217744, 4423
217787, 4424
217826, 4425
217854, 4426
217895, 4427
217911, 4428
217952, 4429
217994, 4430
218023, 4431
218051, 4432
218099, 4433
218133, 4434
218150, 4435
218191, 4436
218218, 4437
218260, 4438
218289, 4439
218328, 4440
218355, 4441
218395, 4442
218424, 4443
218453, 4444
218493, 4445
218522, 4446
218562, 4447
218591, 4448
218620, 4449
218660, 4450
218690, 4451
218719, 4452
218758, 4453
218791, 4454
218827, 4455
218857, 4456
218887, 4457
218927, 4458
218954, 4459
218996, 4460
219022, 4461
219064, 4462
219079, 4463
219120, 4464
219162, 4465
219190, 4466
219220, 4467
219259, 4468
219287, 4469
219318, 4470
219358, 4471
219387, 4472
219427, 4473
219456, 4474
219496, 4475
219513, 4476
219554, 4477
219592, 4478
219621, 4479
219651, 4480
219691, 4481
219721, 4482
219761, 4483
219790, 4484
219818, 4485
219859, 4486
219888, 4487
219929, 4488
219958, 4489
219986, 4490
220028, 4491
220044, 4492
220097, 4493
220113, 4494
220175, 4495
220191, 4496
220223, 4497
220264, 4498
220279, 4499
220319, 4500
220361, 4501
220389, 4502
220418, 4503
220456, 4504
220487, 4505
220526, 4506
220555, 4507
220595, 4508
220611, 4509
220653, 4510
220692, 4511
220721, 4512
220752, 4513
220791, 4514
220821, 4515
220860, 4516
220890, 4517
220919, 4518
220958, 4519
220988, 4520
221029, 4521
221045, 4522
221087, 4523
221128, 4524
221154, 4525
221195, 4526
221223, 4527
221251, 4528
221293, 4529
221322, 4530
221363, 4531
221378, 4532
221419, 4533
221460, 4534
221488, 4535
221518, 4536
221558, 4537
221586, 4538
221628, 4539
221643, 4540
221699, 4541
221713, 4542
221753, 4543
221793, 4544
221822, 4545
221851, 4546
221893, 4547
221921, 4548
221962, 4549
221990, 4550
222019, 4551
222060, 4552
222089, 4553
222122, 4554
222170, 4555
222188, 4556
222229, 4557
222256, 4558
222297, 4559
222311, 4560
222354, 4561
222393, 4562
222421, 4563
222462, 4564
222492, 4565
222520, 4566
222560, 4567
222577, 4568
222630, 4569
222656, 4570
222686, 4571
222727, 4572
222754, 4573
222796, 4574
222811, 4575
222856, 4576
222891, 4577
222921, 4578
222963, 4579
222991, 4580
223019, 4581
223061, 4582
223089, 4583
223118, 4584
223159, 4585
223188, 4586
223229, 4587
223246, 4588
223286, 4589
223325, 4590
223352, 4591
223393, 4592
223422, 4593
223453, 4594
223492, 4595
223520, 4596
223561, 4597
223577, 4598
223619, 4599
223659, 4600
223687, 4601
223730, 4602
223744, 4603
223788, 4604
223824, 4605
223853, 4606
223895, 4607
223923, 4608
223953, 4609
223992, 4610
224022, 4611
224051, 4612
224092, 4613
224119, 4614
224164, 4615
224202, 4616
224216, 4617
224258, 4618
224301, 4619
224327, 4620
224355, 4621
224396, 4622
224426, 4623
224466, 4624
224493, 4625
224535, 4626
224552, 4627
224592, 4628
224633, 4629
224662, 4630
224692, 4631
224731, 4632
224760, 4633
224790, 4634
224829, 4635
224859, 4636
224898, 4637
224927, 4638
224958, 4639
224996, 4640
225025, 4641
225066, 4642
225095, 4643
225123, 4644
225163, 4645
225191, 4646
225233, 4647
225248, 4648
225295, 4649
225323, 4650
225365, 4651
225395, 4652
225423, 4653
225463, 4654
225492, 4655
225534, 4656
225550, 4657
225591, 4658
225633, 4659
225662, 4660
225690, 4661
225733, 4662
225762, 4663
225791, 4664
225829, 4665
225858, 4666
225901, 4667
225918, 4668
225969, 4669
225983, 4670
226025, 4671
226067, 4672
226093, 4673
226135, 4674
226150, 4675
226195, 4676
226244, 4677
226261, 4678
226299, 4679
226329, 4680
226358, 4681
226400, 4682
226429, 4683
226460, 4684
226498, 4685
226526, 4686
226556, 4687
226595, 4688
226624, 4689
226665, 4690
226693, 4691
226735, 4692
226753, 4693
226791, 4694
226832, 4695
226861, 4696
226893, 4697
226930, 4698
226958, 4699
226999, 4700
227015, 4701
227059, 4702
227095, 4703
227125, 4704
227165, 4705
227193, 4706
227235, 4707
227252, 4708
227293, 4709
227333, 4710
227362, 4711
227391, 4712
227432, 4713
227460, 4714
227501, 4715
227518, 4716
227559, 4717
227599, 4718
227626, 4719
227669, 4720
227684, 4721
227725, 4722
227765, 4723
227795, 4724
227836, 4725
227851, 4726
227892, 4727
227934, 4728
227962, 4729
228004, 4730
228020, 4731
228060, 4732
228102, 4733
228128, 4734
228157, 4735
228197, 4736
228232, 4737
228266, 4738
228293, 4739
228324, 4740
228364, 4741
228395, 4742
228433, 4743
228462, 4744
228490, 4745
228531, 4746
228560, 4747
228602, 4748
228619, 4749
228659, 4750
228698, 4751
228727, 4752
228758, 4753
228795, 4754
228823, 4755
228865, 4756
228894, 4757
228935, 4758
228950, 4759
228991, 4760
229032, 4761
229061, 4762
229102, 4763
229118, 4764
229159, 4765
229200, 4766
229228, 4767
229269, 4768
229286, 4769
229324, 4770
229366, 4771
229395, 4772
229425, 4773
229465, 4774
229494, 4775
229535, 4776
229551, 4777
229591, 4778
229632, 4779
229660, 4780
229691, 4781
229730, 4782
229758, 4783
229799, 4784
229828, 4785
229869, 4786
229884, 4787
229924, 4788
229965, 4789
229994, 4790
230024, 4791
230064, 4792
230093, 4793
230134, 4794
230163, 4795
230204, 4796
230222, 4797
230314, 4798
230332, 4799
230371, 4800
230388, 4801
230439, 4802
230466, 4803
230495, 4804
230536, 4805
230564, 4806
230606, 4807
230634, 4808
230662, 4809
230703, 4810
230731, 4811
230772, 4812
230787, 4813
230830, 4814
230869, 4815
230898, 4816
230938, 4817
230968, 4818
230995, 4819
231037, 4820
231065, 4821
231096, 4822
231135, 4823
231182, 4824
231203, 4825
231232, 4826
231271, 4827
231300, 4828
231342, 4829
231356, 4830
231398, 4831
231440, 4832
231468, 4833
231495, 4834
231536, 4835
231565, 4836
231608, 4837
231622, 4838
231665, 4839
231706, 4840
231733, 4841
231763, 4842
231803, 4843
231831, 4844
231862, 4845
231901, 4846
231929, 4847
231970, 4848
231998, 4849
232055, 4850
232070, 4851
232107, 4852
232136, 4853
232178, 4854
232193, 4855
232234, 4856
232277, 4857
232305, 4858
232333, 4859
232374, 4860
232403, 4861
232444, 4862
232470, 4863
232499, 4864
232540, 4865
232569, 4866
232611, 4867
232626, 4868
232668, 4869
232708, 4870
232736, 4871
232765, 4872
232805, 4873
232834, 4874
232876, 4875
232908, 4876
232931, 4877
232970, 4878
233000, 4879
233041, 4880
233057, 4881
233111, 4882
233126, 4883
233166, 4884
233208, 4885
233237, 4886
233266, 4887
233306, 4888
233335, 4889
233375, 4890
233404, 4891
233433, 4892
233475, 4893
233491, 4894
233544, 4895
233561, 4896
233600, 4897
233639, 4898
233668, 4899
233709, 4900
233740, 4901
233752, 4902
233807, 4903
233835, 4904
233876, 4905
233893, 4906
233934, 4907
233976, 4908
234003, 4909
234045, 4910
234061, 4911
234101, 4912
234140, 4913
234168, 4914
234211, 4915
234227, 4916
234268, 4917
234309, 4918
234337, 4919
234365, 4920
234408, 4921
234436, 4922
234465, 4923
234505, 4924
234537, 4925
234586, 4926
234602, 4927
234643, 4928
234659, 4929
234700, 4930
234739, 4931
234768, 4932
234810, 4933
234839, 4934
234868, 4935
234909, 4936
234937, 4937
234977, 4938
234993, 4939
235034, 4940
235077, 4941
235104, 4942
235134, 4943
235175, 4944
235202, 4945
235241, 4946
235269, 4947
235311, 4948
235327, 4949
235395, 4950
235411, 4951
235438, 4952
235479, 4953
235494, 4954
235536, 4955
235576, 4956
235604, 4957
235646, 4958
235663, 4959
235715, 4960
235732, 4961
235769, 4962
235811, 4963
235840, 4964
235882, 4965
235897, 4966
235938, 4967
235967, 4968
236007, 4969
236035, 4970
236077, 4971
236105, 4972
236148, 4973
236167, 4974
236217, 4975
236244, 4976
236262, 4977
236313, 4978
236328, 4979
236369, 4980
236409, 4981
236439, 4982
236468, 4983
236509, 4984
236538, 4985
236578, 4986
236607, 4987
236637, 4988
236676, 4989
236705, 4990
236736, 4991
236773, 4992
236815, 4993
236830, 4994
236872, 4995
236912, 4996
236929, 4997
236970, 4998
237012, 4999
237050, 5000
237066, 5001
237108, 5002
237136, 5003
237177, 5004
237208, 5005
237233, 5006
237275, 5007
237303, 5008
237344, 5009
237371, 5010
237403, 5011
237441, 5012
237469, 5013
237511, 5014
237540, 5015
237568, 5016
237610, 5017
237639, 5018
237679, 5019
237708, 5020
237736, 5021
237777, 5022
237806, 5023
237837, 5024
237886, 5025
237903, 5026
237942, 5027
237970, 5028
238011, 5029
238040, 5030
238069, 5031
238111, 5032
238139, 5033
238168, 5034
238208, 5035
238236, 5036
238278, 5037
238292, 5038
238335, 5039
238374, 5040
238402, 5041
238444, 5042
238473, 5043
238502, 5044
238542, 5045
238570, 5046
238602, 5047
238640, 5048
238673, 5049
238722, 5050
238738, 5051
238768, 5052
238807, 5053
238848, 5054
238867, 5055
238905, 5056
238944, 5057
238960, 5058
239015, 5059
239030, 5060
239072, 5061
239113, 5062
239128, 5063
239171, 5064
239211, 5065
239238, 5066
239269, 5067
239309, 5068
239337, 5069
239378, 5070
239407, 5071
239449, 5072
239466, 5073
239509, 5074
239561, 5075
239578, 5076
239616, 5077
239631, 5078
239673, 5079
239711, 5080
239741, 5081
239781, 5082
239809, 5083
239838, 5084
239879, 5085
239907, 5086
239948, 5087
239963, 5088
240006, 5089
240044, 5090
240072, 5091
240112, 5092
240142, 5093
240183, 5094
240212, 5095
240241, 5096
240282, 5097
240296, 5098
240354, 5099
240387, 5100
240406, 5101
240446, 5102
240475, 5103
240506, 5104
240544, 5105
240574, 5106
240615, 5107
240630, 5108
240684, 5109
240713, 5110
240741, 5111
240771, 5112
240811, 5113
240839, 5114
240879, 5115
240908, 5116
240938, 5117
240977, 5118
241007, 5119
241049, 5120
241075, 5121
241116, 5122
241132, 5123
241189, 5124
241202, 5125
241241, 5126
241271, 5127
241311, 5128
241352, 5129
241367, 5130
241409, 5131
241451, 5132
241465, 5133
241507, 5134
241546, 5135
241576, 5136
241617, 5137
241634, 5138
241675, 5139
241713, 5140
241740, 5141
241782, 5142
241811, 5143
241840, 5144
241880, 5145
241909, 5146
241939, 5147
241981, 5148
242019, 5149
242034, 5150
242076, 5151
242106, 5152
242147, 5153
242174, 5154
242216, 5155
242231, 5156
242273, 5157
242312, 5158
242341, 5159
242383, 5160
242412, 5161
242440, 5162
242481, 5163
242510, 5164
242538, 5165
242579, 5166
242607, 5167
242649, 5168
242668, 5169
242705, 5170
242745, 5171
242777, 5172
242823, 5173
242843, 5174
242873, 5175
242911, 5176
242942, 5177
242981, 5178
243009, 5179
243040, 5180
243079, 5181
243108, 5182
243149, 5183
243177, 5184
243206, 5185
243247, 5186
243274, 5187
243316, 5188
243332, 5189
243374, 5190
243414, 5191
243440, 5192
243482, 5193
243499, 5194
243539, 5195
243579, 5196
243626, 5197
243649, 5198
243665, 5199
243706, 5200
243746, 5201
243775, 5202
243815, 5203
243832, 5204
243886, 5205
243904, 5206
243941, 5207
243983, 5208
243998, 5209
244040, 5210
244080, 5211
244107, 5212
244151, 5213
244164, 5214
244209, 5215
244248, 5216
244276, 5217
244318, 5218
244345, 5219
244373, 5220
244404, 5221
244457, 5222
244470, 5223
244512, 5224
244543, 5225
244581, 5226
244610, 5227
244639, 5228
244681, 5229
244709, 5230
244751, 5231
244768, 5232
244807, 5233
244848, 5234
244875, 5235
244915, 5236
244944, 5237
244976, 5238
245014, 5239
245042, 5240
245084, 5241
245100, 5242
245140, 5243
245180, 5244
245209, 5245
245240, 5246
245277, 5247
245321, 5248
245336, 5249
245377, 5250
245418, 5251
245434, 5252
245474, 5253
245516, 5254
245544, 5255
245573, 5256
245613, 5257
245640, 5258
245681, 5259
245710, 5260
245740, 5261
245781, 5262
245808, 5263
245841, 5264
245876, 5265
245907, 5266
245944, 5267
245973, 5268
246015, 5269
246043, 5270
246073, 5271
246114, 5272
246132, 5273
246200, 5274
246224, 5275
246242, 5276
246281, 5277
246319, 5278
246351, 5279
246377, 5280
246419, 5281
246448, 5282
246485, 5283
246513, 5284
246552, 5285
246578, 5286
246618, 5287
246647, 5288
246686, 5289
246714, 5290
246754, 5291
246783, 5292
246811, 5293
246853, 5294
246878, 5295
246920, 5296
246948, 5297
246989, 5298
247021, 5299
247073, 5300
247090, 5301
247139, 5302
247154, 5303
247198, 5304
247228, 5305
247267, 5306
247295, 5307
247336, 5308
247365, 5309
247418, 5310
247435, 5311
247465, 5312
247504, 5313
247533, 5314
247575, 5315
247589, 5316
247632, 5317
247671, 5318
247700, 5319
247742, 5320
247755, 5321
247797, 5322
247839, 5323
247867, 5324
247896, 5325
247937, 5326
247965, 5327
248005, 5328
248033, 5329
248078, 5330
248111, 5331
248128, 5332
248170, 5333
248198, 5334
248239, 5335
248264, 5336
248304, 5337
248331, 5338
248370, 5339
248400, 5340
248439, 5341
248464, 5342
248506, 5343
248535, 5344
248563, 5345
248604, 5346
248633, 5347
248675, 5348
248690, 5349
248734, 5350
248771, 5351
248800, 5352
248840, 5353
248856, 5354
248897, 5355
248938, 5356
248968, 5357
248997, 5358
249038, 5359
249069, 5360
249118, 5361
249134, 5362
249163, 5363
249203, 5364
249232, 5365
249271, 5366
249300, 5367
249330, 5368
249369, 5369
249403, 5370
249453, 5371
249468, 5372
249510, 5373
249525, 5374
249579, 5375
249595, 5376
249635, 5377
249676, 5378
249692, 5379
249736, 5380
249774, 5381
249790, 5382
249844, 5383
249860, 5384
249901, 5385
249941, 5386
249970, 5387
250012, 5388
250026, 5389
250072, 5390
250111, 5391
250125, 5392
250178, 5393
250193, 5394
250234, 5395
250276, 5396
250290, 5397
250333, 5398
250373, 5399
250405, 5400
250444, 5401
250471, 5402
250500, 5403
250540, 5404
250569, 5405
250610, 5406
250629, 5407
250666, 5408
250706, 5409
250739, 5410
250777, 5411
250807, 5412
250835, 5413
250875, 5414
250904, 5415
250932, 5416
250973, 5417
251004, 5418
251043, 5419
251061, 5420
251098, 5421
251140, 5422
251169, 5423
251210, 5424
251236, 5425
251278, 5426
251294, 5427
251335, 5428
251375, 5429
251407, 5430
251445, 5431
251461, 5432
251502, 5433
251532, 5434
251573, 5435
251600, 5436
251640, 5437
251669, 5438
251712, 5439
251732, 5440
251778, 5441
251808, 5442
251837, 5443
251867, 5444
251906, 5445
251934, 5446
251976, 5447
251991, 5448
252032, 5449
252076, 5450
252110, 5451
252129, 5452
252171, 5453
252200, 5454
252241, 5455
252269, 5456
252299, 5457
252337, 5458
252367, 5459
252409, 5460
252447, 5461
252463, 5462
252505, 5463
252534, 5464
252574, 5465
252602, 5466
252644, 5467
252659, 5468
252705, 5469
252744, 5470
252778, 5471
252797, 5472
252838, 5473
252868, 5474
252906, 5475
252935, 5476
252977, 5477
252991, 5478
253036, 5479
253076, 5480
253114, 5481
253130, 5482
253172, 5483
253201, 5484
253243, 5485
253270, 5486
253311, 5487
253328, 5488
253369, 5489
253419, 5490
253438, 5491
253465, 5492
253506, 5493
253535, 5494
253565, 5495
253603, 5496
253632, 5497
253673, 5498
253701, 5499
253776, 5500
253796, 5501
253827, 5502
253866, 5503
253896, 5504
253921, 5505
253963, 5506
253992, 5507
254044, 5508
254064, 5509
254091, 5510
254132, 5511
254172, 5512
254189, 5513
254230, 5514
254258, 5515
254310, 5516
254328, 5517
254356, 5518
254397, 5519
254439, 5520
254465, 5521
254492, 5522
254532, 5523
254560, 5524
254588, 5525
254629, 5526
254666, 5527
254695, 5528
254732, 5529
254760, 5530
254801, 5531
254818, 5532
254858, 5533
254896, 5534
254924, 5535
254968, 5536
254994, 5537
255034, 5538
255049, 5539
255092, 5540
255130, 5541
255169, 5542
255182, 5543
255226, 5544
255259, 5545
255289, 5546
255328, 5547
255370, 5548
255384, 5549
255425, 5550
255468, 5551
255486, 5552
255525, 5553
255564, 5554
255592, 5555
255635, 5556
255660, 5557
255691, 5558
255731, 5559
255771, 5560
255788, 5561
255830, 5562
255859, 5563
255903, 5564
255927, 5565
255955, 5566
255997, 5567
256028, 5568
256067, 5569
256093, 5570
256135, 5571
256165, 5572
256191, 5573
256231, 5574
256260, 5575
256293, 5576
256329, 5577
256359, 5578
256400, 5579
256431, 5580
256475, 5581
256498, 5582
256538, 5583
256584, 5584
256611, 5585
256647, 5586
256684, 5587
256703, 5588
256740, 5589
256790, 5590
256811, 5591
256847, 5592
256887, 5593
256903, 5594
256958, 5595
256987, 5596
257028, 5597
257057, 5598
257084, 5599
257126, 5600
