108363, 1
108399, 2
108421, 3
108462, 4
108492, 5
108530, 6
108559, 7
108599, 8
108628, 9
108668, 10
108697, 11
108727, 12
108766, 13
108795, 14
108836, 15
108864, 16
108892, 17
108933, 18
108948, 19
109002, 20
109017, 21
109059, 22
109100, 23
109129, 24
109170, 25
109184, 26
109227, 27
109267, 28
109296, 29
109337, 30
109352, 31
109393, 32
109436, 33
109463, 34
109508, 35
109547, 36
109574, 37
109617, 38
109643, 39
109683, 40
109713, 41
109754, 42
109769, 43
109809, 44
109850, 45
109878, 46
109919, 47
109936, 48
109975, 49
110016, 50
110045, 51
110087, 52
110103, 53
110157, 54
110171, 55
110213, 56
110254, 57
110268, 58
110310, 59
110351, 60
110379, 61
110408, 62
110450, 63
110478, 64
110507, 65
110547, 66
110575, 67
110617, 68
110645, 69
110674, 70
110716, 71
110742, 72
110785, 73
110812, 74
110853, 75
110882, 76
110911, 77
110952, 78
110979, 79
111009, 80
111050, 81
111078, 82
111107, 83
111147, 84
111176, 85
111215, 86
111244, 87
111274, 88
111313, 89
111342, 90
111384, 91
111412, 92
111453, 93
111481, 94
111509, 95
111552, 96
111580, 97
111610, 98
111648, 99
111676, 100
111718, 101
111746, 102
111775, 103
111838, 104
111871, 105
111911, 106
111940, 107
111980, 108
112009, 109
112038, 110
112077, 111
112107, 112
112148, 113
112175, 114
112206, 115
112244, 116
112274, 117
112314, 118
112344, 119
112384, 120
112399, 121
112439, 122
112482, 123
112510, 124
112539, 125
112580, 126
112607, 127
112649, 128
112677, 129
112706, 130
112748, 131
112764, 132
112804, 133
112843, 134
112885, 135
112899, 136
112941, 137
112983, 138
113012, 139
113040, 140
113082, 141
113096, 142
113150, 143
113179, 144
113208, 145
113249, 146
113277, 147
113319, 148
113333, 149
113388, 150
113402, 151
113444, 152
113473, 153
113513, 154
113541, 155
113572, 156
113610, 157
113639, 158
113681, 159
113710, 160
113750, 161
113777, 162
113808, 163
113848, 164
113875, 165
113918, 166
113932, 167
113975, 168
114015, 169
114085, 170
114099, 171
114127, 172
114168, 173
114196, 174
114226, 175
114266, 176
114294, 177
114336, 178
114364, 179
114393, 180
114433, 181
114461, 182
114503, 183
114532, 184
114572, 185
114586, 186
114629, 187
114671, 188
114685, 189
114728, 190
114767, 191
114782, 192
114836, 193
114865, 194
114893, 195
114935, 196
114963, 197
115004, 198
115019, 199
115063, 200
115101, 201
115130, 202
115170, 203
115199, 204
115227, 205
115270, 206
115297, 207
115340, 208
115353, 209
115395, 210
115436, 211
115464, 212
115494, 213
115534, 214
115563, 215
115604, 216
115618, 217
115663, 218
115699, 219
115728, 220
115758, 221
115798, 222
115827, 223
115867, 224
115897, 225
115926, 226
115965, 227
115994, 228
116035, 229
116064, 230
116092, 231
116132, 232
116160, 233
116202, 234
116229, 235
116259, 236
116300, 237
116328, 238
116357, 239
116396, 240
116452, 241
116466, 242
116509, 243
116536, 244
116565, 245
116607, 246
116634, 247
116675, 248
116703, 249
116734, 250
116772, 251
116801, 252
116830, 253
116871, 254
116899, 255
116940, 256
116969, 257
116998, 258
117038, 259
117067, 260
117108, 261
117122, 262
117164, 263
117205, 264
117233, 265
117274, 266
117303, 267
117331, 268
117371, 269
117399, 270
117442, 271
117469, 272
117497, 273
117540, 274
117567, 275
117609, 276
117636, 277
117680, 278
117696, 279
117737, 280
117777, 281
117792, 282
117834, 283
117873, 284
117904, 285
117945, 286
117972, 287
118014, 288
118029, 289
118068, 290
118109, 291
118138, 292
118168, 293
118207, 294
118237, 295
118275, 296
118307, 297
118329, 298
118373, 299
118414, 300
118432, 301
118470, 302
118513, 303
118531, 304
118625, 305
118638, 306
118666, 307
118694, 308
118736, 309
118762, 310
118803, 311
118833, 312
118861, 313
118903, 314
118932, 315
118957, 316
119001, 317
119025, 318
119066, 319
119099, 320
119135, 321
119166, 322
119195, 323
119237, 324
119263, 325
119306, 326
119332, 327
119376, 328
119401, 329
119430, 330
119470, 331
119499, 332
119526, 333
119571, 334
119597, 335
119634, 336
119666, 337
119692, 338
119734, 339
119762, 340
119792, 341
119832, 342
119875, 343
119903, 344
119931, 345
119958, 346
119999, 347
120041, 348
120058, 349
120107, 350
120150, 351
120179, 352
120208, 353
120251, 354
120279, 355
120317, 356
120344, 357
120388, 358
120416, 359
120444, 360
120486, 361
120514, 362
120541, 363
120584, 364
120613, 365
120653, 366
120672, 367
120721, 368
120737, 369
120779, 370
120813, 371
120842, 372
120877, 373
120920, 374
120948, 375
120976, 376
121015, 377
121056, 378
121089, 379
121116, 380
121151, 381
121185, 382
121218, 383
121248, 384
121291, 385
121321, 386
121354, 387
121408, 388
121429, 389
121474, 390
121499, 391
121544, 392
121569, 393
121609, 394
121639, 395
121668, 396
121707, 397
121750, 398
121781, 399
121809, 400
121833, 401
121875, 402
121910, 403
121934, 404
121971, 405
122013, 406
122044, 407
122072, 408
122118, 409
122141, 410
122187, 411
122214, 412
122252, 413
122294, 414
122323, 415
122351, 416
122397, 417
122431, 418
122459, 419
122486, 420
122555, 421
122580, 422
122607, 423
122632, 424
122675, 425
122711, 426
122742, 427
122765, 428
122808, 429
122853, 430
122878, 431
122917, 432
122949, 433
122974, 434
123019, 435
123046, 436
123076, 437
123100, 438
123151, 439
123180, 440
123209, 441
123241, 442
123276, 443
123303, 444
123345, 445
123383, 446
123412, 447
123457, 448
123484, 449
123519, 450
123552, 451
123585, 452
123638, 453
123666, 454
123703, 455
123731, 456
123783, 457
123813, 458
123868, 459
123891, 460
123931, 461
123960, 462
123996, 463
124025, 464
124052, 465
124091, 466
124131, 467
124158, 468
124188, 469
124214, 470
124256, 471
124300, 472
124328, 473
124356, 474
124387, 475
124421, 476
124461, 477
124488, 478
124530, 479
124553, 480
124596, 481
124619, 482
124661, 483
124689, 484
124717, 485
124758, 486
124806, 487
124837, 488
124864, 489
124893, 490
124922, 491
124951, 492
125007, 493
125045, 494
125102, 495
125133, 496
125161, 497
125189, 498
125217, 499
125248, 500
125271, 501
125327, 502
125356, 503
125383, 504
125411, 505
125458, 506
125482, 507
125525, 508
125550, 509
125578, 510
125621, 511
125648, 512
125680, 513
125716, 514
125742, 515
125785, 516
125813, 517
125855, 518
125886, 519
125911, 520
125954, 521
125984, 522
126014, 523
126045, 524
126094, 525
126127, 526
126209, 527
126230, 528
126266, 529
126293, 530
126327, 531
126377, 532
126403, 533
126429, 534
126472, 535
126495, 536
126540, 537
126568, 538
126599, 539
126623, 540
126665, 541
126704, 542
126733, 543
126762, 544
126791, 545
126834, 546
126858, 547
126901, 548
126930, 549
126959, 550
127001, 551
127027, 552
127067, 553
127097, 554
127168, 555
127206, 556
127236, 557
127277, 558
127305, 559
127353, 560
127393, 561
127428, 562
127451, 563
127498, 564
127522, 565
127559, 566
127600, 567
127626, 568
127657, 569
127684, 570
127729, 571
127763, 572
127790, 573
127819, 574
127861, 575
127890, 576
127919, 577
127963, 578
127991, 579
128030, 580
128086, 581
128107, 582
128151, 583
128181, 584
128208, 585
128235, 586
128286, 587
128311, 588
128339, 589
128383, 590
128408, 591
128445, 592
128482, 593
128521, 594
128548, 595
128579, 596
128607, 597
128643, 598
128682, 599
128709, 600
128747, 601
128789, 602
128821, 603
128850, 604
128889, 605
128926, 606
128957, 607
128990, 608
129019, 609
129069, 610
129096, 611
129133, 612
129161, 613
129212, 614
129241, 615
129268, 616
129312, 617
129338, 618
129367, 619
129407, 620
129436, 621
129469, 622
129502, 623
129531, 624
129568, 625
129595, 626
129646, 627
129674, 628
129703, 629
129735, 630
129772, 631
129809, 632
129836, 633
129884, 634
129948, 635
129976, 636
130018, 637
130044, 638
130071, 639
130111, 640
130147, 641
130174, 642
130216, 643
130246, 644
130272, 645
130317, 646
130341, 647
130378, 648
130415, 649
130443, 650
130470, 651
130515, 652
130547, 653
130578, 654
130604, 655
130633, 656
130687, 657
130720, 658
130758, 659
130788, 660
130850, 661
130877, 662
130915, 663
130941, 664
130981, 665
131011, 666
131040, 667
131074, 668
131116, 669
131152, 670
131179, 671
131220, 672
131246, 673
131273, 674
131313, 675
131345, 676
131386, 677
131414, 678
131441, 679
131479, 680
131508, 681
131550, 682
131583, 683
131607, 684
131653, 685
131688, 686
131717, 687
131812, 688
131835, 689
131860, 690
131903, 691
131928, 692
131971, 693
131998, 694
132028, 695
132065, 696
132102, 697
132136, 698
132163, 699
132188, 700
132246, 701
132274, 702
132301, 703
132329, 704
132374, 705
132403, 706
132428, 707
132469, 708
132497, 709
132540, 710
132568, 711
132598, 712
132629, 713
132693, 714
132733, 715
132759, 716
132803, 717
132829, 718
132865, 719
132906, 720
132932, 721
132960, 722
132986, 723
133034, 724
133056, 725
133102, 726
133137, 727
133165, 728
133195, 729
133235, 730
133264, 731
133290, 732
133336, 733
133360, 734
133403, 735
133430, 736
133472, 737
133500, 738
133530, 739
133555, 740
133633, 741
133663, 742
133689, 743
133714, 744
133760, 745
133787, 746
133821, 747
133849, 748
133902, 749
133932, 750
133960, 751
133993, 752
134016, 753
134068, 754
134094, 755
134121, 756
134170, 757
134197, 758
134224, 759
134253, 760
134301, 761
134334, 762
134363, 763
134395, 764
134423, 765
134447, 766
134499, 767
134527, 768
134577, 769
134617, 770
134646, 771
134688, 772
134716, 773
134750, 774
134782, 775
134806, 776
134861, 777
134883, 778
134924, 779
134951, 780
134982, 781
135006, 782
135061, 783
135088, 784
135116, 785
135144, 786
135196, 787
135225, 788
135255, 789
135283, 790
135328, 791
135352, 792
135379, 793
135421, 794
135476, 795
135504, 796
135531, 797
135573, 798
135604, 799
135646, 800
135678, 801
135705, 802
135740, 803
135772, 804
135796, 805
135839, 806
135877, 807
135901, 808
135943, 809
135968, 810
136011, 811
136042, 812
136077, 813
136105, 814
136132, 815
136161, 816
136213, 817
136242, 818
136271, 819
136300, 820
136360, 821
136424, 822
136455, 823
136479, 824
136508, 825
136537, 826
136574, 827
136611, 828
136639, 829
136678, 830
136708, 831
136733, 832
136787, 833
136814, 834
136841, 835
136869, 836
136910, 837
136943, 838
136968, 839
136997, 840
137048, 841
137076, 842
137106, 843
137139, 844
137162, 845
137217, 846
137246, 847
137273, 848
137341, 849
137371, 850
137398, 851
137428, 852
137456, 853
137506, 854
137536, 855
137561, 856
137602, 857
137642, 858
137666, 859
137693, 860
137719, 861
137765, 862
137791, 863
137827, 864
137869, 865
137899, 866
137925, 867
137968, 868
137997, 869
138025, 870
138055, 871
138100, 872
138121, 873
138163, 874
138202, 875
138230, 876
138311, 877
138337, 878
138378, 879
138404, 880
138444, 881
138473, 882
138506, 883
138536, 884
138583, 885
138609, 886
138635, 887
138667, 888
138716, 889
138739, 890
138780, 891
138807, 892
138833, 893
138877, 894
138906, 895
138930, 896
138985, 897
139011, 898
139042, 899
139068, 900
139097, 901
139141, 902
139194, 903
139222, 904
139250, 905
139292, 906
139319, 907
139361, 908
139389, 909
139416, 910
139459, 911
139486, 912
139514, 913
139556, 914
139585, 915
139612, 916
139655, 917
139682, 918
139724, 919
139753, 920
139781, 921
139835, 922
139861, 923
139893, 924
139923, 925
139958, 926
139987, 927
140041, 928
140061, 929
140114, 930
140141, 931
140171, 932
140214, 933
140240, 934
140265, 935
140307, 936
140353, 937
140378, 938
140405, 939
140433, 940
140475, 941
140504, 942
140536, 943
140560, 944
140613, 945
140639, 946
140681, 947
140705, 948
140734, 949
140787, 950
140813, 951
140838, 952
140883, 953
140933, 954
140964, 955
140991, 956
141020, 957
141063, 958
141086, 959
141130, 960
141158, 961
141184, 962
141229, 963
141257, 964
141285, 965
141326, 966
141351, 967
141393, 968
141424, 969
141451, 970
141504, 971
141534, 972
141565, 973
141590, 974
141630, 975
141658, 976
141686, 977
141729, 978
141756, 979
141806, 980
141854, 981
141881, 982
141926, 983
141951, 984
141990, 985
142019, 986
142063, 987
142088, 988
142118, 989
142162, 990
142189, 991
142216, 992
142257, 993
142286, 994
142314, 995
142347, 996
142395, 997
142426, 998
142452, 999
142482, 1000
142510, 1001
142566, 1002
142591, 1003
142620, 1004
142646, 1005
142714, 1006
142739, 1007
142776, 1008
142803, 1009
142834, 1010
142861, 1011
142911, 1012
142938, 1013
142969, 1014
142998, 1015
143035, 1016
143064, 1017
143109, 1018
143133, 1019
143175, 1020
143206, 1021
143230, 1022
143273, 1023
143302, 1024
143330, 1025
143359, 1026
143388, 1027
143440, 1028
143470, 1029
143497, 1030
143539, 1031
143567, 1032
143640, 1033
143664, 1034
143706, 1035
143735, 1036
143765, 1037
143801, 1038
143829, 1039
143886, 1040
143916, 1041
143942, 1042
143968, 1043
144014, 1044
144039, 1045
144079, 1046
144106, 1047
144149, 1048
144180, 1049
144206, 1050
144235, 1051
144280, 1052
144304, 1053
144344, 1054
144372, 1055
144416, 1056
144483, 1057
144508, 1058
144534, 1059
144560, 1060
144602, 1061
144629, 1062
144655, 1063
144696, 1064
144734, 1065
144763, 1066
144790, 1067
144834, 1068
144867, 1069
144892, 1070
144941, 1071
144971, 1072
144999, 1073
145029, 1074
145055, 1075
145110, 1076
145140, 1077
145167, 1078
145194, 1079
145265, 1080
145293, 1081
145320, 1082
145361, 1083
145391, 1084
145419, 1085
145449, 1086
145475, 1087
145528, 1088
145558, 1089
145583, 1090
145626, 1091
145651, 1092
145692, 1093
145729, 1094
145766, 1095
145791, 1096
145832, 1097
145862, 1098
145890, 1099
145931, 1100
145962, 1101
145988, 1102
146031, 1103
146062, 1104
146114, 1105
146146, 1106
146181, 1107
146221, 1108
146258, 1109
146285, 1110
146316, 1111
146344, 1112
146391, 1113
146419, 1114
146448, 1115
146488, 1116
146519, 1117
146559, 1118
146586, 1119
146618, 1120
146643, 1121
146696, 1122
146726, 1123
146754, 1124
146785, 1125
146825, 1126
146853, 1127
146883, 1128
146908, 1129
146973, 1130
146999, 1131
147029, 1132
147060, 1133
147094, 1134
147123, 1135
147145, 1136
147200, 1137
147227, 1138
147255, 1139
147295, 1140
147314, 1141
147366, 1142
147395, 1143
147423, 1144
147465, 1145
147492, 1146
147524, 1147
147547, 1148
147606, 1149
147643, 1150
147672, 1151
147699, 1152
147726, 1153
147776, 1154
147833, 1155
147864, 1156
147894, 1157
147920, 1158
147964, 1159
147989, 1160
148025, 1161
148052, 1162
148094, 1163
148118, 1164
148161, 1165
148186, 1166
148232, 1167
148260, 1168
148284, 1169
148328, 1170
148356, 1171
148399, 1172
148426, 1173
148460, 1174
148493, 1175
148522, 1176
148549, 1177
148594, 1178
148620, 1179
148660, 1180
148711, 1181
148730, 1182
148771, 1183
148801, 1184
148829, 1185
148858, 1186
148898, 1187
148923, 1188
148966, 1189
148994, 1190
149036, 1191
149062, 1192
149093, 1193
149135, 1194
149166, 1195
149190, 1196
149234, 1197
149263, 1198
149304, 1199
149331, 1200
149371, 1201
149395, 1202
149437, 1203
149474, 1204
149534, 1205
149583, 1206
149609, 1207
149652, 1208
149683, 1209
149717, 1210
149746, 1211
149788, 1212
149818, 1213
149843, 1214
149889, 1215
149927, 1216
149956, 1217
149981, 1218
150020, 1219
150049, 1220
150074, 1221
150127, 1222
150156, 1223
150179, 1224
150222, 1225
150247, 1226
150292, 1227
150341, 1228
150370, 1229
150401, 1230
150424, 1231
150476, 1232
150502, 1233
150531, 1234
150572, 1235
150597, 1236
150638, 1237
150666, 1238
150710, 1239
150739, 1240
150763, 1241
150809, 1242
150830, 1243
150877, 1244
150900, 1245
150941, 1246
150981, 1247
151006, 1248
151069, 1249
151100, 1250
151128, 1251
151155, 1252
151183, 1253
151208, 1254
151266, 1255
151295, 1256
151320, 1257
151362, 1258
151391, 1259
151419, 1260
151459, 1261
151486, 1262
151528, 1263
151557, 1264
151585, 1265
151627, 1266
151655, 1267
151697, 1268
151723, 1269
151752, 1270
151802, 1271
151846, 1272
151881, 1273
151909, 1274
151934, 1275
151976, 1276
152000, 1277
152042, 1278
152069, 1279
152109, 1280
152134, 1281
152176, 1282
152200, 1283
152244, 1284
152273, 1285
152310, 1286
152337, 1287
152378, 1288
152407, 1289
152436, 1290
152478, 1291
152504, 1292
152547, 1293
152577, 1294
152630, 1295
152658, 1296
152700, 1297
152729, 1298
152753, 1299
152795, 1300
152838, 1301
152866, 1302
152894, 1303
152924, 1304
152964, 1305
152991, 1306
153033, 1307
153062, 1308
153090, 1309
153116, 1310
153173, 1311
153203, 1312
153228, 1313
153256, 1314
153298, 1315
153326, 1316
153381, 1317
153411, 1318
153439, 1319
153479, 1320
153510, 1321
153550, 1322
153576, 1323
153619, 1324
153650, 1325
153675, 1326
153715, 1327
153746, 1328
153772, 1329
153813, 1330
153845, 1331
153869, 1332
153927, 1333
153957, 1334
153989, 1335
154014, 1336
154041, 1337
154081, 1338
154124, 1339
154179, 1340
154228, 1341
154257, 1342
154284, 1343
154324, 1344
154355, 1345
154388, 1346
154430, 1347
154462, 1348
154488, 1349
154541, 1350
154566, 1351
154594, 1352
154635, 1353
154666, 1354
154703, 1355
154734, 1356
154760, 1357
154812, 1358
154844, 1359
154903, 1360
154936, 1361
154961, 1362
155000, 1363
155031, 1364
155054, 1365
155097, 1366
155122, 1367
155161, 1368
155201, 1369
155224, 1370
155263, 1371
155291, 1372
155321, 1373
155363, 1374
155388, 1375
155428, 1376
155467, 1377
155496, 1378
155524, 1379
155568, 1380
155618, 1381
155651, 1382
155676, 1383
155720, 1384
155742, 1385
155782, 1386
155808, 1387
155848, 1388
155879, 1389
155903, 1390
155931, 1391
155986, 1392
156017, 1393
156046, 1394
156069, 1395
156106, 1396
156147, 1397
156186, 1398
156212, 1399
156238, 1400
156279, 1401
156310, 1402
156363, 1403
156402, 1404
156447, 1405
156477, 1406
156510, 1407
156533, 1408
156562, 1409
156603, 1410
156627, 1411
156671, 1412
156695, 1413
156755, 1414
156791, 1415
156820, 1416
156846, 1417
156875, 1418
156900, 1419
156944, 1420
156975, 1421
157014, 1422
157042, 1423
157073, 1424
157131, 1425
157157, 1426
157208, 1427
157236, 1428
157263, 1429
157304, 1430
157322, 1431
157372, 1432
157397, 1433
157438, 1434
157467, 1435
157495, 1436
157546, 1437
157569, 1438
157595, 1439
157636, 1440
157675, 1441
157703, 1442
157731, 1443
157756, 1444
157834, 1445
157864, 1446
157892, 1447
157921, 1448
157949, 1449
157991, 1450
158018, 1451
158060, 1452
158088, 1453
158114, 1454
158168, 1455
158201, 1456
158235, 1457
158266, 1458
158287, 1459
158327, 1460
158353, 1461
158397, 1462
158435, 1463
158464, 1464
158490, 1465
158544, 1466
158601, 1467
158624, 1468
158652, 1469
158693, 1470
158721, 1471
158746, 1472
158797, 1473
158824, 1474
158852, 1475
158895, 1476
158920, 1477
158966, 1478
158990, 1479
159033, 1480
159062, 1481
159090, 1482
159130, 1483
159163, 1484
159213, 1485
159241, 1486
159267, 1487
159299, 1488
159357, 1489
159390, 1490
159415, 1491
159442, 1492
159473, 1493
159507, 1494
159550, 1495
159578, 1496
159618, 1497
159647, 1498
159674, 1499
159703, 1500
159747, 1501
159774, 1502
159829, 1503
159850, 1504
159903, 1505
159932, 1506
159957, 1507
160002, 1508
160035, 1509
160062, 1510
160090, 1511
160119, 1512
160177, 1513
160200, 1514
160230, 1515
160263, 1516
160285, 1517
160342, 1518
160369, 1519
160397, 1520
160425, 1521
160481, 1522
160510, 1523
160539, 1524
160578, 1525
160607, 1526
160635, 1527
160663, 1528
160691, 1529
160738, 1530
160771, 1531
160802, 1532
160827, 1533
160872, 1534
160899, 1535
160942, 1536
160969, 1537
160998, 1538
161023, 1539
161067, 1540
161119, 1541
161144, 1542
161191, 1543
161219, 1544
161242, 1545
161287, 1546
161317, 1547
161347, 1548
161377, 1549
161408, 1550
161447, 1551
161486, 1552
161513, 1553
161542, 1554
161584, 1555
161612, 1556
161636, 1557
161693, 1558
161722, 1559
161771, 1560
161801, 1561
161830, 1562
161873, 1563
161901, 1564
161930, 1565
161961, 1566
162011, 1567
162040, 1568
162070, 1569
162095, 1570
162137, 1571
162163, 1572
162208, 1573
162241, 1574
162266, 1575
162307, 1576
162333, 1577
162371, 1578
162437, 1579
162476, 1580
162508, 1581
162527, 1582
162571, 1583
162597, 1584
162639, 1585
162666, 1586
162711, 1587
162739, 1588
162764, 1589
162806, 1590
162835, 1591
162865, 1592
162905, 1593
162930, 1594
162976, 1595
163004, 1596
163031, 1597
163070, 1598
163095, 1599
163135, 1600
163226, 1601
163259, 1602
163288, 1603
163326, 1604
163352, 1605
163379, 1606
163407, 1607
163461, 1608
163488, 1609
163515, 1610
163554, 1611
163582, 1612
163613, 1613
163651, 1614
163678, 1615
163729, 1616
163754, 1617
163803, 1618
163832, 1619
163859, 1620
163899, 1621
163924, 1622
163955, 1623
164003, 1624
164030, 1625
164071, 1626
164100, 1627
164127, 1628
164169, 1629
164198, 1630
164225, 1631
164274, 1632
164297, 1633
164334, 1634
164364, 1635
164391, 1636
164462, 1637
164491, 1638
164520, 1639
164547, 1640
164576, 1641
164629, 1642
164655, 1643
164682, 1644
164709, 1645
164764, 1646
164790, 1647
164825, 1648
164853, 1649
164881, 1650
164920, 1651
164948, 1652
164991, 1653
165043, 1654
165071, 1655
165097, 1656
165139, 1657
165161, 1658
165203, 1659
165227, 1660
165273, 1661
165300, 1662
165323, 1663
165366, 1664
165408, 1665
165435, 1666
165465, 1667
165492, 1668
165536, 1669
165562, 1670
165592, 1671
165620, 1672
165670, 1673
165729, 1674
165758, 1675
165789, 1676
165810, 1677
165854, 1678
165881, 1679
165924, 1680
165956, 1681
165979, 1682
166020, 1683
166049, 1684
166088, 1685
166130, 1686
166159, 1687
166185, 1688
166211, 1689
166254, 1690
166306, 1691
166328, 1692
166357, 1693
166388, 1694
166413, 1695
166469, 1696
166499, 1697
166528, 1698
166561, 1699
166585, 1700
166625, 1701
166651, 1702
166691, 1703
166734, 1704
166761, 1705
166789, 1706
166817, 1707
166863, 1708
166939, 1709
166969, 1710
166994, 1711
167034, 1712
167072, 1713
167099, 1714
167125, 1715
167183, 1716
167206, 1717
167231, 1718
167275, 1719
167301, 1720
167346, 1721
167369, 1722
167408, 1723
167434, 1724
167461, 1725
167529, 1726
167555, 1727
167584, 1728
167608, 1729
167637, 1730
167665, 1731
167706, 1732
167737, 1733
167762, 1734
167804, 1735
167846, 1736
167875, 1737
167902, 1738
167931, 1739
167979, 1740
168015, 1741
168065, 1742
168093, 1743
168141, 1744
168167, 1745
168190, 1746
168243, 1747
168268, 1748
168295, 1749
168323, 1750
168361, 1751
168394, 1752
168433, 1753
168459, 1754
168497, 1755
168538, 1756
168565, 1757
168592, 1758
168655, 1759
168686, 1760
168712, 1761
168738, 1762
168764, 1763
168822, 1764
168848, 1765
168877, 1766
168904, 1767
168946, 1768
168973, 1769
169016, 1770
169042, 1771
169070, 1772
169118, 1773
169141, 1774
169169, 1775
169233, 1776
169262, 1777
169294, 1778
169327, 1779
169357, 1780
169392, 1781
169422, 1782
169450, 1783
169492, 1784
169518, 1785
169572, 1786
169605, 1787
169629, 1788
169658, 1789
169692, 1790
169720, 1791
169748, 1792
169796, 1793
169841, 1794
169864, 1795
169906, 1796
169933, 1797
169976, 1798
170003, 1799
170032, 1800
170074, 1801
170103, 1802
170141, 1803
170176, 1804
170204, 1805
170241, 1806
170277, 1807
170317, 1808
170391, 1809
170415, 1810
170456, 1811
170484, 1812
170511, 1813
170545, 1814
170588, 1815
170614, 1816
170645, 1817
170685, 1818
170712, 1819
170756, 1820
170782, 1821
170811, 1822
170840, 1823
170883, 1824
170930, 1825
170960, 1826
170985, 1827
171037, 1828
171064, 1829
171091, 1830
171120, 1831
171168, 1832
171200, 1833
171228, 1834
171268, 1835
171297, 1836
171325, 1837
171367, 1838
171396, 1839
171451, 1840
171481, 1841
171507, 1842
171552, 1843
171589, 1844
171618, 1845
171651, 1846
171694, 1847
171730, 1848
171766, 1849
171796, 1850
171847, 1851
171870, 1852
171897, 1853
171938, 1854
171988, 1855
172018, 1856
172047, 1857
172086, 1858
172110, 1859
172153, 1860
172189, 1861
172220, 1862
172243, 1863
172287, 1864
172314, 1865
172358, 1866
172383, 1867
172429, 1868
172453, 1869
172503, 1870
172535, 1871
172559, 1872
172601, 1873
172638, 1874
172666, 1875
172697, 1876
172747, 1877
172773, 1878
172801, 1879
172843, 1880
172879, 1881
172909, 1882
172935, 1883
172960, 1884
173004, 1885
173040, 1886
173090, 1887
173119, 1888
173150, 1889
173178, 1890
173229, 1891
173254, 1892
173277, 1893
173320, 1894
173346, 1895
173388, 1896
173413, 1897
173457, 1898
173483, 1899
173528, 1900
173557, 1901
173642, 1902
173664, 1903
173692, 1904
173733, 1905
173773, 1906
173799, 1907
173841, 1908
173867, 1909
173902, 1910
173934, 1911
173957, 1912
174000, 1913
174039, 1914
174068, 1915
174101, 1916
174145, 1917
174204, 1918
174230, 1919
174281, 1920
174310, 1921
174345, 1922
174374, 1923
174406, 1924
174432, 1925
174471, 1926
174513, 1927
174543, 1928
174573, 1929
174617, 1930
174654, 1931
174704, 1932
174731, 1933
174760, 1934
174794, 1935
174835, 1936
174862, 1937
174892, 1938
174931, 1939
174960, 1940
175003, 1941
175030, 1942
175057, 1943
175100, 1944
175133, 1945
175184, 1946
175220, 1947
175243, 1948
175286, 1949
175325, 1950
175352, 1951
175385, 1952
175419, 1953
175448, 1954
175504, 1955
175530, 1956
175560, 1957
175586, 1958
175627, 1959
175681, 1960
175708, 1961
175733, 1962
175776, 1963
175812, 1964
175839, 1965
175873, 1966
175905, 1967
175948, 1968
175976, 1969
176005, 1970
176045, 1971
176072, 1972
176117, 1973
176168, 1974
176198, 1975
176227, 1976
176258, 1977
176296, 1978
176323, 1979
176369, 1980
176393, 1981
176434, 1982
176461, 1983
176490, 1984
176534, 1985
176560, 1986
176600, 1987
176625, 1988
176671, 1989
176738, 1990
176790, 1991
176815, 1992
176842, 1993
176881, 1994
176912, 1995
176949, 1996
176979, 1997
177005, 1998
177047, 1999
177077, 2000
177119, 2001
177144, 2002
177185, 2003
177214, 2004
177242, 2005
177312, 2006
177338, 2007
177355, 2008
177397, 2009
177437, 2010
177462, 2011
177503, 2012
177527, 2013
177567, 2014
177607, 2015
177633, 2016
177664, 2017
177707, 2018
177728, 2019
177771, 2020
177800, 2021
177832, 2022
177881, 2023
177923, 2024
177951, 2025
177982, 2026
178021, 2027
178047, 2028
178087, 2029
178111, 2030
178152, 2031
178191, 2032
178219, 2033
178245, 2034
178287, 2035
178320, 2036
178358, 2037
178382, 2038
178419, 2039
178462, 2040
178502, 2041
178526, 2042
178552, 2043
178594, 2044
178633, 2045
178647, 2046
178689, 2047
178731, 2048
178761, 2049
178787, 2050
178831, 2051
178854, 2052
178895, 2053
178932, 2054
178961, 2055
178985, 2056
179026, 2057
179057, 2058
179097, 2059
179121, 2060
179162, 2061
179193, 2062
179233, 2063
179249, 2064
179291, 2065
179347, 2066
179373, 2067
179400, 2068
179441, 2069
179470, 2070
179498, 2071
179539, 2072
179557, 2073
179608, 2074
179623, 2075
179665, 2076
179707, 2077
179722, 2078
179775, 2079
179790, 2080
179834, 2081
179873, 2082
179901, 2083
179930, 2084
179961, 2085
180000, 2086
180041, 2087
180055, 2088
180099, 2089
180138, 2090
180167, 2091
180207, 2092
180223, 2093
180265, 2094
180306, 2095
180335, 2096
180364, 2097
180404, 2098
180488, 2099
180517, 2100
180547, 2101
180585, 2102
180613, 2103
180655, 2104
180684, 2105
180713, 2106
180752, 2107
180782, 2108
180822, 2109
180851, 2110
180880, 2111
180919, 2112
180949, 2113
180990, 2114
181018, 2115
181046, 2116
181088, 2117
181117, 2118
181159, 2119
181173, 2120
181217, 2121
181254, 2122
181282, 2123
181325, 2124
181339, 2125
181381, 2126
181423, 2127
181450, 2128
181478, 2129
181521, 2130
181549, 2131
181578, 2132
181618, 2133
181646, 2134
181688, 2135
181716, 2136
181782, 2137
181802, 2138
181815, 2139
181857, 2140
181897, 2141
181925, 2142
181954, 2143
181993, 2144
182023, 2145
182061, 2146
182089, 2147
182133, 2148
182161, 2149
182190, 2150
182228, 2151
182257, 2152
182288, 2153
182328, 2154
182354, 2155
182396, 2156
182425, 2157
182453, 2158
182495, 2159
182522, 2160
182564, 2161
182592, 2162
182620, 2163
182662, 2164
182690, 2165
182732, 2166
182746, 2167
182787, 2168
182829, 2169
182860, 2170
182899, 2171
182927, 2172
182955, 2173
183001, 2174
183037, 2175
183052, 2176
183094, 2177
183123, 2178
183162, 2179
183191, 2180
183222, 2181
183261, 2182
183291, 2183
183330, 2184
183358, 2185
183387, 2186
183428, 2187
183457, 2188
183485, 2189
183527, 2190
183556, 2191
183596, 2192
183623, 2193
183653, 2194
183693, 2195
183722, 2196
183762, 2197
183790, 2198
183833, 2199
183847, 2200
183889, 2201
183931, 2202
183958, 2203
183987, 2204
184028, 2205
184057, 2206
184099, 2207
184127, 2208
184156, 2209
184196, 2210
184223, 2211
184253, 2212
184293, 2213
184336, 2214
184380, 2215
184392, 2216
184434, 2217
184463, 2218
184501, 2219
184530, 2220
184570, 2221
184598, 2222
184639, 2223
184668, 2224
184709, 2225
184737, 2226
184765, 2227
184807, 2228
184835, 2229
184877, 2230
184891, 2231
184932, 2232
184975, 2233
185001, 2234
185030, 2235
185071, 2236
185099, 2237
185130, 2238
185169, 2239
185196, 2240
185238, 2241
185268, 2242
185297, 2243
185337, 2244
185366, 2245
185406, 2246
185435, 2247
185463, 2248
185504, 2249
185532, 2250
185574, 2251
185601, 2252
185631, 2253
185670, 2254
185699, 2255
185771, 2256
185797, 2257
185825, 2258
185865, 2259
185894, 2260
185935, 2261
185963, 2262
186004, 2263
186017, 2264
186073, 2265
186086, 2266
186129, 2267
186170, 2268
186198, 2269
186227, 2270
186267, 2271
186295, 2272
186336, 2273
186365, 2274
186396, 2275
186434, 2276
186463, 2277
186505, 2278
186533, 2279
186561, 2280
186603, 2281
186630, 2282
186659, 2283
186700, 2284
186728, 2285
186769, 2286
186798, 2287
186826, 2288
186868, 2289
186896, 2290
186938, 2291
186966, 2292
186994, 2293
187036, 2294
187075, 2295
187104, 2296
187131, 2297
187160, 2298
187201, 2299
187230, 2300
187260, 2301
187299, 2302
187328, 2303
187369, 2304
187397, 2305
187427, 2306
187466, 2307
187494, 2308
187537, 2309
187564, 2310
187595, 2311
187634, 2312
187661, 2313
187705, 2314
187719, 2315
187772, 2316
187786, 2317
187831, 2318
187869, 2319
187898, 2320
187928, 2321
187968, 2322
187995, 2323
188037, 2324
188065, 2325
188094, 2326
188135, 2327
188166, 2328
188204, 2329
188236, 2330
188291, 2331
188314, 2332
188327, 2333
188371, 2334
188413, 2335
188440, 2336
188482, 2337
188498, 2338
188538, 2339
188579, 2340
188619, 2341
188634, 2342
188676, 2343
188705, 2344
188747, 2345
188762, 2346
188806, 2347
188842, 2348
188885, 2349
188901, 2350
188940, 2351
188983, 2352
188998, 2353
189041, 2354
189080, 2355
189108, 2356
189151, 2357
189178, 2358
189205, 2359
189247, 2360
189304, 2361
189319, 2362
189360, 2363
189387, 2364
189428, 2365
189444, 2366
189487, 2367
189526, 2368
189551, 2369
189595, 2370
189611, 2371
189653, 2372
189691, 2373
189721, 2374
189762, 2375
189790, 2376
189819, 2377
189859, 2378
189901, 2379
189918, 2380
189959, 2381
190004, 2382
190029, 2383
190053, 2384
190095, 2385
190192, 2386
190210, 2387
190252, 2388
190279, 2389
190319, 2390
190360, 2391
190385, 2392
190414, 2393
190457, 2394
190474, 2395
190526, 2396
190557, 2397
190582, 2398
190624, 2399
190650, 2400
190681, 2401
190721, 2402
190749, 2403
190790, 2404
190811, 2405
190889, 2406
190915, 2407
190944, 2408
190971, 2409
191001, 2410
191029, 2411
191060, 2412
191081, 2413
191128, 2414
191154, 2415
191195, 2416
191223, 2417
191248, 2418
191291, 2419
191323, 2420
191363, 2421
191390, 2422
191428, 2423
191461, 2424
191515, 2425
191544, 2426
191570, 2427
191613, 2428
191641, 2429
191667, 2430
191712, 2431
191740, 2432
191767, 2433
191810, 2434
191834, 2435
191877, 2436
191904, 2437
191950, 2438
191978, 2439
192014, 2440
192074, 2441
192097, 2442
192140, 2443
192168, 2444
192196, 2445
192223, 2446
192269, 2447
192292, 2448
192335, 2449
192363, 2450
192408, 2451
192431, 2452
192471, 2453
192505, 2454
192552, 2455
192581, 2456
192605, 2457
192649, 2458
192674, 2459
192714, 2460
192757, 2461
192783, 2462
192811, 2463
192849, 2464
192876, 2465
192917, 2466
192947, 2467
192976, 2468
193015, 2469
193057, 2470
193104, 2471
193149, 2472
193181, 2473
193211, 2474
193239, 2475
193280, 2476
193309, 2477
193335, 2478
193391, 2479
193421, 2480
193450, 2481
193489, 2482
193524, 2483
193551, 2484
193612, 2485
193636, 2486
193679, 2487
193703, 2488
193742, 2489
193784, 2490
193809, 2491
193838, 2492
193878, 2493
193910, 2494
193937, 2495
193988, 2496
194013, 2497
194067, 2498
194094, 2499
194135, 2500
194162, 2501
194205, 2502
194240, 2503
194266, 2504
194327, 2505
194360, 2506
194387, 2507
194418, 2508
194449, 2509
194497, 2510
194532, 2511
194576, 2512
194607, 2513
194646, 2514
194681, 2515
194707, 2516
194748, 2517
194775, 2518
194820, 2519
194856, 2520
194920, 2521
194947, 2522
194982, 2523
195008, 2524
195049, 2525
195077, 2526
195122, 2527
195146, 2528
195177, 2529
195216, 2530
195243, 2531
195284, 2532
195316, 2533
195367, 2534
195407, 2535
195430, 2536
195472, 2537
195499, 2538
195544, 2539
195577, 2540
195612, 2541
195644, 2542
195670, 2543
195713, 2544
195738, 2545
195776, 2546
195847, 2547
195884, 2548
195910, 2549
195952, 2550
195978, 2551
196016, 2552
196052, 2553
196086, 2554
196110, 2555
196158, 2556
196189, 2557
196219, 2558
196270, 2559
196302, 2560
196335, 2561
196366, 2562
196397, 2563
196434, 2564
196461, 2565
196511, 2566
196539, 2567
196568, 2568
196596, 2569
196638, 2570
196691, 2571
196720, 2572
196763, 2573
196789, 2574
196829, 2575
196858, 2576
196886, 2577
196927, 2578
196964, 2579
196995, 2580
197029, 2581
197101, 2582
197130, 2583
197169, 2584
197193, 2585
197248, 2586
197274, 2587
197302, 2588
197352, 2589
197387, 2590
197420, 2591
197451, 2592
197514, 2593
197545, 2594
197568, 2595
197615, 2596
197655, 2597
197694, 2598
197739, 2599
197773, 2600
197801, 2601
197834, 2602
197863, 2603
197891, 2604
197946, 2605
197999, 2606
198031, 2607
198057, 2608
198083, 2609
198124, 2610
198152, 2611
198181, 2612
198222, 2613
198250, 2614
198296, 2615
198390, 2616
198428, 2617
198458, 2618
198495, 2619
198522, 2620
198546, 2621
198588, 2622
198615, 2623
198657, 2624
198692, 2625
198722, 2626
198770, 2627
198807, 2628
198842, 2629
198873, 2630
198926, 2631
198958, 2632
198989, 2633
199022, 2634
199056, 2635
199086, 2636
199111, 2637
199186, 2638
199225, 2639
199260, 2640
199304, 2641
199337, 2642
199365, 2643
199392, 2644
199432, 2645
199461, 2646
199502, 2647
199553, 2648
199582, 2649
199609, 2650
199658, 2651
199684, 2652
199711, 2653
199755, 2654
199783, 2655
199818, 2656
199851, 2657
199879, 2658
199956, 2659
199983, 2660
200010, 2661
200038, 2662
200074, 2663
200102, 2664
200156, 2665
200185, 2666
200211, 2667
200240, 2668
200283, 2669
200334, 2670
200361, 2671
200398, 2672
200426, 2673
200473, 2674
200503, 2675
200529, 2676
200573, 2677
200602, 2678
200639, 2679
200669, 2680
200764, 2681
200794, 2682
200823, 2683
200866, 2684
200892, 2685
200938, 2686
200975, 2687
201001, 2688
201037, 2689
201064, 2690
201107, 2691
201152, 2692
201183, 2693
201214, 2694
201253, 2695
201285, 2696
201315, 2697
201343, 2698
201397, 2699
201425, 2700
201464, 2701
201507, 2702
201533, 2703
201555, 2704
201596, 2705
201630, 2706
201666, 2707
201691, 2708
201734, 2709
201761, 2710
201790, 2711
201860, 2712
201896, 2713
201922, 2714
201949, 2715
201991, 2716
202025, 2717
202053, 2718
202093, 2719
202124, 2720
202161, 2721
202212, 2722
202241, 2723
202269, 2724
202306, 2725
202353, 2726
202382, 2727
202407, 2728
202454, 2729
202479, 2730
202512, 2731
202570, 2732
202595, 2733
202651, 2734
202684, 2735
202716, 2736
202751, 2737
202788, 2738
202817, 2739
202843, 2740
202883, 2741
202913, 2742
202998, 2743
203032, 2744
203067, 2745
203098, 2746
203139, 2747
203179, 2748
203206, 2749
203248, 2750
203276, 2751
203302, 2752
203373, 2753
203407, 2754
203439, 2755
203466, 2756
203494, 2757
203529, 2758
203555, 2759
203581, 2760
203610, 2761
203656, 2762
203680, 2763
203734, 2764
203762, 2765
203791, 2766
203834, 2767
203865, 2768
203900, 2769
203928, 2770
203955, 2771
204010, 2772
204052, 2773
204084, 2774
204114, 2775
204144, 2776
204170, 2777
204219, 2778
204246, 2779
204275, 2780
204297, 2781
204371, 2782
204403, 2783
204449, 2784
204482, 2785
204506, 2786
204548, 2787
204574, 2788
204602, 2789
204643, 2790
204670, 2791
204745, 2792
204782, 2793
204816, 2794
204859, 2795
204882, 2796
204908, 2797
204954, 2798
204988, 2799
205019, 2800
205056, 2801
205138, 2802
205163, 2803
205189, 2804
205242, 2805
205274, 2806
205308, 2807
205343, 2808
205376, 2809
205405, 2810
205450, 2811
205491, 2812
205527, 2813
205551, 2814
205605, 2815
205631, 2816
205671, 2817
205705, 2818
205736, 2819
205783, 2820
205807, 2821
205833, 2822
205873, 2823
205900, 2824
205952, 2825
205981, 2826
206015, 2827
206047, 2828
206111, 2829
206134, 2830
206175, 2831
206203, 2832
206230, 2833
206285, 2834
206314, 2835
206342, 2836
206368, 2837
206408, 2838
206470, 2839
206506, 2840
206548, 2841
206588, 2842
206621, 2843
206651, 2844
206678, 2845
206705, 2846
206745, 2847
206793, 2848
206824, 2849
206853, 2850
206886, 2851
206918, 2852
206956, 2853
206982, 2854
207037, 2855
207066, 2856
207092, 2857
207169, 2858
207208, 2859
207238, 2860
207279, 2861
207315, 2862
207342, 2863
207390, 2864
207416, 2865
207466, 2866
207501, 2867
207525, 2868
207566, 2869
207604, 2870
207631, 2871
207669, 2872
207705, 2873
207733, 2874
207764, 2875
207810, 2876
207838, 2877
207878, 2878
207909, 2879
207945, 2880
207976, 2881
208015, 2882
208052, 2883
208091, 2884
208149, 2885
208184, 2886
208212, 2887
208262, 2888
208287, 2889
208314, 2890
208357, 2891
208385, 2892
208427, 2893
208467, 2894
208497, 2895
208537, 2896
208570, 2897
208605, 2898
208632, 2899
208657, 2900
208713, 2901
208769, 2902
208802, 2903
208829, 2904
208858, 2905
208886, 2906
208914, 2907
208968, 2908
208989, 2909
209032, 2910
209102, 2911
209147, 2912
209190, 2913
209217, 2914
209251, 2915
209278, 2916
209306, 2917
209361, 2918
209394, 2919
209440, 2920
209473, 2921
209496, 2922
209523, 2923
209548, 2924
209603, 2925
209641, 2926
209668, 2927
209715, 2928
209743, 2929
209785, 2930
209814, 2931
209848, 2932
209874, 2933
209917, 2934
209949, 2935
210001, 2936
210040, 2937
210069, 2938
210100, 2939
210136, 2940
210161, 2941
210212, 2942
210238, 2943
210287, 2944
210319, 2945
210350, 2946
210382, 2947
210430, 2948
210457, 2949
210481, 2950
210533, 2951
210562, 2952
210612, 2953
210652, 2954
210687, 2955
210721, 2956
210751, 2957
210775, 2958
210813, 2959
210868, 2960
210929, 2961
210959, 2962
210987, 2963
211019, 2964
211051, 2965
211078, 2966
211135, 2967
211170, 2968
211220, 2969
211244, 2970
211270, 2971
211315, 2972
211345, 2973
211378, 2974
211408, 2975
211441, 2976
211496, 2977
211527, 2978
211567, 2979
211606, 2980
211633, 2981
211659, 2982
211713, 2983
211741, 2984
211793, 2985
211825, 2986
211854, 2987
211884, 2988
211917, 2989
211946, 2990
212002, 2991
212030, 2992
212077, 2993
212107, 2994
212133, 2995
212174, 2996
212200, 2997
212228, 2998
212271, 2999
212299, 3000
212351, 3001
212382, 3002
212413, 3003
212459, 3004
212489, 3005
212513, 3006
212566, 3007
212594, 3008
212678, 3009
212712, 3010
212743, 3011
212776, 3012
212803, 3013
212848, 3014
212881, 3015
212908, 3016
212957, 3017
212989, 3018
213016, 3019
213054, 3020
213080, 3021
213133, 3022
213160, 3023
213189, 3024
213242, 3025
213272, 3026
213311, 3027
213351, 3028
213376, 3029
213417, 3030
213454, 3031
213511, 3032
213543, 3033
213573, 3034
213600, 3035
213640, 3036
213665, 3037
213704, 3038
213731, 3039
213815, 3040
213847, 3041
213884, 3042
213930, 3043
213963, 3044
213991, 3045
214017, 3046
214071, 3047
214104, 3048
214133, 3049
214162, 3050
214191, 3051
214250, 3052
214284, 3053
214309, 3054
214354, 3055
214412, 3056
214440, 3057
214476, 3058
214515, 3059
214549, 3060
214589, 3061
214639, 3062
214667, 3063
214707, 3064
214735, 3065
214762, 3066
214791, 3067
214845, 3068
214897, 3069
214922, 3070
214947, 3071
214990, 3072
215016, 3073
215066, 3074
215095, 3075
215126, 3076
215174, 3077
215202, 3078
215229, 3079
215265, 3080
215307, 3081
215319, 3082
215361, 3083
215400, 3084
215429, 3085
215470, 3086
215498, 3087
215527, 3088
215568, 3089
215605, 3090
215631, 3091
215684, 3092
215698, 3093
215736, 3094
215777, 3095
215792, 3096
215834, 3097
215863, 3098
215902, 3099
215932, 3100
215973, 3101
216001, 3102
216030, 3103
216070, 3104
216099, 3105
216139, 3106
216168, 3107
216197, 3108
216238, 3109
216266, 3110
216307, 3111
216336, 3112
216378, 3113
216392, 3114
216462, 3115
216501, 3116
216513, 3117
216554, 3118
216593, 3119
216618, 3120
216659, 3121
216685, 3122
216714, 3123
216754, 3124
216785, 3125
216823, 3126
216853, 3127
216892, 3128
216920, 3129
216950, 3130
216990, 3131
217018, 3132
217060, 3133
217089, 3134
217117, 3135
217160, 3136
217187, 3137
217228, 3138
217257, 3139
217284, 3140
217325, 3141
217368, 3142
217396, 3143
217424, 3144
217465, 3145
217494, 3146
217536, 3147
217550, 3148
217591, 3149
217632, 3150
217659, 3151
217688, 3152
217729, 3153
217758, 3154
217788, 3155
217828, 3156
217855, 3157
217898, 3158
217925, 3159
217966, 3160
217995, 3161
218024, 3162
218065, 3163
218094, 3164
218134, 3165
218177, 3166
218190, 3167
218232, 3168
218259, 3169
218289, 3170
218328, 3171
218357, 3172
218399, 3173
218428, 3174
218468, 3175
218483, 3176
218524, 3177
218565, 3178
218593, 3179
218624, 3180
218662, 3181
218691, 3182
218733, 3183
218747, 3184
218789, 3185
218830, 3186
218858, 3187
218900, 3188
218928, 3189
219012, 3190
219040, 3191
219068, 3192
219111, 3193
219137, 3194
219180, 3195
219207, 3196
219237, 3197
219276, 3198
219304, 3199
219346, 3200
219375, 3201
219404, 3202
219443, 3203
219472, 3204
219513, 3205
219542, 3206
219570, 3207
219611, 3208
219639, 3209
219682, 3210
219709, 3211
219739, 3212
219779, 3213
219807, 3214
219850, 3215
219878, 3216
219919, 3217
219946, 3218
219975, 3219
220016, 3220
220044, 3221
220086, 3222
220114, 3223
220144, 3224
220183, 3225
220211, 3226
220252, 3227
220280, 3228
220322, 3229
220338, 3230
220379, 3231
220421, 3232
220434, 3233
220476, 3234
220518, 3235
220533, 3236
220575, 3237
220617, 3238
220658, 3239
220686, 3240
220727, 3241
220755, 3242
220796, 3243
220809, 3244
220851, 3245
220893, 3246
220920, 3247
220962, 3248
220976, 3249
221018, 3250
221060, 3251
221087, 3252
221116, 3253
221157, 3254
221187, 3255
221226, 3256
221254, 3257
221285, 3258
221323, 3259
221352, 3260
221393, 3261
221421, 3262
221468, 3263
221521, 3264
221533, 3265
221576, 3266
221603, 3267
221644, 3268
221672, 3269
221714, 3270
221727, 3271
221770, 3272
221798, 3273
221840, 3274
221881, 3275
221895, 3276
221936, 3277
221978, 3278
222006, 3279
222035, 3280
222077, 3281
222105, 3282
222133, 3283
222174, 3284
222203, 3285
222243, 3286
222272, 3287
222313, 3288
222340, 3289
222383, 3290
222411, 3291
222440, 3292
222479, 3293
222508, 3294
222548, 3295
222577, 3296
222618, 3297
222632, 3298
222675, 3299
222715, 3300
222743, 3301
222785, 3302
222799, 3303
222842, 3304
222882, 3305
222912, 3306
222953, 3307
222966, 3308
223009, 3309
223049, 3310
223078, 3311
223120, 3312
223148, 3313
223177, 3314
223218, 3315
223268, 3316
223277, 3317
223319, 3318
223345, 3319
223374, 3320
223413, 3321
223454, 3322
223468, 3323
223510, 3324
223552, 3325
223579, 3326
223608, 3327
223648, 3328
223676, 3329
223718, 3330
223732, 3331
223788, 3332
223802, 3333
223844, 3334
223886, 3335
223914, 3336
223942, 3337
223982, 3338
224010, 3339
224052, 3340
224081, 3341
224165, 3342
224179, 3343
224206, 3344
224235, 3345
224276, 3346
224303, 3347
224346, 3348
224360, 3349
224402, 3350
224444, 3351
224470, 3352
224513, 3353
224527, 3354
224569, 3355
224599, 3356
224639, 3357
224679, 3358
224694, 3359
224735, 3360
224778, 3361
224806, 3362
224848, 3363
224876, 3364
224904, 3365
224945, 3366
224973, 3367
225002, 3368
225043, 3369
225070, 3370
225112, 3371
225154, 3372
225182, 3373
225222, 3374
225250, 3375
225292, 3376
225319, 3377
225362, 3378
225375, 3379
225417, 3380
225448, 3381
225486, 3382
225527, 3383
225542, 3384
225584, 3385
225626, 3386
225655, 3387
225683, 3388
225723, 3389
225751, 3390
225782, 3391
225820, 3392
225862, 3393
225876, 3394
225918, 3395
225961, 3396
225988, 3397
226017, 3398
226062, 3399
226085, 3400
226127, 3401
226141, 3402
226185, 3403
226224, 3404
226253, 3405
226282, 3406
226322, 3407
226351, 3408
226393, 3409
226421, 3410
226449, 3411
226490, 3412
226519, 3413
226560, 3414
226574, 3415
226617, 3416
226657, 3417
226685, 3418
226726, 3419
226741, 3420
226795, 3421
226810, 3422
226851, 3423
226881, 3424
226920, 3425
226951, 3426
227044, 3427
227063, 3428
227089, 3429
227130, 3430
227158, 3431
227199, 3432
227227, 3433
227256, 3434
227296, 3435
227323, 3436
227366, 3437
227394, 3438
227434, 3439
227463, 3440
227492, 3441
227533, 3442
227548, 3443
227586, 3444
227628, 3445
227657, 3446
227700, 3447
227727, 3448
227754, 3449
227808, 3450
227881, 3451
227910, 3452
227933, 3453
227984, 3454
228014, 3455
228046, 3456
228082, 3457
228111, 3458
228154, 3459
228184, 3460
228248, 3461
228279, 3462
228314, 3463
228339, 3464
228371, 3465
228421, 3466
228449, 3467
228476, 3468
228518, 3469
228551, 3470
228608, 3471
228642, 3472
228669, 3473
228696, 3474
228738, 3475
228768, 3476
228807, 3477
228841, 3478
228870, 3479
228921, 3480
228961, 3481
228989, 3482
229031, 3483
229062, 3484
229091, 3485
229130, 3486
229162, 3487
229194, 3488
229291, 3489
229326, 3490
229354, 3491
229387, 3492
229420, 3493
229450, 3494
229503, 3495
229534, 3496
229572, 3497
229632, 3498
229657, 3499
229684, 3500
229727, 3501
229752, 3502
229797, 3503
229834, 3504
229874, 3505
229909, 3506
229963, 3507
229997, 3508
230031, 3509
230059, 3510
230099, 3511
230133, 3512
230159, 3513
230201, 3514
230253, 3515
230277, 3516
230319, 3517
230345, 3518
230385, 3519
230414, 3520
230451, 3521
230478, 3522
230516, 3523
230565, 3524
230594, 3525
230624, 3526
230662, 3527
230689, 3528
230732, 3529
230757, 3530
230799, 3531
230832, 3532
230894, 3533
230922, 3534
230958, 3535
231014, 3536
231054, 3537
231092, 3538
231128, 3539
231153, 3540
231192, 3541
231259, 3542
231291, 3543
231316, 3544
231353, 3545
231395, 3546
231426, 3547
231464, 3548
231501, 3549
231556, 3550
231590, 3551
231634, 3552
231678, 3553
231716, 3554
231742, 3555
231767, 3556
231817, 3557
231845, 3558
231894, 3559
231928, 3560
231956, 3561
231981, 3562
232038, 3563
232063, 3564
232092, 3565
232121, 3566
232194, 3567
232229, 3568
232264, 3569
232291, 3570
232317, 3571
232360, 3572
232393, 3573
232426, 3574
232448, 3575
232505, 3576
232533, 3577
232564, 3578
232600, 3579
232635, 3580
232667, 3581
232703, 3582
232729, 3583
232782, 3584
232831, 3585
232862, 3586
232888, 3587
232915, 3588
232952, 3589
232983, 3590
233012, 3591
233042, 3592
233067, 3593
233175, 3594
233205, 3595
233232, 3596
233274, 3597
233307, 3598
233346, 3599
233377, 3600
233403, 3601
233473, 3602
233498, 3603
233520, 3604
233563, 3605
233590, 3606
233623, 3607
233662, 3608
233687, 3609
233742, 3610
233791, 3611
233824, 3612
233849, 3613
233874, 3614
233914, 3615
233939, 3616
233982, 3617
234016, 3618
234065, 3619
234095, 3620
234122, 3621
234172, 3622
234198, 3623
234227, 3624
234259, 3625
234297, 3626
234333, 3627
234387, 3628
234425, 3629
234457, 3630
234489, 3631
234530, 3632
234559, 3633
234587, 3634
234627, 3635
234654, 3636
234699, 3637
234749, 3638
234777, 3639
234800, 3640
234854, 3641
234882, 3642
234910, 3643
234935, 3644
234986, 3645
235016, 3646
235055, 3647
235102, 3648
235131, 3649
235161, 3650
235185, 3651
235225, 3652
235268, 3653
235297, 3654
235323, 3655
235364, 3656
235398, 3657
235434, 3658
235520, 3659
235552, 3660
235590, 3661
235627, 3662
235667, 3663
235703, 3664
235732, 3665
235787, 3666
235821, 3667
235851, 3668
235895, 3669
235929, 3670
235960, 3671
235996, 3672
236023, 3673
236073, 3674
236103, 3675
236143, 3676
236170, 3677
236219, 3678
236249, 3679
236282, 3680
236316, 3681
236356, 3682
236391, 3683
236425, 3684
236451, 3685
236509, 3686
236557, 3687
236584, 3688
236612, 3689
236650, 3690
236680, 3691
236730, 3692
236759, 3693
236796, 3694
236828, 3695
236854, 3696
236913, 3697
236938, 3698
236968, 3699
237006, 3700
237036, 3701
237062, 3702
237102, 3703
237141, 3704
237165, 3705
237216, 3706
237247, 3707
237277, 3708
237316, 3709
237355, 3710
237384, 3711
237413, 3712
237454, 3713
237480, 3714
237545, 3715
237576, 3716
237603, 3717
237642, 3718
237676, 3719
237705, 3720
237732, 3721
237773, 3722
237803, 3723
237853, 3724
237895, 3725
237931, 3726
237963, 3727
237997, 3728
238028, 3729
238067, 3730
238106, 3731
238130, 3732
238204, 3733
238231, 3734
238259, 3735
238299, 3736
238324, 3737
238353, 3738
238401, 3739
238428, 3740
238469, 3741
238517, 3742
238581, 3743
238612, 3744
238640, 3745
238681, 3746
238711, 3747
238748, 3748
238776, 3749
238833, 3750
238859, 3751
238884, 3752
238909, 3753
238965, 3754
238989, 3755
239013, 3756
239056, 3757
239103, 3758
239136, 3759
239177, 3760
239205, 3761
239234, 3762
239286, 3763
239320, 3764
239348, 3765
239395, 3766
239430, 3767
239456, 3768
239482, 3769
239522, 3770
239547, 3771
239573, 3772
239627, 3773
239656, 3774
239706, 3775
239736, 3776
239762, 3777
239796, 3778
239831, 3779
239857, 3780
239899, 3781
239934, 3782
239979, 3783
240001, 3784
240059, 3785
240083, 3786
240110, 3787
240151, 3788
240177, 3789
240229, 3790
240267, 3791
240297, 3792
240326, 3793
240374, 3794
240400, 3795
240427, 3796
240461, 3797
240513, 3798
240565, 3799
240592, 3800
240615, 3801
240656, 3802
240687, 3803
240714, 3804
240780, 3805
240810, 3806
240838, 3807
240866, 3808
240908, 3809
240938, 3810
240971, 3811
241040, 3812
241075, 3813
241101, 3814
241128, 3815
241171, 3816
241200, 3817
241249, 3818
241280, 3819
241321, 3820
241356, 3821
241390, 3822
241414, 3823
241489, 3824
241521, 3825
241562, 3826
241590, 3827
241625, 3828
241648, 3829
241713, 3830
241738, 3831
241772, 3832
241827, 3833
241853, 3834
241881, 3835
241910, 3836
241965, 3837
242008, 3838
242031, 3839
242087, 3840
242122, 3841
242152, 3842
242206, 3843
242237, 3844
242261, 3845
242304, 3846
242331, 3847
242361, 3848
242444, 3849
242490, 3850
242516, 3851
242553, 3852
242578, 3853
242637, 3854
242687, 3855
242710, 3856
242737, 3857
242779, 3858
242807, 3859
242863, 3860
242890, 3861
242917, 3862
242960, 3863
242984, 3864
243024, 3865
243076, 3866
243106, 3867
243147, 3868
243174, 3869
243214, 3870
243261, 3871
243312, 3872
243340, 3873
243373, 3874
243401, 3875
243440, 3876
243519, 3877
243549, 3878
243577, 3879
243633, 3880
243657, 3881
243715, 3882
243746, 3883
243775, 3884
243799, 3885
243853, 3886
243897, 3887
243923, 3888
243964, 3889
243995, 3890
244032, 3891
244079, 3892
244109, 3893
244137, 3894
244176, 3895
244203, 3896
244259, 3897
244288, 3898
244329, 3899
244365, 3900
244395, 3901
244466, 3902
244491, 3903
244545, 3904
244569, 3905
244599, 3906
244643, 3907
244675, 3908
244707, 3909
244741, 3910
244805, 3911
244840, 3912
244872, 3913
244912, 3914
244936, 3915
244983, 3916
245010, 3917
245067, 3918
245094, 3919
245120, 3920
245184, 3921
245210, 3922
245235, 3923
245263, 3924
245291, 3925
245363, 3926
245391, 3927
245430, 3928
245468, 3929
245495, 3930
245551, 3931
245584, 3932
245613, 3933
245654, 3934
245704, 3935
245734, 3936
245781, 3937
245808, 3938
245853, 3939
245907, 3940
245942, 3941
245973, 3942
246002, 3943
246041, 3944
246142, 3945
246173, 3946
246212, 3947
246244, 3948
246283, 3949
246366, 3950
246387, 3951
246436, 3952
246465, 3953
246495, 3954
246556, 3955
246587, 3956
246617, 3957
246656, 3958
246704, 3959
246734, 3960
246772, 3961
246798, 3962
246875, 3963
246902, 3964
246931, 3965
246963, 3966
247008, 3967
247059, 3968
247096, 3969
247134, 3970
247190, 3971
247255, 3972
247294, 3973
247333, 3974
247360, 3975
247414, 3976
247447, 3977
247474, 3978
247523, 3979
247569, 3980
247605, 3981
247631, 3982
247675, 3983
247727, 3984
247759, 3985
247792, 3986
247822, 3987
247871, 3988
247924, 3989
247951, 3990
247980, 3991
248006, 3992
248100, 3993
248125, 3994
248151, 3995
248180, 3996
248239, 3997
248268, 3998
248310, 3999
248344, 4000
248394, 4001
248427, 4002
248461, 4003
248486, 4004
248560, 4005
248587, 4006
248613, 4007
248638, 4008
248691, 4009
248738, 4010
248767, 4011
248796, 4012
248820, 4013
248934, 4014
248965, 4015
249002, 4016
249028, 4017
249054, 4018
249118, 4019
249147, 4020
249172, 4021
249208, 4022
249252, 4023
249275, 4024
249314, 4025
249344, 4026
249372, 4027
249444, 4028
249475, 4029
249502, 4030
249533, 4031
249566, 4032
249616, 4033
249645, 4034
249672, 4035
249706, 4036
249775, 4037
249802, 4038
249831, 4039
249869, 4040
249915, 4041
249934, 4042
249988, 4043
250012, 4044
250041, 4045
250113, 4046
250149, 4047
250175, 4048
250224, 4049
250270, 4050
250300, 4051
250325, 4052
250365, 4053
250404, 4054
250477, 4055
250498, 4056
250525, 4057
250578, 4058
250603, 4059
250632, 4060
250681, 4061
250719, 4062
250759, 4063
250783, 4064
250843, 4065
250871, 4066
250897, 4067
250923, 4068
250948, 4069
251005, 4070
251052, 4071
251078, 4072
251102, 4073
251145, 4074
251230, 4075
251259, 4076
251286, 4077
251326, 4078
251364, 4079
251411, 4080
251438, 4081
251463, 4082
251505, 4083
251545, 4084
251571, 4085
251616, 4086
251641, 4087
251680, 4088
251707, 4089
251745, 4090
251782, 4091
251826, 4092
251848, 4093
251890, 4094
251910, 4095
251959, 4096
251985, 4097
252082, 4098
252103, 4099
252129, 4100
252157, 4101
252187, 4102
252230, 4103
252254, 4104
252291, 4105
252314, 4106
252355, 4107
252381, 4108
252439, 4109
252458, 4110
252498, 4111
252523, 4112
252562, 4113
252589, 4114
252650, 4115
252668, 4116
252708, 4117
252733, 4118
252773, 4119
252797, 4120
252839, 4121
252930, 4122
252948, 4123
252986, 4124
253023, 4125
253062, 4126
253078, 4127
253130, 4128
253153, 4129
253192, 4130
253242, 4131
253261, 4132
253298, 4133
253326, 4134
253357, 4135
253395, 4136
253420, 4137
253462, 4138
253511, 4139
253529, 4140
253572, 4141
253606, 4142
253645, 4143
253672, 4144
253714, 4145
253730, 4146
253792, 4147
253807, 4148
253847, 4149
253872, 4150
253915, 4151
253938, 4152
254006, 4153
254057, 4154
254074, 4155
254113, 4156
254137, 4157
254178, 4158
254217, 4159
254231, 4160
254274, 4161
254313, 4162
254339, 4163
254394, 4164
254415, 4165
254429, 4166
254470, 4167
254511, 4168
254550, 4169
254593, 4170
254609, 4171
254648, 4172
254688, 4173
254716, 4174
254755, 4175
254780, 4176
254821, 4177
254850, 4178
254872, 4179
254913, 4180
254969, 4181
254984, 4182
255022, 4183
255050, 4184
255080, 4185
255118, 4186
255155, 4187
255182, 4188
255222, 4189
255248, 4190
255290, 4191
255318, 4192
255390, 4193
255411, 4194
255437, 4195
255475, 4196
255501, 4197
255542, 4198
255569, 4199
255610, 4200
255636, 4201
255677, 4202
255705, 4203
255746, 4204
255761, 4205
255820, 4206
255832, 4207
255871, 4208
255910, 4209
255933, 4210
255974, 4211
256000, 4212
256042, 4213
256069, 4214
256109, 4215
256137, 4216
256166, 4217
256207, 4218
256237, 4219
256278, 4220
256305, 4221
256346, 4222
256374, 4223
256402, 4224
256444, 4225
256472, 4226
256500, 4227
256542, 4228
256570, 4229
256600, 4230
256639, 4231
256669, 4232
256752, 4233
256779, 4234
256820, 4235
256848, 4236
256891, 4237
256905, 4238
256946, 4239
256988, 4240
257017, 4241
257044, 4242
257086, 4243
257114, 4244
257143, 4245
257184, 4246
257229, 4247
257253, 4248
257279, 4249
257322, 4250
257337, 4251
257378, 4252
257421, 4253
257449, 4254
257477, 4255
257519, 4256
257547, 4257
257589, 4258
257603, 4259
257672, 4260
257686, 4261
257714, 4262
257756, 4263
257784, 4264
257825, 4265
257840, 4266
257881, 4267
257924, 4268
257951, 4269
257993, 4270
258007, 4271
258050, 4272
258114, 4273
258160, 4274
258188, 4275
258229, 4276
258256, 4277
258288, 4278
258327, 4279
258367, 4280
258382, 4281
258422, 4282
258453, 4283
258492, 4284
258522, 4285
258561, 4286
258591, 4287
258647, 4288
258661, 4289
258689, 4290
258731, 4291
258758, 4292
258800, 4293
258828, 4294
258859, 4295
258897, 4296
258924, 4297
258966, 4298
258981, 4299
259025, 4300
259063, 4301
259093, 4302
259135, 4303
259164, 4304
259205, 4305
259232, 4306
259273, 4307
259288, 4308
259331, 4309
259370, 4310
259399, 4311
259439, 4312
259454, 4313
259510, 4314
259524, 4315
259567, 4316
259595, 4317
259690, 4318
259704, 4319
259733, 4320
259775, 4321
259802, 4322
259832, 4323
259873, 4324
259900, 4325
259944, 4326
259958, 4327
259999, 4328
260040, 4329
260068, 4330
260109, 4331
260124, 4332
260166, 4333
260207, 4334
260236, 4335
260275, 4336
260304, 4337
260332, 4338
260374, 4339
260403, 4340
260445, 4341
260459, 4342
260500, 4343
260542, 4344
260556, 4345
260612, 4346
260626, 4347
260666, 4348
260709, 4349
260727, 4350
260778, 4351
260806, 4352
260834, 4353
260876, 4354
260891, 4355
260946, 4356
260962, 4357
261000, 4358
261043, 4359
261058, 4360
261098, 4361
261140, 4362
261169, 4363
261208, 4364
261225, 4365
261267, 4366
261348, 4367
261364, 4368
261403, 4369
261432, 4370
261474, 4371
261502, 4372
261533, 4373
261571, 4374
261600, 4375
261642, 4376
261671, 4377
261697, 4378
261740, 4379
261768, 4380
261797, 4381
261838, 4382
261879, 4383
261907, 4384
261935, 4385
261977, 4386
262006, 4387
262033, 4388
262063, 4389
262102, 4390
262130, 4391
262171, 4392
262199, 4393
262241, 4394
262269, 4395
262310, 4396
262325, 4397
262367, 4398
262422, 4399
262437, 4400
262465, 4401
262506, 4402
262534, 4403
262575, 4404
262604, 4405
262634, 4406
262672, 4407
262699, 4408
262741, 4409
262770, 4410
262798, 4411
262840, 4412
262868, 4413
262897, 4414
262980, 4415
262993, 4416
263034, 4417
263062, 4418
263091, 4419
263134, 4420
263147, 4421
263202, 4422
263217, 4423
263258, 4424
263299, 4425
263327, 4426
263356, 4427
263396, 4428
263425, 4429
263466, 4430
263495, 4431
263540, 4432
263563, 4433
263592, 4434
263633, 4435
263660, 4436
263689, 4437
263731, 4438
263758, 4439
263799, 4440
263828, 4441
263859, 4442
263896, 4443
263924, 4444
263965, 4445
263994, 4446
264025, 4447
264063, 4448
264120, 4449
264134, 4450
264161, 4451
264203, 4452
264217, 4453
264260, 4454
264301, 4455
264328, 4456
264358, 4457
264397, 4458
264426, 4459
264467, 4460
264497, 4461
264538, 4462
264552, 4463
264594, 4464
264634, 4465
264662, 4466
264704, 4467
264736, 4468
264782, 4469
264804, 4470
264832, 4471
264872, 4472
264914, 4473
264927, 4474
264969, 4475
265009, 4476
265037, 4477
265079, 4478
265107, 4479
265137, 4480
265177, 4481
265206, 4482
265246, 4483
265262, 4484
265304, 4485
265344, 4486
265373, 4487
265441, 4488
265456, 4489
265470, 4490
265511, 4491
265539, 4492
265581, 4493
265623, 4494
265637, 4495
265678, 4496
265707, 4497
265748, 4498
265776, 4499
265805, 4500
265844, 4501
265875, 4502
265915, 4503
265929, 4504
265984, 4505
265999, 4506
266069, 4507
266083, 4508
266111, 4509
266152, 4510
266165, 4511
266208, 4512
266250, 4513
266278, 4514
266308, 4515
266347, 4516
266376, 4517
266419, 4518
266433, 4519
266487, 4520
266502, 4521
266542, 4522
266584, 4523
266598, 4524
266654, 4525
266669, 4526
266710, 4527
266795, 4528
266808, 4529
266837, 4530
266878, 4531
266893, 4532
266947, 4533
266962, 4534
267005, 4535
267045, 4536
267060, 4537
267117, 4538
267143, 4539
267169, 4540
267209, 4541
267251, 4542
267269, 4543
267309, 4544
267349, 4545
267375, 4546
267417, 4547
267447, 4548
267489, 4549
267515, 4550
267544, 4551
267586, 4552
267612, 4553
267655, 4554
267710, 4555
267738, 4556
267768, 4557
267808, 4558
267826, 4559
267876, 4560
267892, 4561
267934, 4562
267964, 4563
268006, 4564
268030, 4565
268072, 4566
268122, 4567
268140, 4568
268183, 4569
268222, 4570
268250, 4571
268267, 4572
268321, 4573
268336, 4574
268379, 4575
268418, 4576
268449, 4577
268487, 4578
268504, 4579
268588, 4580
268614, 4581
268641, 4582
268683, 4583
268710, 4584
268728, 4585
268780, 4586
268810, 4587
268838, 4588
268880, 4589
268907, 4590
268950, 4591
268986, 4592
269005, 4593
269048, 4594
269075, 4595
269116, 4596
269131, 4597
269173, 4598
269214, 4599
269240, 4600
269283, 4601
269312, 4602
269338, 4603
269385, 4604
269423, 4605
269436, 4606
269476, 4607
269506, 4608
269546, 4609
269577, 4610
269618, 4611
269644, 4612
269672, 4613
269714, 4614
269741, 4615
269784, 4616
269800, 4617
269876, 4618
269893, 4619
269921, 4620
269963, 4621
269990, 4622
270020, 4623
270060, 4624
270090, 4625
270131, 4626
270159, 4627
270187, 4628
270228, 4629
270246, 4630
270340, 4631
270368, 4632
270385, 4633
270423, 4634
270453, 4635
270491, 4636
270521, 4637
270562, 4638
270577, 4639
270618, 4640
270662, 4641
270677, 4642
270718, 4643
270758, 4644
270789, 4645
270831, 4646
270869, 4647
270885, 4648
270927, 4649
270967, 4650
270996, 4651
271036, 4652
271052, 4653
271094, 4654
271132, 4655
271162, 4656
271202, 4657
271232, 4658
271260, 4659
271303, 4660
271331, 4661
271371, 4662
271398, 4663
271428, 4664
271468, 4665
271496, 4666
271538, 4667
271566, 4668
271593, 4669
271635, 4670
271664, 4671
271704, 4672
271756, 4673
271772, 4674
271803, 4675
271844, 4676
271871, 4677
271912, 4678
271941, 4679
271971, 4680
272009, 4681
272039, 4682
272080, 4683
272097, 4684
272137, 4685
272232, 4686
272250, 4687
272277, 4688
272317, 4689
272360, 4690
272387, 4691
272415, 4692
272457, 4693
272483, 4694
272515, 4695
272553, 4696
272600, 4697
272621, 4698
272661, 4699
272700, 4700
272729, 4701
272765, 4702
272793, 4703
272832, 4704
272862, 4705
272902, 4706
272933, 4707
272973, 4708
272996, 4709
273042, 4710
273069, 4711
273108, 4712
273138, 4713
273165, 4714
273207, 4715
273235, 4716
273297, 4717
273318, 4718
273344, 4719
273385, 4720
273414, 4721
273443, 4722
273485, 4723
273515, 4724
273561, 4725
273621, 4726
273644, 4727
273697, 4728
273724, 4729
273751, 4730
273783, 4731
273822, 4732
273845, 4733
273886, 4734
273928, 4735
273966, 4736
273989, 4737
274031, 4738
274059, 4739
274087, 4740
274139, 4741
274168, 4742
274220, 4743
274245, 4744
274268, 4745
274318, 4746
274347, 4747
274374, 4748
274407, 4749
274430, 4750
274486, 4751
274529, 4752
274554, 4753
274582, 4754
274609, 4755
274654, 4756
274681, 4757
274709, 4758
274772, 4759
274803, 4760
274841, 4761
274864, 4762
274890, 4763
274935, 4764
274960, 4765
275021, 4766
275085, 4767
275113, 4768
275143, 4769
275170, 4770
275213, 4771
275239, 4772
275274, 4773
275321, 4774
275376, 4775
275405, 4776
275431, 4777
275458, 4778
275502, 4779
275530, 4780
275559, 4781
275595, 4782
275653, 4783
275683, 4784
275706, 4785
275747, 4786
275772, 4787
275834, 4788
275862, 4789
275891, 4790
275932, 4791
275960, 4792
275998, 4793
276024, 4794
276079, 4795
276116, 4796
276143, 4797
276170, 4798
276215, 4799
276238, 4800
276267, 4801
276360, 4802
276392, 4803
276417, 4804
276444, 4805
276484, 4806
276517, 4807
276579, 4808
276616, 4809
276642, 4810
276679, 4811
276704, 4812
276744, 4813
276785, 4814
276831, 4815
276855, 4816
276886, 4817
276921, 4818
276949, 4819
277017, 4820
277045, 4821
277085, 4822
277120, 4823
277146, 4824
277199, 4825
277250, 4826
277279, 4827
277305, 4828
277346, 4829
277377, 4830
277459, 4831
277492, 4832
277520, 4833
277556, 4834
277590, 4835
277641, 4836
277674, 4837
277704, 4838
277756, 4839
277810, 4840
277840, 4841
277874, 4842
277902, 4843
277928, 4844
277969, 4845
278015, 4846
278050, 4847
278087, 4848
278118, 4849
278157, 4850
278221, 4851
278261, 4852
278300, 4853
278328, 4854
278402, 4855
278432, 4856
278459, 4857
278487, 4858
278525, 4859
278597, 4860
278637, 4861
278665, 4862
278700, 4863
278729, 4864
278794, 4865
278828, 4866
278854, 4867
278881, 4868
278918, 4869
278967, 4870
278994, 4871
279034, 4872
279061, 4873
279106, 4874
279149, 4875
279180, 4876
279210, 4877
279252, 4878
279305, 4879
279342, 4880
279375, 4881
279426, 4882
279478, 4883
279515, 4884
279544, 4885
279569, 4886
279654, 4887
279679, 4888
279711, 4889
279750, 4890
279803, 4891
279840, 4892
279883, 4893
279915, 4894
279961, 4895
279993, 4896
280018, 4897
280072, 4898
280118, 4899
280149, 4900
280183, 4901
280218, 4902
280252, 4903
280296, 4904
280320, 4905
280361, 4906
280395, 4907
280482, 4908
280518, 4909
280549, 4910
280587, 4911
280651, 4912
280678, 4913
280732, 4914
280766, 4915
280811, 4916
280846, 4917
280873, 4918
280902, 4919
280953, 4920
280982, 4921
281018, 4922
281062, 4923
281124, 4924
281158, 4925
281190, 4926
281219, 4927
281298, 4928
281337, 4929
281365, 4930
281444, 4931
281476, 4932
281505, 4933
281552, 4934
281585, 4935
281614, 4936
281645, 4937
281706, 4938
281745, 4939
281783, 4940
281810, 4941
281852, 4942
281892, 4943
281928, 4944
281954, 4945
282033, 4946
282062, 4947
282092, 4948
282132, 4949
282197, 4950
282226, 4951
282253, 4952
282328, 4953
282366, 4954
282402, 4955
282437, 4956
282486, 4957
282515, 4958
282551, 4959
282579, 4960
282625, 4961
282653, 4962
282678, 4963
282719, 4964
282750, 4965
282826, 4966
282854, 4967
282918, 4968
282983, 4969
283026, 4970
283057, 4971
283109, 4972
283135, 4973
283159, 4974
283203, 4975
283240, 4976
283264, 4977
283306, 4978
283339, 4979
283401, 4980
283437, 4981
283500, 4982
283545, 4983
283581, 4984
283614, 4985
283690, 4986
283722, 4987
283748, 4988
283795, 4989
283841, 4990
283885, 4991
283944, 4992
283990, 4993
284026, 4994
284067, 4995
284139, 4996
284174, 4997
284213, 4998
284377, 4999
284467, 5000
284561, 5001
284596, 5002
284634, 5003
284690, 5004
284731, 5005
284773, 5006
284844, 5007
284883, 5008
284913, 5009
284950, 5010
284992, 5011
285027, 5012
285070, 5013
285129, 5014
285159, 5015
285188, 5016
285293, 5017
285321, 5018
285357, 5019
285392, 5020
285453, 5021
285491, 5022
285519, 5023
285573, 5024
285604, 5025
285630, 5026
285702, 5027
285734, 5028
285768, 5029
285820, 5030
285857, 5031
285883, 5032
285917, 5033
285991, 5034
286024, 5035
286067, 5036
286119, 5037
286174, 5038
286230, 5039
286259, 5040
286285, 5041
286329, 5042
286378, 5043
286404, 5044
286463, 5045
286487, 5046
286515, 5047
286611, 5048
286636, 5049
286691, 5050
286750, 5051
286780, 5052
286811, 5053
286864, 5054
286902, 5055
286949, 5056
286986, 5057
287020, 5058
287065, 5059
287097, 5060
287129, 5061
287202, 5062
287230, 5063
287305, 5064
287339, 5065
287380, 5066
287448, 5067
287486, 5068
287546, 5069
287580, 5070
287615, 5071
287692, 5072
287722, 5073
287784, 5074
287822, 5075
287896, 5076
287937, 5077
287978, 5078
288027, 5079
288059, 5080
288135, 5081
288170, 5082
288218, 5083
288252, 5084
288285, 5085
288381, 5086
288418, 5087
288476, 5088
288508, 5089
288548, 5090
288596, 5091
288633, 5092
288752, 5093
288787, 5094
288846, 5095
288877, 5096
288916, 5097
288963, 5098
288992, 5099
289046, 5100
289083, 5101
289151, 5102
289187, 5103
289281, 5104
289319, 5105
289373, 5106
289410, 5107
289461, 5108
289502, 5109
289559, 5110
289589, 5111
289669, 5112
289697, 5113
289733, 5114
289855, 5115
289927, 5116
289964, 5117
290027, 5118
290061, 5119
290152, 5120
290193, 5121
290243, 5122
290269, 5123
290336, 5124
290371, 5125
290417, 5126
290453, 5127
290526, 5128
290561, 5129
290614, 5130
290637, 5131
290686, 5132
290720, 5133
290774, 5134
290806, 5135
290881, 5136
290914, 5137
290970, 5138
291000, 5139
291059, 5140
291092, 5141
291151, 5142
291245, 5143
291279, 5144
291341, 5145
291381, 5146
291439, 5147
291466, 5148
291518, 5149
291546, 5150
291625, 5151
291685, 5152
291722, 5153
291773, 5154
291826, 5155
291849, 5156
291945, 5157
291976, 5158
292032, 5159
292091, 5160
292132, 5161
292178, 5162
292207, 5163
292284, 5164
292309, 5165
292361, 5166
292400, 5167
292448, 5168
292508, 5169
292574, 5170
292642, 5171
292675, 5172
292721, 5173
292768, 5174
292804, 5175
292854, 5176
292906, 5177
292967, 5178
293022, 5179
293078, 5180
293119, 5181
293164, 5182
293244, 5183
293285, 5184
293422, 5185
293498, 5186
293559, 5187
293621, 5188
293701, 5189
293759, 5190
293808, 5191
293857, 5192
293909, 5193
293989, 5194
294031, 5195
294071, 5196
294102, 5197
294152, 5198
294197, 5199
294245, 5200
294290, 5201
294351, 5202
294403, 5203
294466, 5204
294527, 5205
294564, 5206
294654, 5207
294688, 5208
294749, 5209
294782, 5210
294819, 5211
294863, 5212
294916, 5213
295008, 5214
295038, 5215
295089, 5216
295137, 5217
295165, 5218
295235, 5219
295320, 5220
295423, 5221
295491, 5222
295546, 5223
295575, 5224
295657, 5225
295721, 5226
295755, 5227
295806, 5228
295867, 5229
295916, 5230
295997, 5231
296054, 5232
296105, 5233
296135, 5234
296180, 5235
296269, 5236
296300, 5237
296365, 5238
296421, 5239
296515, 5240
296571, 5241
296613, 5242
296665, 5243
296705, 5244
296777, 5245
296826, 5246
296883, 5247
296987, 5248
297020, 5249
297089, 5250
297173, 5251
297218, 5252
297255, 5253
297303, 5254
297343, 5255
297409, 5256
297453, 5257
297507, 5258
297600, 5259
297676, 5260
297742, 5261
297804, 5262
297853, 5263
297899, 5264
297954, 5265
298067, 5266
298115, 5267
298192, 5268
298226, 5269
298279, 5270
298323, 5271
298368, 5272
298451, 5273
298502, 5274
298603, 5275
298661, 5276
298714, 5277
298787, 5278
298837, 5279
298901, 5280
298987, 5281
299033, 5282
299127, 5283
299173, 5284
299206, 5285
299276, 5286
299349, 5287
299396, 5288
299498, 5289
299544, 5290
299624, 5291
299674, 5292
299755, 5293
299865, 5294
299954, 5295
300017, 5296
300067, 5297
300164, 5298
300200, 5299
