107973, 1
108019, 2
108043, 3
108073, 4
108114, 5
108141, 6
108182, 7
108209, 8
108239, 9
108277, 10
108319, 11
108334, 12
108376, 13
108418, 14
108431, 15
108474, 16
108516, 17
108543, 18
108572, 19
108613, 20
108642, 21
108682, 22
108710, 23
108741, 24
108779, 25
108807, 26
108849, 27
108863, 28
108906, 29
108972, 30
108988, 31
109018, 32
109059, 33
109086, 34
109117, 35
109154, 36
109183, 37
109225, 38
109253, 39
109282, 40
109322, 41
109352, 42
109392, 43
109420, 44
109462, 45
109476, 46
109518, 47
109559, 48
109587, 49
109618, 50
109656, 51
109684, 52
109726, 53
109756, 54
109785, 55
109823, 56
109851, 57
109894, 58
109921, 59
109949, 60
109991, 61
110019, 62
110062, 63
110075, 64
110116, 65
110158, 66
110186, 67
110228, 68
110256, 69
110285, 70
110325, 71
110354, 72
110382, 73
110423, 74
110452, 75
110492, 76
110521, 77
110550, 78
110591, 79
110620, 80
110661, 81
110689, 82
110717, 83
110759, 84
110786, 85
110816, 86
110855, 87
110884, 88
110926, 89
110954, 90
110995, 91
111010, 92
111050, 93
111092, 94
111119, 95
111162, 96
111175, 97
111218, 98
111260, 99
111302, 100
111315, 101
111358, 102
111387, 103
111426, 104
111454, 105
111497, 106
111511, 107
111554, 108
111593, 109
111624, 110
111649, 111
111690, 112
111732, 113
111747, 114
111790, 115
111830, 116
111859, 117
111886, 118
111928, 119
111956, 120
111998, 121
112012, 122
112055, 123
112094, 124
112122, 125
112152, 126
112192, 127
112222, 128
112262, 129
112289, 130
112319, 131
112359, 132
112387, 133
112429, 134
112459, 135
112487, 136
112526, 137
112554, 138
112595, 139
112624, 140
112653, 141
112692, 142
112723, 143
112752, 144
112791, 145
112819, 146
112861, 147
112889, 148
112921, 149
112960, 150
112988, 151
113028, 152
113057, 153
113099, 154
113127, 155
113154, 156
113196, 157
113224, 158
113253, 159
113292, 160
113322, 161
113363, 162
113391, 163
113420, 164
113461, 165
113489, 166
113530, 167
113558, 168
113629, 169
113642, 170
113683, 171
113711, 172
113752, 173
113780, 174
113809, 175
113850, 176
113878, 177
113907, 178
113945, 179
113975, 180
114017, 181
114043, 182
114085, 183
114100, 184
114141, 185
114183, 186
114211, 187
114241, 188
114280, 189
114308, 190
114351, 191
114379, 192
114406, 193
114448, 194
114477, 195
114516, 196
114545, 197
114573, 198
114614, 199
114644, 200
114684, 201
114712, 202
114741, 203
114781, 204
114811, 205
114851, 206
114879, 207
114922, 208
114936, 209
114977, 210
115018, 211
115046, 212
115088, 213
115116, 214
115131, 215
115186, 216
115201, 217
115241, 218
115282, 219
115310, 220
115342, 221
115381, 222
115409, 223
115450, 224
115479, 225
115508, 226
115550, 227
115577, 228
115607, 229
115645, 230
115686, 231
115714, 232
115743, 233
115784, 234
115813, 235
115853, 236
115868, 237
115950, 238
115966, 239
116005, 240
116033, 241
116062, 242
116104, 243
116132, 244
116161, 245
116201, 246
116230, 247
116270, 248
116299, 249
116328, 250
116367, 251
116396, 252
116438, 253
116466, 254
116495, 255
116535, 256
116563, 257
116592, 258
116632, 259
116660, 260
116702, 261
116730, 262
116758, 263
116799, 264
116829, 265
116868, 266
116896, 267
116925, 268
116966, 269
116993, 270
117036, 271
117063, 272
117093, 273
117133, 274
117161, 275
117204, 276
117218, 277
117274, 278
117289, 279
117330, 280
117369, 281
117399, 282
117430, 283
117468, 284
117496, 285
117529, 286
117566, 287
117606, 288
117623, 289
117664, 290
117704, 291
117724, 292
117773, 293
117788, 294
117829, 295
117872, 296
117889, 297
117941, 298
117960, 299
118011, 300
118027, 301
118064, 302
118096, 303
118168, 304
118192, 305
118209, 306
118258, 307
118289, 308
118317, 309
118360, 310
118386, 311
118426, 312
118442, 313
118485, 314
118524, 315
118539, 316
118594, 317
118612, 318
118650, 319
118692, 320
118709, 321
118762, 322
118781, 323
118818, 324
118859, 325
118878, 326
118919, 327
118959, 328
118983, 329
119026, 330
119054, 331
119082, 332
119111, 333
119156, 334
119193, 335
119220, 336
119264, 337
119289, 338
119317, 339
119358, 340
119375, 341
119414, 342
119457, 343
119486, 344
119513, 345
119555, 346
119597, 347
119625, 348
119651, 349
119698, 350
119726, 351
119768, 352
119794, 353
119835, 354
119867, 355
119889, 356
119932, 357
119962, 358
119987, 359
120027, 360
120068, 361
120083, 362
120130, 363
120158, 364
120181, 365
120239, 366
120289, 367
120317, 368
120357, 369
120387, 370
120409, 371
120467, 372
120491, 373
120519, 374
120544, 375
120595, 376
120624, 377
120660, 378
120686, 379
120736, 380
120761, 381
120789, 382
120833, 383
120863, 384
120891, 385
120934, 386
120964, 387
120990, 388
121040, 389
121067, 390
121096, 391
121125, 392
121167, 393
121195, 394
121222, 395
121265, 396
121291, 397
121336, 398
121369, 399
121412, 400
121452, 401
121485, 402
121523, 403
121565, 404
121605, 405
121690, 406
121728, 407
121756, 408
121783, 409
121826, 410
121853, 411
121879, 412
121931, 413
121960, 414
121985, 415
122030, 416
122056, 417
122081, 418
122120, 419
122161, 420
122188, 421
122215, 422
122266, 423
122294, 424
122319, 425
122363, 426
122391, 427
122419, 428
122450, 429
122499, 430
122528, 431
122557, 432
122593, 433
122624, 434
122663, 435
122692, 436
122746, 437
122794, 438
122819, 439
122851, 440
122889, 441
122918, 442
122965, 443
122994, 444
123021, 445
123050, 446
123087, 447
123116, 448
123146, 449
123196, 450
123228, 451
123256, 452
123293, 453
123319, 454
123359, 455
123391, 456
123420, 457
123442, 458
123497, 459
123527, 460
123550, 461
123589, 462
123630, 463
123661, 464
123691, 465
123730, 466
123754, 467
123805, 468
123835, 469
123886, 470
123914, 471
123954, 472
123978, 473
124008, 474
124045, 475
124088, 476
124117, 477
124159, 478
124184, 479
124238, 480
124267, 481
124297, 482
124330, 483
124362, 484
124408, 485
124436, 486
124474, 487
124503, 488
124532, 489
124573, 490
124598, 491
124647, 492
124677, 493
124700, 494
124740, 495
124768, 496
124833, 497
124861, 498
124888, 499
124926, 500
124951, 501
124983, 502
125022, 503
125061, 504
125092, 505
125128, 506
125154, 507
125182, 508
125231, 509
125257, 510
125289, 511
125315, 512
125372, 513
125401, 514
125426, 515
125452, 516
125495, 517
125524, 518
125554, 519
125579, 520
125630, 521
125664, 522
125691, 523
125726, 524
125783, 525
125810, 526
125847, 527
125876, 528
125919, 529
125943, 530
125987, 531
126013, 532
126052, 533
126079, 534
126120, 535
126146, 536
126189, 537
126212, 538
126240, 539
126291, 540
126320, 541
126347, 542
126388, 543
126415, 544
126441, 545
126500, 546
126534, 547
126569, 548
126595, 549
126622, 550
126652, 551
126679, 552
126762, 553
126787, 554
126816, 555
126844, 556
126875, 557
126926, 558
126954, 559
126979, 560
127014, 561
127055, 562
127088, 563
127114, 564
127151, 565
127188, 566
127216, 567
127241, 568
127295, 569
127328, 570
127363, 571
127395, 572
127419, 573
127464, 574
127501, 575
127529, 576
127556, 577
127609, 578
127640, 579
127680, 580
127705, 581
127738, 582
127819, 583
127852, 584
127878, 585
127918, 586
127945, 587
127985, 588
128014, 589
128055, 590
128084, 591
128109, 592
128151, 593
128187, 594
128217, 595
128243, 596
128282, 597
128322, 598
128350, 599
128380, 600
128411, 601
128436, 602
128489, 603
128521, 604
128558, 605
128589, 606
128612, 607
128667, 608
128696, 609
128725, 610
128757, 611
128812, 612
128841, 613
128868, 614
128890, 615
128933, 616
128962, 617
128988, 618
129035, 619
129059, 620
129101, 621
129125, 622
129164, 623
129194, 624
129219, 625
129271, 626
129299, 627
129325, 628
129350, 629
129414, 630
129453, 631
129487, 632
129514, 633
129542, 634
129581, 635
129606, 636
129646, 637
129680, 638
129713, 639
129746, 640
129779, 641
129830, 642
129856, 643
129901, 644
129930, 645
129972, 646
130006, 647
130046, 648
130071, 649
130109, 650
130149, 651
130176, 652
130204, 653
130239, 654
130281, 655
130309, 656
130347, 657
130378, 658
130404, 659
130450, 660
130480, 661
130514, 662
130542, 663
130574, 664
130618, 665
130652, 666
130695, 667
130731, 668
130753, 669
130822, 670
130847, 671
130885, 672
130914, 673
130937, 674
130980, 675
131007, 676
131048, 677
131078, 678
131108, 679
131147, 680
131187, 681
131212, 682
131249, 683
131277, 684
131322, 685
131349, 686
131372, 687
131425, 688
131454, 689
131485, 690
131512, 691
131547, 692
131572, 693
131615, 694
131641, 695
131681, 696
131712, 697
131738, 698
131773, 699
131816, 700
131863, 701
131886, 702
131938, 703
131967, 704
132005, 705
132035, 706
132068, 707
132093, 708
132134, 709
132161, 710
132199, 711
132229, 712
132264, 713
132290, 714
132345, 715
132371, 716
132401, 717
132428, 718
132488, 719
132525, 720
132552, 721
132582, 722
132608, 723
132637, 724
132693, 725
132721, 726
132746, 727
132786, 728
132816, 729
132853, 730
132908, 731
132936, 732
132965, 733
133014, 734
133045, 735
133082, 736
133108, 737
133139, 738
133174, 739
133204, 740
133256, 741
133281, 742
133306, 743
133351, 744
133379, 745
133416, 746
133446, 747
133473, 748
133509, 749
133539, 750
133590, 751
133618, 752
133648, 753
133676, 754
133710, 755
133756, 756
133784, 757
133823, 758
133862, 759
133889, 760
133946, 761
133975, 762
134011, 763
134047, 764
134078, 765
134107, 766
134146, 767
134172, 768
134227, 769
134257, 770
134294, 771
134325, 772
134363, 773
134389, 774
134418, 775
134447, 776
134502, 777
134526, 778
134561, 779
134595, 780
134626, 781
134657, 782
134697, 783
134732, 784
134765, 785
134805, 786
134843, 787
134880, 788
134911, 789
135008, 790
135034, 791
135070, 792
135112, 793
135148, 794
135183, 795
135217, 796
135246, 797
135290, 798
135327, 799
135353, 800
135380, 801
135436, 802
135467, 803
135505, 804
135540, 805
135572, 806
135609, 807
135639, 808
135664, 809
135702, 810
135732, 811
135770, 812
135797, 813
135849, 814
135878, 815
135945, 816
135973, 817
136008, 818
136037, 819
136065, 820
136094, 821
136139, 822
136174, 823
136212, 824
136252, 825
136280, 826
136329, 827
136362, 828
136400, 829
136428, 830
136461, 831
136492, 832
136516, 833
136561, 834
136587, 835
136641, 836
136668, 837
136696, 838
136726, 839
136759, 840
136801, 841
136841, 842
136896, 843
136927, 844
136960, 845
137000, 846
137027, 847
137077, 848
137107, 849
137136, 850
137163, 851
137200, 852
137230, 853
137261, 854
137290, 855
137337, 856
137366, 857
137403, 858
137431, 859
137459, 860
137511, 861
137541, 862
137569, 863
137596, 864
137637, 865
137668, 866
137700, 867
137727, 868
137767, 869
137840, 870
137871, 871
137896, 872
137932, 873
137967, 874
137991, 875
138043, 876
138069, 877
138099, 878
138124, 879
138177, 880
138205, 881
138234, 882
138265, 883
138298, 884
138331, 885
138358, 886
138404, 887
138443, 888
138479, 889
138503, 890
138533, 891
138559, 892
138610, 893
138640, 894
138668, 895
138700, 896
138735, 897
138762, 898
138815, 899
138845, 900
138873, 901
138902, 902
138929, 903
138971, 904
139000, 905
139028, 906
139071, 907
139100, 908
139130, 909
139179, 910
139209, 911
139238, 912
139273, 913
139304, 914
139333, 915
139358, 916
139413, 917
139439, 918
139467, 919
139503, 920
139529, 921
139572, 922
139599, 923
139639, 924
139667, 925
139734, 926
139767, 927
139793, 928
139818, 929
139856, 930
139895, 931
139925, 932
139951, 933
139992, 934
140020, 935
140061, 936
140086, 937
140128, 938
140156, 939
140183, 940
140224, 941
140253, 942
140282, 943
140325, 944
140353, 945
140382, 946
140426, 947
140453, 948
140491, 949
140515, 950
140576, 951
140598, 952
140623, 953
140665, 954
140742, 955
140778, 956
140807, 957
140833, 958
140883, 959
140911, 960
140938, 961
140980, 962
141006, 963
141054, 964
141077, 965
141114, 966
141141, 967
141167, 968
141211, 969
141250, 970
141278, 971
141302, 972
141356, 973
141383, 974
141408, 975
141449, 976
141475, 977
141506, 978
141547, 979
141601, 980
141633, 981
141662, 982
141697, 983
141723, 984
141783, 985
141806, 986
141834, 987
141862, 988
141912, 989
141939, 990
141965, 991
142005, 992
142046, 993
142076, 994
142107, 995
142131, 996
142174, 997
142204, 998
142231, 999
142271, 1000
142303, 1001
142325, 1002
142378, 1003
142409, 1004
142436, 1005
142464, 1006
142541, 1007
142573, 1008
142600, 1009
142637, 1010
142665, 1011
142690, 1012
142730, 1013
142758, 1014
142801, 1015
142833, 1016
142870, 1017
142895, 1018
142937, 1019
142965, 1020
142996, 1021
143021, 1022
143062, 1023
143101, 1024
143132, 1025
143156, 1026
143213, 1027
143241, 1028
143273, 1029
143299, 1030
143338, 1031
143368, 1032
143409, 1033
143430, 1034
143474, 1035
143499, 1036
143551, 1037
143579, 1038
143604, 1039
143646, 1040
143675, 1041
143705, 1042
143744, 1043
143774, 1044
143797, 1045
143852, 1046
143880, 1047
143918, 1048
143945, 1049
143973, 1050
144013, 1051
144043, 1052
144068, 1053
144125, 1054
144149, 1055
144175, 1056
144217, 1057
144270, 1058
144301, 1059
144336, 1060
144366, 1061
144392, 1062
144443, 1063
144470, 1064
144501, 1065
144528, 1066
144579, 1067
144607, 1068
144630, 1069
144671, 1070
144697, 1071
144722, 1072
144779, 1073
144804, 1074
144846, 1075
144875, 1076
144901, 1077
144932, 1078
144959, 1079
145011, 1080
145036, 1081
145074, 1082
145103, 1083
145129, 1084
145160, 1085
145209, 1086
145268, 1087
145306, 1088
145331, 1089
145361, 1090
145392, 1091
145436, 1092
145463, 1093
145493, 1094
145518, 1095
145562, 1096
145589, 1097
145625, 1098
145667, 1099
145694, 1100
145726, 1101
145750, 1102
145791, 1103
145839, 1104
145873, 1105
145898, 1106
145921, 1107
145963, 1108
145988, 1109
146029, 1110
146060, 1111
146124, 1112
146154, 1113
146189, 1114
146228, 1115
146258, 1116
146285, 1117
146327, 1118
146356, 1119
146379, 1120
146433, 1121
146459, 1122
146487, 1123
146532, 1124
146557, 1125
146584, 1126
146612, 1127
146666, 1128
146693, 1129
146717, 1130
146756, 1131
146797, 1132
146826, 1133
146853, 1134
146895, 1135
146923, 1136
146949, 1137
147003, 1138
147077, 1139
147104, 1140
147132, 1141
147159, 1142
147200, 1143
147230, 1144
147255, 1145
147295, 1146
147338, 1147
147364, 1148
147394, 1149
147420, 1150
147464, 1151
147493, 1152
147531, 1153
147559, 1154
147600, 1155
147631, 1156
147667, 1157
147696, 1158
147725, 1159
147770, 1160
147799, 1161
147826, 1162
147880, 1163
147910, 1164
147952, 1165
147979, 1166
148022, 1167
148049, 1168
148090, 1169
148117, 1170
148158, 1171
148191, 1172
148217, 1173
148267, 1174
148300, 1175
148339, 1176
148372, 1177
148402, 1178
148432, 1179
148459, 1180
148487, 1181
148539, 1182
148577, 1183
148601, 1184
148663, 1185
148682, 1186
148711, 1187
148746, 1188
148795, 1189
148821, 1190
148847, 1191
148895, 1192
148922, 1193
148943, 1194
148985, 1195
149015, 1196
149041, 1197
149092, 1198
149121, 1199
149148, 1200
149176, 1201
149220, 1202
149249, 1203
149273, 1204
149332, 1205
149361, 1206
149385, 1207
149425, 1208
149480, 1209
149508, 1210
149531, 1211
149583, 1212
149612, 1213
149642, 1214
149670, 1215
149698, 1216
149747, 1217
149779, 1218
149813, 1219
149839, 1220
149878, 1221
149904, 1222
149945, 1223
149973, 1224
150017, 1225
150044, 1226
150070, 1227
150110, 1228
150150, 1229
150180, 1230
150203, 1231
150245, 1232
150277, 1233
150333, 1234
150356, 1235
150406, 1236
150435, 1237
150468, 1238
150499, 1239
150526, 1240
150567, 1241
150596, 1242
150619, 1243
150674, 1244
150702, 1245
150726, 1246
150767, 1247
150798, 1248
150833, 1249
150858, 1250
150902, 1251
150928, 1252
150973, 1253
151001, 1254
151028, 1255
151075, 1256
151125, 1257
151153, 1258
151182, 1259
151212, 1260
151240, 1261
151279, 1262
151308, 1263
151348, 1264
151376, 1265
151406, 1266
151448, 1267
151476, 1268
151504, 1269
151544, 1270
151583, 1271
151611, 1272
151648, 1273
151675, 1274
151716, 1275
151742, 1276
151786, 1277
151808, 1278
151851, 1279
151877, 1280
151908, 1281
151937, 1282
152035, 1283
152062, 1284
152085, 1285
152124, 1286
152152, 1287
152181, 1288
152229, 1289
152258, 1290
152286, 1291
152323, 1292
152365, 1293
152399, 1294
152427, 1295
152464, 1296
152489, 1297
152527, 1298
152556, 1299
152596, 1300
152624, 1301
152656, 1302
152697, 1303
152723, 1304
152752, 1305
152819, 1306
152849, 1307
152875, 1308
152903, 1309
152942, 1310
152979, 1311
153008, 1312
153035, 1313
153077, 1314
153107, 1315
153136, 1316
153172, 1317
153210, 1318
153248, 1319
153277, 1320
153303, 1321
153355, 1322
153384, 1323
153411, 1324
153438, 1325
153477, 1326
153504, 1327
153545, 1328
153573, 1329
153628, 1330
153650, 1331
153676, 1332
153729, 1333
153756, 1334
153784, 1335
153825, 1336
153853, 1337
153886, 1338
153911, 1339
153956, 1340
153996, 1341
154020, 1342
154061, 1343
154087, 1344
154128, 1345
154160, 1346
154186, 1347
154216, 1348
154267, 1349
154292, 1350
154321, 1351
154373, 1352
154412, 1353
154441, 1354
154466, 1355
154511, 1356
154542, 1357
154571, 1358
154616, 1359
154645, 1360
154669, 1361
154707, 1362
154746, 1363
154774, 1364
154803, 1365
154842, 1366
154871, 1367
154913, 1368
154941, 1369
154972, 1370
154997, 1371
155052, 1372
155108, 1373
155134, 1374
155162, 1375
155189, 1376
155232, 1377
155260, 1378
155289, 1379
155331, 1380
155358, 1381
155398, 1382
155426, 1383
155470, 1384
155498, 1385
155525, 1386
155566, 1387
155592, 1388
155634, 1389
155667, 1390
155688, 1391
155731, 1392
155768, 1393
155801, 1394
155826, 1395
155904, 1396
155931, 1397
155961, 1398
155990, 1399
156014, 1400
156065, 1401
156094, 1402
156118, 1403
156158, 1404
156197, 1405
156225, 1406
156250, 1407
156294, 1408
156321, 1409
156348, 1410
156402, 1411
156430, 1412
156461, 1413
156496, 1414
156535, 1415
156566, 1416
156591, 1417
156699, 1418
156726, 1419
156752, 1420
156793, 1421
156822, 1422
156849, 1423
156894, 1424
156920, 1425
156945, 1426
156987, 1427
157026, 1428
157053, 1429
157093, 1430
157122, 1431
157150, 1432
157179, 1433
157215, 1434
157253, 1435
157295, 1436
157322, 1437
157372, 1438
157402, 1439
157429, 1440
157470, 1441
157504, 1442
157528, 1443
157570, 1444
157598, 1445
157626, 1446
157680, 1447
157707, 1448
157734, 1449
157763, 1450
157808, 1451
157835, 1452
157865, 1453
157894, 1454
157945, 1455
157972, 1456
158007, 1457
158057, 1458
158095, 1459
158121, 1460
158171, 1461
158200, 1462
158227, 1463
158254, 1464
158283, 1465
158337, 1466
158365, 1467
158392, 1468
158433, 1469
158463, 1470
158499, 1471
158526, 1472
158552, 1473
158603, 1474
158631, 1475
158660, 1476
158725, 1477
158753, 1478
158778, 1479
158818, 1480
158850, 1481
158882, 1482
158915, 1483
158954, 1484
158982, 1485
159024, 1486
159049, 1487
159101, 1488
159131, 1489
159160, 1490
159182, 1491
159236, 1492
159266, 1493
159290, 1494
159317, 1495
159386, 1496
159413, 1497
159443, 1498
159476, 1499
159501, 1500
159549, 1501
159578, 1502
159605, 1503
159651, 1504
159677, 1505
159700, 1506
159740, 1507
159777, 1508
159809, 1509
159835, 1510
159883, 1511
159916, 1512
159940, 1513
159979, 1514
160008, 1515
160035, 1516
160081, 1517
160127, 1518
160157, 1519
160184, 1520
160217, 1521
160252, 1522
160279, 1523
160329, 1524
160361, 1525
160387, 1526
160426, 1527
160451, 1528
160491, 1529
160516, 1530
160554, 1531
160597, 1532
160625, 1533
160651, 1534
160691, 1535
160720, 1536
160746, 1537
160873, 1538
160927, 1539
160959, 1540
160985, 1541
161011, 1542
161057, 1543
161092, 1544
161115, 1545
161156, 1546
161190, 1547
161223, 1548
161251, 1549
161291, 1550
161333, 1551
161361, 1552
161389, 1553
161425, 1554
161462, 1555
161495, 1556
161539, 1557
161570, 1558
161600, 1559
161641, 1560
161669, 1561
161695, 1562
161747, 1563
161774, 1564
161802, 1565
161831, 1566
161859, 1567
161912, 1568
161940, 1569
161965, 1570
162004, 1571
162044, 1572
162076, 1573
162104, 1574
162136, 1575
162186, 1576
162208, 1577
162260, 1578
162289, 1579
162316, 1580
162358, 1581
162388, 1582
162415, 1583
162467, 1584
162494, 1585
162519, 1586
162556, 1587
162585, 1588
162611, 1589
162669, 1590
162696, 1591
162720, 1592
162762, 1593
162796, 1594
162846, 1595
162875, 1596
162918, 1597
162943, 1598
162988, 1599
163014, 1600
163053, 1601
163083, 1602
163111, 1603
163149, 1604
163184, 1605
163216, 1606
163253, 1607
163281, 1608
163310, 1609
163353, 1610
163378, 1611
163420, 1612
163446, 1613
163514, 1614
163543, 1615
163571, 1616
163614, 1617
163643, 1618
163671, 1619
163700, 1620
163740, 1621
163783, 1622
163809, 1623
163835, 1624
163878, 1625
163904, 1626
163933, 1627
163976, 1628
164004, 1629
164032, 1630
164075, 1631
164102, 1632
164142, 1633
164206, 1634
164226, 1635
164265, 1636
164293, 1637
164324, 1638
164352, 1639
164385, 1640
164433, 1641
164462, 1642
164485, 1643
164523, 1644
164566, 1645
164592, 1646
164633, 1647
164661, 1648
164688, 1649
164731, 1650
164759, 1651
164788, 1652
164828, 1653
164857, 1654
164948, 1655
164986, 1656
165027, 1657
165056, 1658
165082, 1659
165121, 1660
165149, 1661
165189, 1662
165217, 1663
165245, 1664
165285, 1665
165330, 1666
165355, 1667
165380, 1668
165421, 1669
165455, 1670
165480, 1671
165531, 1672
165582, 1673
165618, 1674
165653, 1675
165679, 1676
165706, 1677
165757, 1678
165789, 1679
165814, 1680
165840, 1681
165886, 1682
165910, 1683
165950, 1684
165976, 1685
166017, 1686
166043, 1687
166082, 1688
166113, 1689
166144, 1690
166188, 1691
166233, 1692
166256, 1693
166302, 1694
166328, 1695
166371, 1696
166397, 1697
166423, 1698
166476, 1699
166511, 1700
166539, 1701
166572, 1702
166598, 1703
166625, 1704
166675, 1705
166703, 1706
166731, 1707
166772, 1708
166823, 1709
166849, 1710
166885, 1711
166922, 1712
166948, 1713
166998, 1714
167026, 1715
167053, 1716
167081, 1717
167122, 1718
167150, 1719
167193, 1720
167220, 1721
167246, 1722
167289, 1723
167316, 1724
167359, 1725
167389, 1726
167436, 1727
167471, 1728
167497, 1729
167535, 1730
167564, 1731
167601, 1732
167640, 1733
167669, 1734
167696, 1735
167737, 1736
167764, 1737
167807, 1738
167830, 1739
167874, 1740
167902, 1741
167930, 1742
167959, 1743
168013, 1744
168070, 1745
168093, 1746
168121, 1747
168159, 1748
168187, 1749
168213, 1750
168262, 1751
168289, 1752
168334, 1753
168363, 1754
168400, 1755
168430, 1756
168452, 1757
168496, 1758
168521, 1759
168568, 1760
168597, 1761
168625, 1762
168702, 1763
168736, 1764
168763, 1765
168814, 1766
168840, 1767
168865, 1768
168906, 1769
168933, 1770
168974, 1771
169006, 1772
169032, 1773
169084, 1774
169115, 1775
169144, 1776
169174, 1777
169208, 1778
169230, 1779
169305, 1780
169328, 1781
169355, 1782
169394, 1783
169426, 1784
169451, 1785
169502, 1786
169536, 1787
169560, 1788
169594, 1789
169625, 1790
169649, 1791
169703, 1792
169735, 1793
169761, 1794
169797, 1795
169853, 1796
169874, 1797
169914, 1798
169953, 1799
169982, 1800
170008, 1801
170047, 1802
170079, 1803
170128, 1804
170153, 1805
170178, 1806
170218, 1807
170257, 1808
170285, 1809
170310, 1810
170355, 1811
170384, 1812
170433, 1813
170461, 1814
170488, 1815
170545, 1816
170570, 1817
170596, 1818
170635, 1819
170667, 1820
170691, 1821
170743, 1822
170768, 1823
170799, 1824
170823, 1825
170879, 1826
170907, 1827
170936, 1828
170963, 1829
171007, 1830
171061, 1831
171086, 1832
171112, 1833
171151, 1834
171180, 1835
171206, 1836
171261, 1837
171284, 1838
171310, 1839
171353, 1840
171381, 1841
171422, 1842
171452, 1843
171481, 1844
171524, 1845
171551, 1846
171585, 1847
171634, 1848
171667, 1849
171696, 1850
171733, 1851
171762, 1852
171803, 1853
171832, 1854
171868, 1855
171908, 1856
171937, 1857
171974, 1858
172000, 1859
172039, 1860
172070, 1861
172095, 1862
172147, 1863
172177, 1864
172250, 1865
172272, 1866
172316, 1867
172341, 1868
172369, 1869
172410, 1870
172454, 1871
172481, 1872
172507, 1873
172551, 1874
172574, 1875
172613, 1876
172651, 1877
172679, 1878
172706, 1879
172748, 1880
172806, 1881
172827, 1882
172853, 1883
172896, 1884
172922, 1885
172961, 1886
172988, 1887
173027, 1888
173068, 1889
173098, 1890
173123, 1891
173166, 1892
173191, 1893
173233, 1894
173263, 1895
173292, 1896
173344, 1897
173368, 1898
173402, 1899
173450, 1900
173477, 1901
173504, 1902
173542, 1903
173584, 1904
173611, 1905
173638, 1906
173681, 1907
173712, 1908
173742, 1909
173776, 1910
173801, 1911
173866, 1912
173892, 1913
173926, 1914
173952, 1915
173980, 1916
174022, 1917
174056, 1918
174084, 1919
174123, 1920
174163, 1921
174190, 1922
174215, 1923
174253, 1924
174294, 1925
174323, 1926
174352, 1927
174419, 1928
174444, 1929
174471, 1930
174498, 1931
174543, 1932
174567, 1933
174608, 1934
174640, 1935
174678, 1936
174715, 1937
174742, 1938
174781, 1939
174810, 1940
174837, 1941
174877, 1942
174943, 1943
174975, 1944
175002, 1945
175032, 1946
175059, 1947
175106, 1948
175144, 1949
175181, 1950
175206, 1951
175235, 1952
175260, 1953
175314, 1954
175348, 1955
175384, 1956
175408, 1957
175434, 1958
175525, 1959
175546, 1960
175582, 1961
175612, 1962
175635, 1963
175688, 1964
175717, 1965
175743, 1966
175773, 1967
175812, 1968
175835, 1969
175884, 1970
175911, 1971
175940, 1972
175997, 1973
176046, 1974
176073, 1975
176114, 1976
176142, 1977
176170, 1978
176199, 1979
176230, 1980
176278, 1981
176305, 1982
176328, 1983
176383, 1984
176410, 1985
176437, 1986
176480, 1987
176507, 1988
176536, 1989
176587, 1990
176626, 1991
176655, 1992
176680, 1993
176725, 1994
176756, 1995
176783, 1996
176820, 1997
176859, 1998
176887, 1999
176914, 2000
176965, 2001
176992, 2002
177019, 2003
177046, 2004
177088, 2005
177129, 2006
177159, 2007
177209, 2008
177235, 2009
177262, 2010
177311, 2011
177338, 2012
177366, 2013
177403, 2014
177446, 2015
177473, 2016
177500, 2017
177547, 2018
177574, 2019
177597, 2020
177640, 2021
177667, 2022
177703, 2023
177745, 2024
177774, 2025
177800, 2026
177844, 2027
177888, 2028
177912, 2029
177950, 2030
177987, 2031
178014, 2032
178054, 2033
178083, 2034
178106, 2035
178160, 2036
178188, 2037
178208, 2038
178257, 2039
178274, 2040
178327, 2041
178353, 2042
178390, 2043
178406, 2044
178458, 2045
178485, 2046
178510, 2047
178552, 2048
178580, 2049
178622, 2050
178638, 2051
178735, 2052
178763, 2053
178784, 2054
178814, 2055
178840, 2056
178880, 2057
178919, 2058
178935, 2059
178984, 2060
179014, 2061
179053, 2062
179082, 2063
179109, 2064
179149, 2065
179178, 2066
179219, 2067
179234, 2068
179286, 2069
179313, 2070
179355, 2071
179372, 2072
179409, 2073
179447, 2074
179475, 2075
179514, 2076
179556, 2077
179570, 2078
179670, 2079
179682, 2080
179722, 2081
179750, 2082
179791, 2083
179819, 2084
179850, 2085
179889, 2086
179916, 2087
179958, 2088
179986, 2089
180016, 2090
180055, 2091
180084, 2092
180125, 2093
180139, 2094
180184, 2095
180221, 2096
180252, 2097
180280, 2098
180321, 2099
180350, 2100
180390, 2101
180418, 2102
180447, 2103
180488, 2104
180516, 2105
180558, 2106
180585, 2107
180616, 2108
180656, 2109
180684, 2110
180714, 2111
180753, 2112
180782, 2113
180812, 2114
180877, 2115
180891, 2116
180921, 2117
180950, 2118
180990, 2119
181018, 2120
181049, 2121
181086, 2122
181116, 2123
181157, 2124
181186, 2125
181216, 2126
181255, 2127
181283, 2128
181311, 2129
181353, 2130
181381, 2131
181422, 2132
181450, 2133
181492, 2134
181520, 2135
181549, 2136
181590, 2137
181618, 2138
181645, 2139
181685, 2140
181714, 2141
181756, 2142
181785, 2143
181814, 2144
181855, 2145
181883, 2146
181913, 2147
181951, 2148
181982, 2149
182021, 2150
182050, 2151
182081, 2152
182133, 2153
182147, 2154
182189, 2155
182217, 2156
182258, 2157
182287, 2158
182314, 2159
182357, 2160
182384, 2161
182412, 2162
182454, 2163
182481, 2164
182524, 2165
182552, 2166
182579, 2167
182621, 2168
182650, 2169
182679, 2170
182719, 2171
182748, 2172
182789, 2173
182804, 2174
182846, 2175
182885, 2176
182914, 2177
182956, 2178
182984, 2179
183012, 2180
183054, 2181
183082, 2182
183123, 2183
183152, 2184
183180, 2185
183221, 2186
183250, 2187
183289, 2188
183319, 2189
183348, 2190
183387, 2191
183417, 2192
183472, 2193
183485, 2194
183515, 2195
183555, 2196
183572, 2197
183623, 2198
183652, 2199
183680, 2200
183722, 2201
183749, 2202
183791, 2203
183820, 2204
183862, 2205
183876, 2206
183916, 2207
183957, 2208
183986, 2209
184014, 2210
184057, 2211
184084, 2212
184126, 2213
184154, 2214
184181, 2215
184224, 2216
184251, 2217
184279, 2218
184319, 2219
184362, 2220
184375, 2221
184417, 2222
184448, 2223
184489, 2224
184516, 2225
184544, 2226
184585, 2227
184616, 2228
184654, 2229
184683, 2230
184712, 2231
184807, 2232
184820, 2233
184837, 2234
184877, 2235
184906, 2236
184946, 2237
184974, 2238
185016, 2239
185044, 2240
185072, 2241
185113, 2242
185141, 2243
185180, 2244
185209, 2245
185240, 2246
185280, 2247
185307, 2248
185347, 2249
185376, 2250
185404, 2251
185446, 2252
185475, 2253
185517, 2254
185531, 2255
185574, 2256
185612, 2257
185641, 2258
185673, 2259
185711, 2260
185739, 2261
185782, 2262
185808, 2263
185839, 2264
185878, 2265
185906, 2266
185948, 2267
185976, 2268
186007, 2269
186045, 2270
186074, 2271
186116, 2272
186157, 2273
186171, 2274
186213, 2275
186255, 2276
186281, 2277
186324, 2278
186351, 2279
186391, 2280
186420, 2281
186448, 2282
186489, 2283
186517, 2284
186548, 2285
186587, 2286
186615, 2287
186657, 2288
186671, 2289
186714, 2290
186742, 2291
186783, 2292
186824, 2293
186838, 2294
186880, 2295
186922, 2296
186950, 2297
186992, 2298
187021, 2299
187050, 2300
187079, 2301
187118, 2302
187146, 2303
187185, 2304
187214, 2305
187256, 2306
187285, 2307
187315, 2308
187355, 2309
187381, 2310
187424, 2311
187438, 2312
187503, 2313
187521, 2314
187552, 2315
187579, 2316
187619, 2317
187660, 2318
187674, 2319
187715, 2320
187758, 2321
187775, 2322
187826, 2323
187840, 2324
187882, 2325
187913, 2326
187953, 2327
187982, 2328
188022, 2329
188051, 2330
188092, 2331
188109, 2332
188162, 2333
188179, 2334
188215, 2335
188260, 2336
188286, 2337
188315, 2338
188355, 2339
188382, 2340
188425, 2341
188440, 2342
188496, 2343
188510, 2344
188578, 2345
188621, 2346
188651, 2347
188692, 2348
188721, 2349
188761, 2350
188787, 2351
188828, 2352
188845, 2353
188884, 2354
188925, 2355
188954, 2356
188982, 2357
189025, 2358
189067, 2359
189095, 2360
189124, 2361
189146, 2362
189190, 2363
189218, 2364
189258, 2365
189286, 2366
189328, 2367
189345, 2368
189397, 2369
189414, 2370
189453, 2371
189496, 2372
189524, 2373
189567, 2374
189596, 2375
189624, 2376
189661, 2377
189704, 2378
189723, 2379
189764, 2380
189800, 2381
189831, 2382
189872, 2383
189901, 2384
189927, 2385
189969, 2386
189997, 2387
190039, 2388
190065, 2389
190098, 2390
190140, 2391
190169, 2392
190196, 2393
190233, 2394
190277, 2395
190302, 2396
190355, 2397
190375, 2398
190411, 2399
190457, 2400
190480, 2401
190511, 2402
190549, 2403
190576, 2404
190614, 2405
190656, 2406
190683, 2407
190709, 2408
190750, 2409
190779, 2410
190808, 2411
190848, 2412
190888, 2413
190917, 2414
190948, 2415
190984, 2416
191031, 2417
191075, 2418
191096, 2419
191135, 2420
191168, 2421
191193, 2422
191235, 2423
191263, 2424
191293, 2425
191320, 2426
191363, 2427
191405, 2428
191430, 2429
191456, 2430
191501, 2431
191530, 2432
191555, 2433
191599, 2434
191628, 2435
191660, 2436
191707, 2437
191736, 2438
191780, 2439
191807, 2440
191834, 2441
191879, 2442
191909, 2443
191937, 2444
191978, 2445
192007, 2446
192041, 2447
192066, 2448
192108, 2449
192145, 2450
192180, 2451
192220, 2452
192298, 2453
192326, 2454
192352, 2455
192406, 2456
192433, 2457
192462, 2458
192495, 2459
192520, 2460
192572, 2461
192597, 2462
192626, 2463
192671, 2464
192694, 2465
192736, 2466
192763, 2467
192814, 2468
192844, 2469
192870, 2470
192926, 2471
192951, 2472
192979, 2473
193019, 2474
193046, 2475
193074, 2476
193128, 2477
193156, 2478
193184, 2479
193210, 2480
193254, 2481
193282, 2482
193342, 2483
193369, 2484
193406, 2485
193433, 2486
193460, 2487
193489, 2488
193542, 2489
193571, 2490
193595, 2491
193632, 2492
193675, 2493
193703, 2494
193731, 2495
193756, 2496
193796, 2497
193859, 2498
193895, 2499
193934, 2500
193960, 2501
193994, 2502
194027, 2503
194056, 2504
194095, 2505
194122, 2506
194159, 2507
194186, 2508
194230, 2509
194261, 2510
194302, 2511
194364, 2512
194391, 2513
194418, 2514
194468, 2515
194500, 2516
194536, 2517
194565, 2518
194592, 2519
194632, 2520
194668, 2521
194698, 2522
194723, 2523
194761, 2524
194813, 2525
194846, 2526
194873, 2527
194920, 2528
194953, 2529
194983, 2530
195025, 2531
195060, 2532
195089, 2533
195140, 2534
195168, 2535
195205, 2536
195232, 2537
195302, 2538
195334, 2539
195369, 2540
195396, 2541
195435, 2542
195469, 2543
195505, 2544
195533, 2545
195578, 2546
195606, 2547
195634, 2548
195676, 2549
195709, 2550
195757, 2551
195802, 2552
195828, 2553
195855, 2554
195897, 2555
195924, 2556
195955, 2557
196003, 2558
196039, 2559
196075, 2560
196105, 2561
196130, 2562
196182, 2563
196234, 2564
196267, 2565
196303, 2566
196329, 2567
196355, 2568
196409, 2569
196439, 2570
196465, 2571
196504, 2572
196536, 2573
196558, 2574
196611, 2575
196642, 2576
196691, 2577
196720, 2578
196750, 2579
196778, 2580
196822, 2581
196858, 2582
196888, 2583
196916, 2584
196951, 2585
196979, 2586
197029, 2587
197057, 2588
197087, 2589
197136, 2590
197167, 2591
197199, 2592
197238, 2593
197278, 2594
197303, 2595
197356, 2596
197384, 2597
197420, 2598
197450, 2599
197482, 2600
197516, 2601
197544, 2602
197597, 2603
197630, 2604
197666, 2605
197705, 2606
197744, 2607
197779, 2608
197812, 2609
197836, 2610
197881, 2611
197914, 2612
197941, 2613
197993, 2614
198022, 2615
198071, 2616
198101, 2617
198127, 2618
198168, 2619
198197, 2620
198223, 2621
198265, 2622
198293, 2623
198334, 2624
198364, 2625
198391, 2626
198442, 2627
198523, 2628
198560, 2629
198587, 2630
198612, 2631
198652, 2632
198685, 2633
198718, 2634
198760, 2635
198795, 2636
198819, 2637
198866, 2638
198906, 2639
198956, 2640
198983, 2641
199018, 2642
199045, 2643
199073, 2644
199116, 2645
199144, 2646
199172, 2647
199223, 2648
199259, 2649
199287, 2650
199337, 2651
199375, 2652
199409, 2653
199446, 2654
199472, 2655
199522, 2656
199556, 2657
199592, 2658
199623, 2659
199657, 2660
199682, 2661
199743, 2662
199781, 2663
199817, 2664
199849, 2665
199884, 2666
199924, 2667
199949, 2668
199989, 2669
200017, 2670
200046, 2671
200074, 2672
200132, 2673
200185, 2674
200218, 2675
200245, 2676
200277, 2677
200300, 2678
200354, 2679
200385, 2680
200427, 2681
200460, 2682
200486, 2683
200524, 2684
200570, 2685
200620, 2686
200647, 2687
200692, 2688
200729, 2689
200755, 2690
200780, 2691
200819, 2692
200847, 2693
200872, 2694
200925, 2695
200953, 2696
200983, 2697
201059, 2698
201089, 2699
201125, 2700
201155, 2701
201182, 2702
201229, 2703
201258, 2704
201288, 2705
201329, 2706
201361, 2707
201400, 2708
201463, 2709
201500, 2710
201534, 2711
201569, 2712
201596, 2713
201645, 2714
201672, 2715
201697, 2716
201736, 2717
201763, 2718
201812, 2719
201841, 2720
201890, 2721
201920, 2722
201949, 2723
201988, 2724
202013, 2725
202070, 2726
202095, 2727
202120, 2728
202162, 2729
202192, 2730
202218, 2731
202290, 2732
202326, 2733
202354, 2734
202395, 2735
202421, 2736
202455, 2737
202481, 2738
202524, 2739
202554, 2740
202582, 2741
202620, 2742
202647, 2743
202717, 2744
202742, 2745
202769, 2746
202804, 2747
202834, 2748
202861, 2749
202899, 2750
202927, 2751
202983, 2752
203016, 2753
203055, 2754
203099, 2755
203133, 2756
203168, 2757
203207, 2758
203236, 2759
203276, 2760
203303, 2761
203329, 2762
203369, 2763
203407, 2764
203437, 2765
203514, 2766
203544, 2767
203584, 2768
203614, 2769
203647, 2770
203684, 2771
203718, 2772
203747, 2773
203793, 2774
203822, 2775
203867, 2776
203891, 2777
203937, 2778
203969, 2779
203999, 2780
204046, 2781
204075, 2782
204103, 2783
204131, 2784
204180, 2785
204212, 2786
204264, 2787
204291, 2788
204326, 2789
204362, 2790
204385, 2791
204435, 2792
204462, 2793
204489, 2794
204544, 2795
204574, 2796
204628, 2797
204662, 2798
204689, 2799
204715, 2800
204753, 2801
204789, 2802
204826, 2803
204855, 2804
204897, 2805
204933, 2806
204976, 2807
205008, 2808
205058, 2809
205093, 2810
205119, 2811
205154, 2812
205184, 2813
205223, 2814
205252, 2815
205293, 2816
205317, 2817
205379, 2818
205408, 2819
205439, 2820
205465, 2821
205489, 2822
205532, 2823
205559, 2824
205592, 2825
205631, 2826
205667, 2827
205693, 2828
205773, 2829
205800, 2830
205850, 2831
205884, 2832
205918, 2833
205945, 2834
205970, 2835
206022, 2836
206050, 2837
206097, 2838
206119, 2839
206146, 2840
206174, 2841
206225, 2842
206256, 2843
206290, 2844
206323, 2845
206359, 2846
206392, 2847
206441, 2848
206472, 2849
206518, 2850
206549, 2851
206581, 2852
206608, 2853
206666, 2854
206701, 2855
206737, 2856
206786, 2857
206819, 2858
206846, 2859
206875, 2860
206911, 2861
206940, 2862
206991, 2863
207018, 2864
207048, 2865
207086, 2866
207141, 2867
207177, 2868
207217, 2869
207258, 2870
207292, 2871
207322, 2872
207364, 2873
207393, 2874
207438, 2875
207496, 2876
207524, 2877
207562, 2878
207595, 2879
207628, 2880
207653, 2881
207704, 2882
207732, 2883
207762, 2884
207789, 2885
207886, 2886
207911, 2887
207939, 2888
207981, 2889
208005, 2890
208052, 2891
208082, 2892
208109, 2893
208135, 2894
208179, 2895
208235, 2896
208261, 2897
208291, 2898
208322, 2899
208382, 2900
208410, 2901
208446, 2902
208478, 2903
208508, 2904
208555, 2905
208588, 2906
208626, 2907
208657, 2908
208683, 2909
208721, 2910
208750, 2911
208779, 2912
208832, 2913
208882, 2914
208915, 2915
208940, 2916
208965, 2917
209017, 2918
209049, 2919
209083, 2920
209110, 2921
209138, 2922
209212, 2923
209244, 2924
209269, 2925
209294, 2926
209335, 2927
209364, 2928
209405, 2929
209434, 2930
209461, 2931
209498, 2932
209535, 2933
209581, 2934
209603, 2935
209652, 2936
209684, 2937
209724, 2938
209750, 2939
209791, 2940
209817, 2941
209845, 2942
209887, 2943
209962, 2944
209985, 2945
210032, 2946
210067, 2947
210093, 2948
210132, 2949
210160, 2950
210184, 2951
210261, 2952
210295, 2953
210321, 2954
210364, 2955
210404, 2956
210442, 2957
210471, 2958
210504, 2959
210530, 2960
210560, 2961
210612, 2962
210641, 2963
210667, 2964
210698, 2965
210730, 2966
210756, 2967
210809, 2968
210838, 2969
210865, 2970
210920, 2971
210946, 2972
210988, 2973
211015, 2974
211045, 2975
211096, 2976
211128, 2977
211163, 2978
211196, 2979
211257, 2980
211294, 2981
211320, 2982
211348, 2983
211373, 2984
211429, 2985
211455, 2986
211491, 2987
211538, 2988
211567, 2989
211600, 2990
211630, 2991
211668, 2992
211696, 2993
211747, 2994
211775, 2995
211811, 2996
211874, 2997
211916, 2998
211953, 2999
211995, 3000
212023, 3001
212052, 3002
212091, 3003
212120, 3004
212145, 3005
212219, 3006
212252, 3007
212279, 3008
212307, 3009
212332, 3010
212383, 3011
212410, 3012
212436, 3013
212478, 3014
212528, 3015
212561, 3016
212593, 3017
212626, 3018
212655, 3019
212685, 3020
212721, 3021
212751, 3022
212786, 3023
212832, 3024
212865, 3025
212891, 3026
212931, 3027
212961, 3028
213012, 3029
213041, 3030
213067, 3031
213096, 3032
213155, 3033
213191, 3034
213223, 3035
213250, 3036
213302, 3037
213336, 3038
213370, 3039
213396, 3040
213427, 3041
213480, 3042
213505, 3043
213543, 3044
213577, 3045
213615, 3046
213650, 3047
213674, 3048
213714, 3049
213742, 3050
213811, 3051
213842, 3052
213874, 3053
213905, 3054
213951, 3055
213982, 3056
214009, 3057
214036, 3058
214103, 3059
214132, 3060
214166, 3061
214195, 3062
214223, 3063
214261, 3064
214292, 3065
214345, 3066
214366, 3067
214419, 3068
214449, 3069
214476, 3070
214513, 3071
214540, 3072
214589, 3073
214625, 3074
214670, 3075
214699, 3076
214725, 3077
214754, 3078
214784, 3079
214818, 3080
214864, 3081
214875, 3082
214914, 3083
214952, 3084
214992, 3085
215017, 3086
215057, 3087
215085, 3088
215125, 3089
215153, 3090
215180, 3091
215226, 3092
215278, 3093
215290, 3094
215320, 3095
215362, 3096
215376, 3097
215415, 3098
215458, 3099
215486, 3100
215528, 3101
215542, 3102
215586, 3103
215626, 3104
215654, 3105
215684, 3106
215723, 3107
215752, 3108
215792, 3109
215817, 3110
215857, 3111
215882, 3112
215924, 3113
215950, 3114
215990, 3115
216017, 3116
216047, 3117
216129, 3118
216145, 3119
216183, 3120
216212, 3121
216254, 3122
216283, 3123
216324, 3124
216338, 3125
216380, 3126
216408, 3127
216450, 3128
216491, 3129
216505, 3130
216548, 3131
216576, 3132
216617, 3133
216657, 3134
216671, 3135
216714, 3136
216743, 3137
216784, 3138
216813, 3139
216854, 3140
216882, 3141
216924, 3142
216938, 3143
217007, 3144
217021, 3145
217048, 3146
217090, 3147
217104, 3148
217145, 3149
217187, 3150
217216, 3151
217246, 3152
217285, 3153
217314, 3154
217354, 3155
217382, 3156
217412, 3157
217453, 3158
217481, 3159
217523, 3160
217551, 3161
217579, 3162
217610, 3163
217647, 3164
217689, 3165
217718, 3166
217746, 3167
217788, 3168
217816, 3169
217845, 3170
217912, 3171
217927, 3172
217942, 3173
217984, 3174
218025, 3175
218039, 3176
218081, 3177
218122, 3178
218136, 3179
218190, 3180
218205, 3181
218260, 3182
218275, 3183
218317, 3184
218346, 3185
218386, 3186
218414, 3187
218456, 3188
218471, 3189
218525, 3190
218538, 3191
218582, 3192
218623, 3193
218637, 3194
218680, 3195
218721, 3196
218749, 3197
218805, 3198
218819, 3199
218847, 3200
218876, 3201
218916, 3202
218957, 3203
218985, 3204
219013, 3205
219056, 3206
219084, 3207
219112, 3208
219154, 3209
219181, 3210
219210, 3211
219250, 3212
219278, 3213
219321, 3214
219348, 3215
219377, 3216
219418, 3217
219445, 3218
219487, 3219
219516, 3220
219544, 3221
219585, 3222
219613, 3223
219655, 3224
219712, 3225
219753, 3226
219768, 3227
219795, 3228
219837, 3229
219851, 3230
219892, 3231
219932, 3232
219959, 3233
220001, 3234
220029, 3235
220071, 3236
220100, 3237
220128, 3238
220169, 3239
220197, 3240
220225, 3241
220266, 3242
220294, 3243
220336, 3244
220364, 3245
220393, 3246
220433, 3247
220463, 3248
220503, 3249
220530, 3250
220576, 3251
220588, 3252
220628, 3253
220658, 3254
220697, 3255
220738, 3256
220766, 3257
220795, 3258
220837, 3259
220864, 3260
220894, 3261
220934, 3262
220960, 3263
221003, 3264
221031, 3265
221060, 3266
221101, 3267
221130, 3268
221171, 3269
221186, 3270
221228, 3271
221269, 3272
221296, 3273
221327, 3274
221365, 3275
221397, 3276
221435, 3277
221464, 3278
221494, 3279
221534, 3280
221561, 3281
221631, 3282
221645, 3283
221660, 3284
221701, 3285
221729, 3286
221770, 3287
221799, 3288
221829, 3289
221868, 3290
221897, 3291
221938, 3292
221966, 3293
221994, 3294
222035, 3295
222064, 3296
222094, 3297
222133, 3298
222161, 3299
222203, 3300
222232, 3301
222259, 3302
222300, 3303
222330, 3304
222358, 3305
222398, 3306
222439, 3307
222453, 3308
222496, 3309
222543, 3310
222565, 3311
222604, 3312
222632, 3313
222675, 3314
222689, 3315
222729, 3316
222773, 3317
222799, 3318
222831, 3319
222870, 3320
222898, 3321
222940, 3322
222955, 3323
223009, 3324
223023, 3325
223064, 3326
223107, 3327
223121, 3328
223162, 3329
223204, 3330
223233, 3331
223260, 3332
223302, 3333
223332, 3334
223370, 3335
223399, 3336
223441, 3337
223469, 3338
223498, 3339
223538, 3340
223565, 3341
223594, 3342
223635, 3343
223665, 3344
223705, 3345
223735, 3346
223762, 3347
223804, 3348
223831, 3349
223873, 3350
223901, 3351
223942, 3352
223957, 3353
223998, 3354
224041, 3355
224069, 3356
224097, 3357
224137, 3358
224166, 3359
224207, 3360
224221, 3361
224277, 3362
224291, 3363
224333, 3364
224374, 3365
224388, 3366
224430, 3367
224471, 3368
224500, 3369
224528, 3370
224569, 3371
224598, 3372
224639, 3373
224654, 3374
224695, 3375
224735, 3376
224764, 3377
224806, 3378
224835, 3379
224864, 3380
224903, 3381
224932, 3382
224973, 3383
225001, 3384
225029, 3385
225071, 3386
225098, 3387
225128, 3388
225169, 3389
225251, 3390
225268, 3391
225291, 3392
225333, 3393
225362, 3394
225390, 3395
225432, 3396
225460, 3397
225488, 3398
225530, 3399
225557, 3400
225598, 3401
225627, 3402
225656, 3403
225698, 3404
225724, 3405
225755, 3406
225794, 3407
225822, 3408
225863, 3409
225892, 3410
225935, 3411
225949, 3412
225991, 3413
226030, 3414
226059, 3415
226116, 3416
226130, 3417
226155, 3418
226197, 3419
226225, 3420
226266, 3421
226295, 3422
226323, 3423
226365, 3424
226394, 3425
226422, 3426
226463, 3427
226490, 3428
226532, 3429
226547, 3430
226602, 3431
226615, 3432
226661, 3433
226687, 3434
226726, 3435
226755, 3436
226797, 3437
226825, 3438
226867, 3439
226895, 3440
226922, 3441
226964, 3442
227006, 3443
227019, 3444
227062, 3445
227079, 3446
227130, 3447
227158, 3448
227201, 3449
227232, 3450
227282, 3451
227316, 3452
227355, 3453
227380, 3454
227432, 3455
227463, 3456
227514, 3457
227586, 3458
227622, 3459
227649, 3460
227681, 3461
227710, 3462
227756, 3463
227790, 3464
227826, 3465
227856, 3466
227903, 3467
227956, 3468
227994, 3469
228022, 3470
228049, 3471
228091, 3472
228118, 3473
228145, 3474
228199, 3475
228226, 3476
228255, 3477
228285, 3478
228340, 3479
228374, 3480
228408, 3481
228449, 3482
228474, 3483
228517, 3484
228545, 3485
228573, 3486
228626, 3487
228656, 3488
228683, 3489
228709, 3490
228779, 3491
228804, 3492
228827, 3493
228865, 3494
228894, 3495
228935, 3496
228960, 3497
229005, 3498
229034, 3499
229061, 3500
229101, 3501
229132, 3502
229176, 3503
229198, 3504
229251, 3505
229279, 3506
229308, 3507
229348, 3508
229374, 3509
229420, 3510
229448, 3511
229472, 3512
229526, 3513
229556, 3514
229611, 3515
229638, 3516
229667, 3517
229703, 3518
229733, 3519
229761, 3520
229808, 3521
229835, 3522
229862, 3523
229919, 3524
229943, 3525
229971, 3526
230028, 3527
230058, 3528
230087, 3529
230139, 3530
230170, 3531
230201, 3532
230226, 3533
230274, 3534
230309, 3535
230333, 3536
230370, 3537
230397, 3538
230439, 3539
230485, 3540
230506, 3541
230549, 3542
230575, 3543
230613, 3544
230645, 3545
230681, 3546
230708, 3547
230747, 3548
230773, 3549
230815, 3550
230855, 3551
230884, 3552
230915, 3553
230941, 3554
230983, 3555
231066, 3556
231097, 3557
231124, 3558
231174, 3559
231202, 3560
231228, 3561
231269, 3562
231299, 3563
231334, 3564
231357, 3565
231412, 3566
231440, 3567
231463, 3568
231519, 3569
231545, 3570
231570, 3571
231611, 3572
231638, 3573
231677, 3574
231704, 3575
231748, 3576
231779, 3577
231810, 3578
231845, 3579
231876, 3580
231926, 3581
231956, 3582
232012, 3583
232036, 3584
232067, 3585
232091, 3586
232143, 3587
232171, 3588
232197, 3589
232235, 3590
232275, 3591
232304, 3592
232353, 3593
232381, 3594
232414, 3595
232466, 3596
232494, 3597
232528, 3598
232555, 3599
232586, 3600
232610, 3601
232670, 3602
232725, 3603
232760, 3604
232788, 3605
232827, 3606
232851, 3607
232887, 3608
232932, 3609
232959, 3610
232984, 3611
233020, 3612
233047, 3613
233108, 3614
233144, 3615
233180, 3616
233207, 3617
233236, 3618
233273, 3619
233302, 3620
233329, 3621
233382, 3622
233410, 3623
233465, 3624
233498, 3625
233523, 3626
233562, 3627
233586, 3628
233631, 3629
233661, 3630
233697, 3631
233722, 3632
233760, 3633
233799, 3634
233850, 3635
233880, 3636
233908, 3637
233937, 3638
233977, 3639
234007, 3640
234039, 3641
234074, 3642
234104, 3643
234137, 3644
234198, 3645
234231, 3646
234257, 3647
234291, 3648
234324, 3649
234349, 3650
234403, 3651
234430, 3652
234453, 3653
234493, 3654
234571, 3655
234600, 3656
234626, 3657
234675, 3658
234703, 3659
234730, 3660
234772, 3661
234799, 3662
234826, 3663
234892, 3664
234920, 3665
234954, 3666
234978, 3667
235002, 3668
235031, 3669
235077, 3670
235108, 3671
235169, 3672
235202, 3673
235238, 3674
235277, 3675
235313, 3676
235343, 3677
235373, 3678
235401, 3679
235438, 3680
235469, 3681
235518, 3682
235571, 3683
235604, 3684
235634, 3685
235663, 3686
235689, 3687
235733, 3688
235775, 3689
235835, 3690
235867, 3691
235912, 3692
235941, 3693
235970, 3694
236008, 3695
236036, 3696
236091, 3697
236118, 3698
236174, 3699
236198, 3700
236229, 3701
236268, 3702
236291, 3703
236341, 3704
236376, 3705
236413, 3706
236440, 3707
236477, 3708
236511, 3709
236545, 3710
236586, 3711
236614, 3712
236658, 3713
236701, 3714
236731, 3715
236805, 3716
236841, 3717
236866, 3718
236902, 3719
236931, 3720
236969, 3721
236998, 3722
237041, 3723
237091, 3724
237122, 3725
237148, 3726
237186, 3727
237213, 3728
237254, 3729
237284, 3730
237324, 3731
237372, 3732
237410, 3733
237441, 3734
237469, 3735
237518, 3736
237545, 3737
237570, 3738
237632, 3739
237663, 3740
237691, 3741
237721, 3742
237753, 3743
237785, 3744
237825, 3745
237849, 3746
237912, 3747
237944, 3748
237968, 3749
237996, 3750
238037, 3751
238063, 3752
238100, 3753
238142, 3754
238194, 3755
238225, 3756
238253, 3757
238288, 3758
238314, 3759
238366, 3760
238394, 3761
238466, 3762
238499, 3763
238536, 3764
238568, 3765
238598, 3766
238627, 3767
238668, 3768
238720, 3769
238751, 3770
238793, 3771
238825, 3772
238848, 3773
238898, 3774
238927, 3775
238992, 3776
239019, 3777
239045, 3778
239086, 3779
239113, 3780
239151, 3781
239179, 3782
239234, 3783
239260, 3784
239311, 3785
239340, 3786
239365, 3787
239404, 3788
239431, 3789
239482, 3790
239513, 3791
239561, 3792
239589, 3793
239627, 3794
239654, 3795
239680, 3796
239776, 3797
239801, 3798
239837, 3799
239867, 3800
239893, 3801
239916, 3802
239977, 3803
240001, 3804
240036, 3805
240064, 3806
240095, 3807
240120, 3808
240172, 3809
240221, 3810
240248, 3811
240285, 3812
240311, 3813
240338, 3814
240380, 3815
240428, 3816
240462, 3817
240497, 3818
240522, 3819
240566, 3820
240592, 3821
240632, 3822
240678, 3823
240716, 3824
240747, 3825
240780, 3826
240816, 3827
240842, 3828
240937, 3829
240964, 3830
240991, 3831
241026, 3832
241064, 3833
241102, 3834
241137, 3835
241187, 3836
241220, 3837
241253, 3838
241284, 3839
241317, 3840
241356, 3841
241390, 3842
241449, 3843
241481, 3844
241514, 3845
241547, 3846
241583, 3847
241633, 3848
241681, 3849
241713, 3850
241737, 3851
241763, 3852
241811, 3853
241845, 3854
241880, 3855
241941, 3856
241972, 3857
241998, 3858
242038, 3859
242066, 3860
242094, 3861
242134, 3862
242217, 3863
242246, 3864
242287, 3865
242323, 3866
242350, 3867
242399, 3868
242447, 3869
242484, 3870
242521, 3871
242546, 3872
242572, 3873
242620, 3874
242648, 3875
242694, 3876
242734, 3877
242760, 3878
242814, 3879
242843, 3880
242880, 3881
242908, 3882
242969, 3883
243000, 3884
243027, 3885
243053, 3886
243092, 3887
243131, 3888
243157, 3889
243200, 3890
243251, 3891
243282, 3892
243322, 3893
243358, 3894
243398, 3895
243426, 3896
243484, 3897
243512, 3898
243539, 3899
243579, 3900
243609, 3901
243638, 3902
243676, 3903
243745, 3904
243773, 3905
243808, 3906
243840, 3907
243864, 3908
243920, 3909
243983, 3910
244008, 3911
244044, 3912
244072, 3913
244102, 3914
244138, 3915
244167, 3916
244215, 3917
244247, 3918
244284, 3919
244323, 3920
244362, 3921
244389, 3922
244420, 3923
244468, 3924
244503, 3925
244540, 3926
244567, 3927
244625, 3928
244648, 3929
244697, 3930
244735, 3931
244775, 3932
244797, 3933
244834, 3934
244864, 3935
244902, 3936
244989, 3937
245014, 3938
245042, 3939
245074, 3940
245110, 3941
245151, 3942
245192, 3943
245243, 3944
245281, 3945
245312, 3946
245352, 3947
245390, 3948
245441, 3949
245474, 3950
245517, 3951
245545, 3952
245575, 3953
245606, 3954
245645, 3955
245694, 3956
245745, 3957
245779, 3958
245809, 3959
245836, 3960
245909, 3961
245932, 3962
245971, 3963
245999, 3964
246024, 3965
246069, 3966
246097, 3967
246127, 3968
246176, 3969
246215, 3970
246245, 3971
246284, 3972
246320, 3973
246375, 3974
246435, 3975
246462, 3976
246517, 3977
246545, 3978
246572, 3979
246600, 3980
246678, 3981
246712, 3982
246746, 3983
246771, 3984
246799, 3985
246839, 3986
246886, 3987
246920, 3988
246951, 3989
246985, 3990
247013, 3991
247058, 3992
247090, 3993
247138, 3994
247170, 3995
247197, 3996
247228, 3997
247257, 3998
247284, 3999
247352, 4000
247384, 4001
247410, 4002
247439, 4003
247475, 4004
247542, 4005
247569, 4006
247596, 4007
247632, 4008
247661, 4009
247710, 4010
247737, 4011
247815, 4012
247849, 4013
247885, 4014
247911, 4015
247949, 4016
247982, 4017
248037, 4018
248071, 4019
248096, 4020
248133, 4021
248158, 4022
248226, 4023
248253, 4024
248286, 4025
248312, 4026
248355, 4027
248389, 4028
248449, 4029
248477, 4030
248506, 4031
248557, 4032
248587, 4033
248622, 4034
248667, 4035
248700, 4036
248724, 4037
248752, 4038
248789, 4039
248818, 4040
248924, 4041
248949, 4042
248974, 4043
249015, 4044
249042, 4045
249091, 4046
249141, 4047
249176, 4048
249212, 4049
249242, 4050
249280, 4051
249312, 4052
249341, 4053
249389, 4054
249417, 4055
249444, 4056
249484, 4057
249524, 4058
249555, 4059
249604, 4060
249636, 4061
249671, 4062
249700, 4063
249724, 4064
249773, 4065
249809, 4066
249837, 4067
249887, 4068
249933, 4069
249961, 4070
249990, 4071
250014, 4072
250062, 4073
250154, 4074
250177, 4075
250228, 4076
250252, 4077
250279, 4078
250318, 4079
250346, 4080
250412, 4081
250442, 4082
250463, 4083
250487, 4084
250515, 4085
250553, 4086
250581, 4087
250629, 4088
250648, 4089
250701, 4090
250726, 4091
250764, 4092
250789, 4093
250832, 4094
250857, 4095
250892, 4096
250936, 4097
250959, 4098
251010, 4099
251039, 4100
251060, 4101
251098, 4102
251139, 4103
251190, 4104
251208, 4105
251243, 4106
251271, 4107
251310, 4108
251337, 4109
251375, 4110
251411, 4111
251438, 4112
251511, 4113
251530, 4114
251554, 4115
251596, 4116
251633, 4117
251660, 4118
251701, 4119
251731, 4120
251779, 4121
251806, 4122
251847, 4123
251887, 4124
251907, 4125
251952, 4126
251969, 4127
252021, 4128
252046, 4129
252104, 4130
252129, 4131
252146, 4132
252183, 4133
252226, 4134
252243, 4135
252294, 4136
252313, 4137
252353, 4138
252393, 4139
252422, 4140
252476, 4141
252518, 4142
252533, 4143
252575, 4144
252616, 4145
252642, 4146
252674, 4147
252712, 4148
252805, 4149
252825, 4150
252847, 4151
252888, 4152
252925, 4153
252953, 4154
252979, 4155
253017, 4156
253057, 4157
253114, 4158
253135, 4159
253158, 4160
253201, 4161
253229, 4162
253268, 4163
253285, 4164
253326, 4165
253367, 4166
253397, 4167
253433, 4168
253485, 4169
253501, 4170
253551, 4171
253568, 4172
253618, 4173
253644, 4174
253674, 4175
253714, 4176
253746, 4177
253798, 4178
253811, 4179
253846, 4180
253886, 4181
253912, 4182
253956, 4183
253983, 4184
254008, 4185
254049, 4186
254078, 4187
254117, 4188
254132, 4189
254183, 4190
254210, 4191
254296, 4192
254318, 4193
254340, 4194
254380, 4195
254404, 4196
254444, 4197
254483, 4198
254512, 4199
254552, 4200
254567, 4201
254606, 4202
254650, 4203
254665, 4204
254717, 4205
254774, 4206
254798, 4207
254838, 4208
254863, 4209
254902, 4210
254929, 4211
254970, 4212
254985, 4213
255037, 4214
255066, 4215
255095, 4216
255134, 4217
255163, 4218
255204, 4219
255232, 4220
255262, 4221
255302, 4222
255331, 4223
255374, 4224
255408, 4225
255428, 4226
255467, 4227
255497, 4228
255538, 4229
255568, 4230
255608, 4231
255637, 4232
255666, 4233
255706, 4234
255736, 4235
255777, 4236
255791, 4237
255832, 4238
255874, 4239
255902, 4240
255931, 4241
255972, 4242
256041, 4243
256069, 4244
256082, 4245
256123, 4246
256153, 4247
256194, 4248
256236, 4249
256251, 4250
256292, 4251
256320, 4252
256360, 4253
256390, 4254
256431, 4255
256460, 4256
256491, 4257
256527, 4258
256554, 4259
256593, 4260
256620, 4261
256659, 4262
256699, 4263
256727, 4264
256757, 4265
256794, 4266
256822, 4267
256864, 4268
256891, 4269
256933, 4270
256962, 4271
256990, 4272
257033, 4273
257059, 4274
257090, 4275
257129, 4276
257157, 4277
257199, 4278
257228, 4279
257283, 4280
257311, 4281
257325, 4282
257364, 4283
257394, 4284
257434, 4285
257449, 4286
257492, 4287
257533, 4288
257561, 4289
257591, 4290
257631, 4291
257659, 4292
257702, 4293
257715, 4294
257757, 4295
257800, 4296
257814, 4297
257914, 4298
257938, 4299
257963, 4300
257991, 4301
258032, 4302
258060, 4303
258101, 4304
258130, 4305
258160, 4306
258201, 4307
258229, 4308
258258, 4309
258297, 4310
258328, 4311
258366, 4312
258394, 4313
258436, 4314
258464, 4315
258494, 4316
258534, 4317
258562, 4318
258594, 4319
258644, 4320
258660, 4321
258699, 4322
258729, 4323
258769, 4324
258799, 4325
258827, 4326
258869, 4327
258897, 4328
258926, 4329
258967, 4330
258995, 4331
259037, 4332
259050, 4333
259106, 4334
259120, 4335
259162, 4336
259204, 4337
259232, 4338
259272, 4339
259286, 4340
259328, 4341
259371, 4342
259400, 4343
259440, 4344
259457, 4345
259496, 4346
259535, 4347
259565, 4348
259593, 4349
259635, 4350
259664, 4351
259705, 4352
259734, 4353
259762, 4354
259803, 4355
259831, 4356
259877, 4357
259929, 4358
259955, 4359
259968, 4360
260023, 4361
260037, 4362
260080, 4363
260121, 4364
260134, 4365
260191, 4366
260204, 4367
260247, 4368
260288, 4369
260303, 4370
260345, 4371
260386, 4372
260400, 4373
260444, 4374
260497, 4375
260512, 4376
260542, 4377
260580, 4378
260621, 4379
260635, 4380
260679, 4381
260718, 4382
260747, 4383
260789, 4384
260806, 4385
260847, 4386
260886, 4387
260915, 4388
260945, 4389
260985, 4390
261015, 4391
261044, 4392
261084, 4393
261112, 4394
261154, 4395
261171, 4396
261222, 4397
261262, 4398
261290, 4399
261333, 4400
261347, 4401
261387, 4402
261429, 4403
261458, 4404
261486, 4405
261528, 4406
261556, 4407
261587, 4408
261624, 4409
261654, 4410
261694, 4411
261736, 4412
261749, 4413
261792, 4414
261834, 4415
261918, 4416
261942, 4417
261972, 4418
262012, 4419
262040, 4420
262082, 4421
262112, 4422
262141, 4423
262181, 4424
262208, 4425
262250, 4426
262279, 4427
262308, 4428
262348, 4429
262377, 4430
262405, 4431
262447, 4432
262475, 4433
262517, 4434
262531, 4435
262585, 4436
262613, 4437
262644, 4438
262672, 4439
262711, 4440
262739, 4441
262781, 4442
262809, 4443
262839, 4444
262876, 4445
262905, 4446
262945, 4447
262974, 4448
263004, 4449
263043, 4450
263071, 4451
263113, 4452
263142, 4453
263185, 4454
263199, 4455
263269, 4456
263296, 4457
263320, 4458
263336, 4459
263377, 4460
263405, 4461
263446, 4462
263476, 4463
263518, 4464
263531, 4465
263574, 4466
263616, 4467
263645, 4468
263674, 4469
263704, 4470
263742, 4471
263772, 4472
263811, 4473
263842, 4474
263881, 4475
263909, 4476
263936, 4477
263978, 4478
264020, 4479
264034, 4480
264076, 4481
264145, 4482
264176, 4483
264203, 4484
264243, 4485
264272, 4486
264311, 4487
264340, 4488
264381, 4489
264408, 4490
264450, 4491
264465, 4492
264506, 4493
264535, 4494
264576, 4495
264604, 4496
264646, 4497
264674, 4498
264703, 4499
264745, 4500
264773, 4501
264804, 4502
264858, 4503
264871, 4504
264910, 4505
264938, 4506
264980, 4507
264994, 4508
265049, 4509
265063, 4510
265106, 4511
265135, 4512
265176, 4513
265206, 4514
265245, 4515
265275, 4516
265303, 4517
265343, 4518
265371, 4519
265413, 4520
265441, 4521
265471, 4522
265510, 4523
265538, 4524
265609, 4525
265622, 4526
265650, 4527
265680, 4528
265720, 4529
265751, 4530
265789, 4531
265818, 4532
265847, 4533
265889, 4534
265919, 4535
265958, 4536
265985, 4537
266026, 4538
266044, 4539
266097, 4540
266123, 4541
266153, 4542
266210, 4543
266275, 4544
266291, 4545
266331, 4546
266374, 4547
266402, 4548
266441, 4549
266457, 4550
266500, 4551
266528, 4552
266568, 4553
266607, 4554
266635, 4555
266664, 4556
266704, 4557
266789, 4558
266815, 4559
266856, 4560
266884, 4561
266912, 4562
266955, 4563
266972, 4564
267024, 4565
267040, 4566
267080, 4567
267118, 4568
267158, 4569
267175, 4570
267226, 4571
267253, 4572
267278, 4573
267346, 4574
267362, 4575
267379, 4576
267416, 4577
267457, 4578
267472, 4579
267515, 4580
267559, 4581
267585, 4582
267612, 4583
267641, 4584
267682, 4585
267721, 4586
267748, 4587
267791, 4588
267819, 4589
267846, 4590
267907, 4591
267929, 4592
267953, 4593
267994, 4594
268021, 4595
268045, 4596
268086, 4597
268126, 4598
268156, 4599
268196, 4600
268223, 4601
268251, 4602
268293, 4603
268322, 4604
268363, 4605
268379, 4606
268474, 4607
268490, 4608
268505, 4609
268547, 4610
268586, 4611
268615, 4612
268657, 4613
268675, 4614
268726, 4615
268754, 4616
268771, 4617
268824, 4618
268851, 4619
268877, 4620
268916, 4621
268958, 4622
268996, 4623
269011, 4624
269050, 4625
269090, 4626
269118, 4627
269156, 4628
269186, 4629
269226, 4630
269242, 4631
269286, 4632
269324, 4633
269352, 4634
269381, 4635
269421, 4636
269461, 4637
269477, 4638
269541, 4639
269561, 4640
269597, 4641
269612, 4642
269664, 4643
269680, 4644
269720, 4645
269759, 4646
269799, 4647
269817, 4648
269855, 4649
269894, 4650
269922, 4651
269963, 4652
269980, 4653
270033, 4654
270048, 4655
270102, 4656
270119, 4657
270182, 4658
270203, 4659
270231, 4660
270273, 4661
270289, 4662
270328, 4663
270372, 4664
270398, 4665
270438, 4666
270455, 4667
270505, 4668
270521, 4669
270576, 4670
270590, 4671
270632, 4672
270676, 4673
270702, 4674
270786, 4675
270802, 4676
270843, 4677
270870, 4678
270911, 4679
270937, 4680
270980, 4681
271008, 4682
271034, 4683
271078, 4684
271104, 4685
271146, 4686
271171, 4687
271209, 4688
271239, 4689
271292, 4690
271319, 4691
271345, 4692
271371, 4693
271411, 4694
271441, 4695
271481, 4696
271509, 4697
271540, 4698
271567, 4699
271610, 4700
271647, 4701
271665, 4702
271727, 4703
271748, 4704
271771, 4705
271811, 4706
271842, 4707
271882, 4708
271909, 4709
271948, 4710
271975, 4711
272001, 4712
272051, 4713
272070, 4714
272127, 4715
272170, 4716
272191, 4717
272217, 4718
272257, 4719
272296, 4720
272324, 4721
272349, 4722
272386, 4723
272429, 4724
272457, 4725
272485, 4726
272570, 4727
272598, 4728
272622, 4729
272652, 4730
272688, 4731
272725, 4732
272754, 4733
272795, 4734
272820, 4735
272859, 4736
272907, 4737
272929, 4738
272967, 4739
273006, 4740
273034, 4741
273074, 4742
273103, 4743
273129, 4744
273176, 4745
273206, 4746
273257, 4747
273289, 4748
273313, 4749
273365, 4750
273393, 4751
273419, 4752
273458, 4753
273487, 4754
273515, 4755
273597, 4756
273623, 4757
273649, 4758
273681, 4759
273707, 4760
273737, 4761
273789, 4762
273817, 4763
273844, 4764
273889, 4765
273981, 4766
274010, 4767
274046, 4768
274086, 4769
274113, 4770
274142, 4771
274187, 4772
274217, 4773
274251, 4774
274301, 4775
274328, 4776
274354, 4777
274404, 4778
274432, 4779
274463, 4780
274503, 4781
274528, 4782
274572, 4783
274645, 4784
274669, 4785
274724, 4786
274747, 4787
274779, 4788
274804, 4789
274829, 4790
274889, 4791
274938, 4792
274969, 4793
275000, 4794
275026, 4795
275062, 4796
275090, 4797
275117, 4798
275161, 4799
275206, 4800
275239, 4801
275266, 4802
275304, 4803
275346, 4804
275372, 4805
275409, 4806
275436, 4807
275503, 4808
275538, 4809
275573, 4810
275596, 4811
275652, 4812
275677, 4813
275702, 4814
275756, 4815
275810, 4816
275836, 4817
275865, 4818
275907, 4819
275933, 4820
275980, 4821
276026, 4822
276085, 4823
276117, 4824
276153, 4825
276184, 4826
276218, 4827
276273, 4828
276299, 4829
276354, 4830
276382, 4831
276412, 4832
276438, 4833
276467, 4834
276520, 4835
276558, 4836
276600, 4837
276636, 4838
276676, 4839
276734, 4840
276766, 4841
276817, 4842
276847, 4843
276872, 4844
276913, 4845
276974, 4846
277005, 4847
277051, 4848
277084, 4849
277118, 4850
277148, 4851
277204, 4852
277241, 4853
277272, 4854
277307, 4855
277336, 4856
277418, 4857
277454, 4858
277486, 4859
277514, 4860
277554, 4861
277599, 4862
277664, 4863
277702, 4864
277735, 4865
277771, 4866
277808, 4867
277840, 4868
277888, 4869
277913, 4870
277954, 4871
277980, 4872
278018, 4873
278076, 4874
278109, 4875
278142, 4876
278179, 4877
278205, 4878
278263, 4879
278298, 4880
278325, 4881
278361, 4882
278392, 4883
278434, 4884
278480, 4885
278520, 4886
278548, 4887
278597, 4888
278624, 4889
278651, 4890
278731, 4891
278762, 4892
278795, 4893
278835, 4894
278881, 4895
278937, 4896
278978, 4897
279006, 4898
279038, 4899
279074, 4900
279118, 4901
279149, 4902
279190, 4903
279218, 4904
279272, 4905
279318, 4906
279346, 4907
279374, 4908
279416, 4909
279446, 4910
279485, 4911
279547, 4912
279575, 4913
279614, 4914
279642, 4915
279735, 4916
279760, 4917
279811, 4918
279840, 4919
279873, 4920
279930, 4921
279963, 4922
279998, 4923
280035, 4924
280080, 4925
280133, 4926
280159, 4927
280208, 4928
280237, 4929
280267, 4930
280319, 4931
280354, 4932
280387, 4933
280415, 4934
280454, 4935
280499, 4936
280533, 4937
280556, 4938
280614, 4939
280655, 4940
280726, 4941
280762, 4942
280798, 4943
280833, 4944
280859, 4945
280938, 4946
280969, 4947
281005, 4948
281033, 4949
281103, 4950
281141, 4951
281178, 4952
281207, 4953
281242, 4954
281288, 4955
281323, 4956
281349, 4957
281396, 4958
281432, 4959
281483, 4960
281508, 4961
281544, 4962
281575, 4963
281627, 4964
281663, 4965
281702, 4966
281741, 4967
281782, 4968
281845, 4969
281873, 4970
281918, 4971
281952, 4972
282057, 4973
282091, 4974
282123, 4975
282151, 4976
282174, 4977
282245, 4978
282274, 4979
282314, 4980
282354, 4981
282410, 4982
282446, 4983
282479, 4984
282505, 4985
282549, 4986
282592, 4987
282617, 4988
282655, 4989
282683, 4990
282755, 4991
282789, 4992
282827, 4993
282852, 4994
282885, 4995
283013, 4996
283058, 4997
283094, 4998
283183, 4999
283215, 5000
283248, 5001
283279, 5002
283315, 5003
283360, 5004
283392, 5005
283422, 5006
283461, 5007
283516, 5008
283550, 5009
283592, 5010
283624, 5011
283668, 5012
283693, 5013
283741, 5014
283773, 5015
283825, 5016
283860, 5017
283885, 5018
283935, 5019
283966, 5020
284018, 5021
284056, 5022
284082, 5023
284115, 5024
284202, 5025
284228, 5026
284262, 5027
284294, 5028
284349, 5029
284382, 5030
284408, 5031
284456, 5032
284489, 5033
284543, 5034
284574, 5035
284604, 5036
284666, 5037
284703, 5038
284740, 5039
284775, 5040
284807, 5041
284856, 5042
284903, 5043
284933, 5044
284965, 5045
285040, 5046
285066, 5047
285106, 5048
285154, 5049
285186, 5050
285216, 5051
285265, 5052
285315, 5053
285344, 5054
285382, 5055
285443, 5056
285472, 5057
285503, 5058
285547, 5059
285579, 5060
285637, 5061
285667, 5062
285695, 5063
285768, 5064
285793, 5065
285833, 5066
285865, 5067
285926, 5068
285953, 5069
286000, 5070
286032, 5071
286077, 5072
286113, 5073
286149, 5074
286194, 5075
286229, 5076
286270, 5077
286297, 5078
286346, 5079
286371, 5080
286475, 5081
286505, 5082
286548, 5083
286609, 5084
286645, 5085
286681, 5086
286718, 5087
286774, 5088
286809, 5089
286839, 5090
286891, 5091
286915, 5092
286955, 5093
287010, 5094
287040, 5095
287073, 5096
287122, 5097
287190, 5098
287225, 5099
287289, 5100
287320, 5101
287350, 5102
287400, 5103
287432, 5104
287459, 5105
287506, 5106
287553, 5107
287589, 5108
287630, 5109
287691, 5110
287722, 5111
287761, 5112
287853, 5113
287892, 5114
287930, 5115
287977, 5116
288008, 5117
288049, 5118
288099, 5119
288129, 5120
288157, 5121
288220, 5122
288252, 5123
288297, 5124
288351, 5125
288384, 5126
288418, 5127
288476, 5128
288525, 5129
288554, 5130
288629, 5131
288663, 5132
288700, 5133
288759, 5134
288795, 5135
288830, 5136
288876, 5137
288909, 5138
288951, 5139
288993, 5140
289047, 5141
289077, 5142
289151, 5143
289189, 5144
289225, 5145
289269, 5146
289304, 5147
289362, 5148
289401, 5149
289435, 5150
289494, 5151
289524, 5152
289554, 5153
289653, 5154
289694, 5155
289729, 5156
289784, 5157
289817, 5158
289888, 5159
289925, 5160
289951, 5161
289994, 5162
290031, 5163
290068, 5164
290137, 5165
290171, 5166
290256, 5167
290295, 5168
290344, 5169
290403, 5170
290431, 5171
290478, 5172
290514, 5173
290549, 5174
290594, 5175
290629, 5176
290660, 5177
290723, 5178
290760, 5179
290803, 5180
290881, 5181
290927, 5182
290976, 5183
291010, 5184
291058, 5185
291086, 5186
291122, 5187
291166, 5188
291202, 5189
291259, 5190
291293, 5191
291324, 5192
291411, 5193
291440, 5194
291474, 5195
291546, 5196
291583, 5197
291642, 5198
291671, 5199
291717, 5200
291740, 5201
291766, 5202
291809, 5203
291836, 5204
291918, 5205
291950, 5206
291988, 5207
292035, 5208
292064, 5209
292118, 5210
292157, 5211
292204, 5212
292241, 5213
292291, 5214
292320, 5215
292411, 5216
292447, 5217
292488, 5218
292535, 5219
292570, 5220
292632, 5221
292667, 5222
292720, 5223
292757, 5224
292813, 5225
292851, 5226
292937, 5227
292970, 5228
293017, 5229
293044, 5230
293115, 5231
293174, 5232
293203, 5233
293235, 5234
293310, 5235
293337, 5236
293394, 5237
293428, 5238
293472, 5239
293507, 5240
293564, 5241
293600, 5242
293687, 5243
293719, 5244
293773, 5245
293802, 5246
293857, 5247
293890, 5248
293960, 5249
293997, 5250
294042, 5251
294083, 5252
294158, 5253
294193, 5254
294233, 5255
294260, 5256
294317, 5257
294359, 5258
294414, 5259
294446, 5260
294535, 5261
294563, 5262
294628, 5263
294662, 5264
294706, 5265
294752, 5266
294785, 5267
294844, 5268
294896, 5269
294952, 5270
294983, 5271
295042, 5272
295098, 5273
295138, 5274
295201, 5275
295230, 5276
295308, 5277
295343, 5278
295397, 5279
295445, 5280
295481, 5281
295541, 5282
295590, 5283
295656, 5284
295683, 5285
295737, 5286
295798, 5287
295828, 5288
295882, 5289
295913, 5290
295997, 5291
296028, 5292
296080, 5293
296110, 5294
296155, 5295
296187, 5296
296242, 5297
296299, 5298
296382, 5299
296420, 5300
296486, 5301
296598, 5302
296634, 5303
296686, 5304
296765, 5305
296800, 5306
296846, 5307
296883, 5308
296936, 5309
296971, 5310
297033, 5311
297095, 5312
297181, 5313
297215, 5314
297312, 5315
297362, 5316
297408, 5317
297463, 5318
297523, 5319
297589, 5320
297650, 5321
297688, 5322
297742, 5323
297819, 5324
297867, 5325
297908, 5326
297957, 5327
298003, 5328
298088, 5329
298111, 5330
298156, 5331
298206, 5332
298236, 5333
298294, 5334
298396, 5335
298454, 5336
298512, 5337
298546, 5338
298586, 5339
298659, 5340
298683, 5341
298743, 5342
298784, 5343
298832, 5344
298919, 5345
298954, 5346
299033, 5347
299071, 5348
299157, 5349
299219, 5350
299264, 5351
299347, 5352
299378, 5353
299438, 5354
299501, 5355
299584, 5356
299630, 5357
299712, 5358
299767, 5359
299827, 5360
299858, 5361
299948, 5362
299989, 5363
300061, 5364
300138, 5365
300188, 5366
300223, 5367
300289, 5368
300372, 5369
300437, 5370
300523, 5371
300569, 5372
300610, 5373
300659, 5374
300716, 5375
300767, 5376
300838, 5377
300891, 5378
300945, 5379
301031, 5380
301072, 5381
301129, 5382
301183, 5383
301235, 5384
301315, 5385
301366, 5386
301420, 5387
301466, 5388
301543, 5389
301611, 5390
301727, 5391
