109229, 1
109277, 2
109300, 3
109344, 4
109370, 5
109410, 6
109437, 7
109479, 8
109507, 9
109534, 10
109574, 11
109604, 12
109643, 13
109659, 14
109713, 15
109727, 16
109772, 17
109839, 18
109852, 19
109883, 20
109923, 21
109955, 22
109994, 23
110008, 24
110050, 25
110089, 26
110117, 27
110158, 28
110186, 29
110227, 30
110255, 31
110284, 32
110326, 33
110354, 34
110395, 35
110410, 36
110452, 37
110492, 38
110521, 39
110563, 40
110590, 41
110617, 42
110658, 43
110687, 44
110717, 45
110756, 46
110786, 47
110828, 48
110855, 49
110885, 50
110924, 51
110952, 52
110993, 53
111021, 54
111050, 55
111092, 56
111120, 57
111149, 58
111190, 59
111231, 60
111246, 61
111288, 62
111317, 63
111356, 64
111399, 65
111413, 66
111454, 67
111482, 68
111524, 69
111552, 70
111593, 71
111621, 72
111650, 73
111690, 74
111731, 75
111746, 76
111788, 77
111814, 78
111887, 79
111899, 80
111938, 81
111967, 82
112010, 83
112025, 84
112064, 85
112105, 86
112135, 87
112163, 88
112204, 89
112233, 90
112275, 91
112290, 92
112331, 93
112369, 94
112412, 95
112426, 96
112469, 97
112499, 98
112540, 99
112554, 100
112608, 101
112622, 102
112663, 103
112704, 104
112733, 105
112763, 106
112804, 107
112830, 108
112872, 109
112901, 110
112929, 111
112970, 112
113012, 113
113026, 114
113068, 115
113109, 116
113123, 117
113167, 118
113208, 119
113236, 120
113263, 121
113303, 122
113332, 123
113362, 124
113402, 125
113430, 126
113473, 127
113488, 128
113541, 129
113569, 130
113597, 131
113638, 132
113668, 133
113699, 134
113738, 135
113754, 136
113806, 137
113822, 138
113863, 139
113903, 140
113931, 141
113973, 142
114000, 143
114043, 144
114058, 145
114127, 146
114141, 147
114169, 148
114209, 149
114238, 150
114281, 151
114309, 152
114337, 153
114379, 154
114395, 155
114446, 156
114474, 157
114503, 158
114544, 159
114573, 160
114601, 161
114643, 162
114670, 163
114712, 164
114738, 165
114769, 166
114807, 167
114838, 168
114877, 169
114905, 170
114947, 171
114962, 172
115002, 173
115045, 174
115073, 175
115115, 176
115130, 177
115170, 178
115211, 179
115240, 180
115270, 181
115311, 182
115340, 183
115380, 184
115409, 185
115450, 186
115466, 187
115505, 188
115534, 189
115575, 190
115603, 191
115644, 192
115672, 193
115714, 194
115727, 195
115770, 196
115810, 197
115839, 198
115880, 199
115908, 200
115949, 201
115962, 202
116007, 203
116047, 204
116061, 205
116103, 206
116144, 207
116174, 208
116201, 209
116243, 210
116271, 211
116344, 212
116368, 213
116382, 214
116422, 215
116464, 216
116493, 217
116522, 218
116561, 219
116592, 220
116631, 221
116660, 222
116688, 223
116729, 224
116757, 225
116799, 226
116813, 227
116855, 228
116896, 229
116924, 230
116964, 231
116978, 232
117034, 233
117047, 234
117091, 235
117133, 236
117147, 237
117189, 238
117230, 239
117246, 240
117300, 241
117314, 242
117357, 243
117396, 244
117425, 245
117455, 246
117495, 247
117524, 248
117564, 249
117593, 250
117622, 251
117662, 252
117690, 253
117732, 254
117760, 255
117800, 256
117814, 257
117857, 258
117886, 259
117926, 260
117957, 261
117997, 262
118012, 263
118066, 264
118080, 265
118123, 266
118152, 267
118192, 268
118219, 269
118260, 270
118289, 271
118331, 272
118346, 273
118398, 274
118428, 275
118458, 276
118498, 277
118531, 278
118583, 279
118624, 280
118664, 281
118695, 282
118735, 283
118764, 284
118788, 285
118831, 286
118874, 287
118902, 288
118928, 289
118971, 290
119000, 291
119028, 292
119055, 293
119108, 294
119134, 295
119164, 296
119208, 297
119235, 298
119263, 299
119304, 300
119332, 301
119374, 302
119389, 303
119445, 304
119473, 305
119501, 306
119527, 307
119569, 308
119599, 309
119642, 310
119670, 311
119697, 312
119737, 313
119765, 314
119809, 315
119839, 316
119867, 317
119907, 318
119946, 319
119963, 320
120017, 321
120043, 322
120071, 323
120113, 324
120140, 325
120186, 326
120239, 327
120267, 328
120296, 329
120325, 330
120348, 331
120394, 332
120420, 333
120459, 334
120497, 335
120517, 336
120564, 337
120590, 338
120629, 339
120656, 340
120684, 341
120724, 342
120768, 343
120793, 344
120824, 345
120863, 346
120890, 347
120935, 348
120962, 349
120988, 350
121028, 351
121054, 352
121100, 353
121124, 354
121165, 355
121195, 356
121223, 357
121264, 358
121292, 359
121321, 360
121368, 361
121393, 362
121418, 363
121464, 364
121491, 365
121529, 366
121589, 367
121612, 368
121641, 369
121666, 370
121709, 371
121738, 372
121764, 373
121806, 374
121843, 375
121872, 376
121912, 377
121940, 378
121970, 379
122002, 380
122049, 381
122077, 382
122102, 383
122142, 384
122172, 385
122213, 386
122242, 387
122272, 388
122297, 389
122354, 390
122380, 391
122406, 392
122436, 393
122477, 394
122521, 395
122553, 396
122589, 397
122620, 398
122652, 399
122684, 400
122723, 401
122772, 402
122803, 403
122832, 404
122860, 405
122896, 406
122935, 407
122965, 408
122994, 409
123036, 410
123068, 411
123106, 412
123147, 413
123170, 414
123216, 415
123240, 416
123279, 417
123309, 418
123338, 419
123384, 420
123416, 421
123446, 422
123480, 423
123516, 424
123557, 425
123585, 426
123621, 427
123653, 428
123705, 429
123737, 430
123798, 431
123826, 432
123855, 433
123887, 434
123914, 435
123963, 436
123994, 437
124024, 438
124049, 439
124092, 440
124119, 441
124151, 442
124189, 443
124237, 444
124275, 445
124300, 446
124326, 447
124379, 448
124412, 449
124450, 450
124488, 451
124518, 452
124549, 453
124581, 454
124610, 455
124643, 456
124680, 457
124710, 458
124789, 459
124814, 460
124853, 461
124879, 462
124937, 463
124974, 464
124999, 465
125030, 466
125065, 467
125122, 468
125149, 469
125175, 470
125211, 471
125252, 472
125279, 473
125309, 474
125345, 475
125372, 476
125429, 477
125455, 478
125481, 479
125523, 480
125552, 481
125580, 482
125608, 483
125662, 484
125690, 485
125746, 486
125776, 487
125803, 488
125856, 489
125887, 490
125913, 491
125953, 492
125985, 493
126016, 494
126045, 495
126077, 496
126120, 497
126160, 498
126200, 499
126247, 500
126285, 501
126322, 502
126349, 503
126386, 504
126428, 505
126460, 506
126493, 507
126517, 508
126558, 509
126598, 510
126656, 511
126685, 512
126717, 513
126752, 514
126780, 515
126820, 516
126846, 517
126891, 518
126922, 519
126963, 520
126996, 521
127033, 522
127062, 523
127103, 524
127135, 525
127162, 526
127203, 527
127230, 528
127271, 529
127306, 530
127343, 531
127369, 532
127422, 533
127450, 534
127477, 535
127505, 536
127582, 537
127610, 538
127638, 539
127673, 540
127699, 541
127724, 542
127751, 543
127782, 544
127808, 545
127849, 546
127885, 547
127914, 548
127945, 549
127980, 550
128015, 551
128050, 552
128078, 553
128128, 554
128156, 555
128195, 556
128224, 557
128250, 558
128296, 559
128326, 560
128366, 561
128390, 562
128429, 563
128468, 564
128526, 565
128554, 566
128591, 567
128613, 568
128664, 569
128691, 570
128723, 571
128759, 572
128788, 573
128825, 574
128869, 575
128904, 576
128936, 577
128966, 578
128992, 579
129033, 580
129062, 581
129092, 582
129145, 583
129169, 584
129200, 585
129228, 586
129265, 587
129302, 588
129345, 589
129373, 590
129416, 591
129444, 592
129514, 593
129532, 594
129573, 595
129602, 596
129640, 597
129673, 598
129704, 599
129731, 600
129775, 601
129804, 602
129834, 603
129877, 604
129906, 605
129941, 606
129973, 607
129998, 608
130052, 609
130078, 610
130105, 611
130149, 612
130177, 613
130215, 614
130239, 615
130276, 616
130316, 617
130345, 618
130372, 619
130413, 620
130439, 621
130482, 622
130511, 623
130580, 624
130604, 625
130636, 626
130679, 627
130707, 628
130733, 629
130787, 630
130813, 631
130841, 632
130882, 633
130914, 634
130956, 635
130990, 636
131018, 637
131054, 638
131080, 639
131122, 640
131150, 641
131197, 642
131222, 643
131261, 644
131288, 645
131323, 646
131357, 647
131383, 648
131424, 649
131455, 650
131481, 651
131523, 652
131562, 653
131592, 654
131626, 655
131653, 656
131679, 657
131736, 658
131788, 659
131821, 660
131846, 661
131872, 662
131903, 663
131945, 664
131967, 665
132020, 666
132047, 667
132076, 668
132104, 669
132150, 670
132176, 671
132202, 672
132252, 673
132282, 674
132310, 675
132348, 676
132371, 677
132419, 678
132456, 679
132486, 680
132527, 681
132554, 682
132583, 683
132608, 684
132663, 685
132687, 686
132722, 687
132768, 688
132802, 689
132834, 690
132862, 691
132905, 692
132933, 693
132962, 694
133011, 695
133039, 696
133064, 697
133104, 698
133131, 699
133181, 700
133214, 701
133240, 702
133269, 703
133295, 704
133338, 705
133378, 706
133409, 707
133435, 708
133463, 709
133502, 710
133549, 711
133580, 712
133642, 713
133665, 714
133703, 715
133736, 716
133772, 717
133805, 718
133840, 719
133868, 720
133918, 721
133947, 722
133987, 723
134011, 724
134039, 725
134091, 726
134118, 727
134142, 728
134185, 729
134212, 730
134241, 731
134288, 732
134313, 733
134341, 734
134392, 735
134419, 736
134448, 737
134474, 738
134556, 739
134584, 740
134624, 741
134652, 742
134686, 743
134712, 744
134743, 745
134768, 746
134795, 747
134826, 748
134855, 749
134899, 750
134922, 751
134963, 752
134990, 753
135019, 754
135055, 755
135087, 756
135138, 757
135165, 758
135193, 759
135220, 760
135256, 761
135300, 762
135328, 763
135384, 764
135418, 765
135452, 766
135490, 767
135521, 768
135564, 769
135592, 770
135620, 771
135666, 772
135694, 773
135732, 774
135759, 775
135791, 776
135827, 777
135852, 778
135903, 779
135931, 780
135962, 781
136003, 782
136029, 783
136068, 784
136106, 785
136140, 786
136166, 787
136231, 788
136259, 789
136284, 790
136313, 791
136363, 792
136394, 793
136421, 794
136446, 795
136497, 796
136529, 797
136556, 798
136580, 799
136632, 800
136660, 801
136684, 802
136725, 803
136751, 804
136790, 805
136822, 806
136859, 807
136886, 808
136937, 809
136966, 810
136992, 811
137079, 812
137113, 813
137144, 814
137172, 815
137201, 816
137226, 817
137276, 818
137304, 819
137332, 820
137375, 821
137410, 822
137443, 823
137466, 824
137506, 825
137533, 826
137560, 827
137614, 828
137642, 829
137666, 830
137712, 831
137733, 832
137804, 833
137830, 834
137859, 835
137890, 836
137933, 837
137966, 838
137991, 839
138046, 840
138074, 841
138099, 842
138137, 843
138167, 844
138195, 845
138226, 846
138277, 847
138304, 848
138331, 849
138371, 850
138402, 851
138437, 852
138465, 853
138517, 854
138574, 855
138602, 856
138638, 857
138661, 858
138708, 859
138733, 860
138763, 861
138798, 862
138824, 863
138877, 864
138904, 865
138938, 866
138968, 867
139002, 868
139027, 869
139087, 870
139116, 871
139149, 872
139176, 873
139203, 874
139237, 875
139278, 876
139308, 877
139363, 878
139389, 879
139428, 880
139457, 881
139504, 882
139534, 883
139567, 884
139598, 885
139622, 886
139672, 887
139697, 888
139724, 889
139766, 890
139796, 891
139837, 892
139868, 893
139895, 894
139931, 895
139972, 896
140004, 897
140046, 898
140083, 899
140113, 900
140138, 901
140189, 902
140242, 903
140274, 904
140301, 905
140343, 906
140378, 907
140409, 908
140442, 909
140471, 910
140498, 911
140538, 912
140564, 913
140616, 914
140644, 915
140671, 916
140700, 917
140732, 918
140769, 919
140806, 920
140845, 921
140873, 922
140915, 923
140944, 924
140983, 925
141011, 926
141039, 927
141115, 928
141141, 929
141165, 930
141196, 931
141230, 932
141256, 933
141283, 934
141314, 935
141340, 936
141380, 937
141422, 938
141451, 939
141483, 940
141526, 941
141562, 942
141589, 943
141626, 944
141654, 945
141691, 946
141737, 947
141764, 948
141801, 949
141829, 950
141879, 951
141905, 952
141943, 953
142004, 954
142040, 955
142074, 956
142104, 957
142139, 958
142170, 959
142200, 960
142249, 961
142286, 962
142314, 963
142341, 964
142393, 965
142425, 966
142458, 967
142499, 968
142539, 969
142570, 970
142609, 971
142647, 972
142681, 973
142712, 974
142748, 975
142775, 976
142841, 977
142877, 978
142915, 979
142953, 980
143005, 981
143048, 982
143083, 983
143116, 984
143158, 985
143186, 986
143220, 987
143253, 988
143291, 989
143329, 990
143368, 991
143395, 992
143437, 993
143470, 994
143503, 995
143542, 996
143578, 997
143629, 998
143665, 999
143732, 1000
143766, 1001
143805, 1002
143832, 1003
143864, 1004
143893, 1005
143932, 1006
143961, 1007
143997, 1008
144041, 1009
144085, 1010
144120, 1011
144151, 1012
144201, 1013
144243, 1014
144273, 1015
144308, 1016
144347, 1017
144371, 1018
144408, 1019
144439, 1020
144469, 1021
144507, 1022
144576, 1023
144611, 1024
144650, 1025
144689, 1026
144719, 1027
144772, 1028
144798, 1029
144823, 1030
144863, 1031
144892, 1032
144931, 1033
144961, 1034
144988, 1035
145044, 1036
145075, 1037
145111, 1038
145140, 1039
145167, 1040
145195, 1041
145234, 1042
145266, 1043
145301, 1044
145329, 1045
145379, 1046
145418, 1047
145473, 1048
145500, 1049
145541, 1050
145568, 1051
145608, 1052
145633, 1053
145664, 1054
145698, 1055
145729, 1056
145762, 1057
145812, 1058
145840, 1059
145869, 1060
145905, 1061
145931, 1062
145963, 1063
146015, 1064
146044, 1065
146072, 1066
146101, 1067
146152, 1068
146183, 1069
146219, 1070
146252, 1071
146282, 1072
146342, 1073
146373, 1074
146408, 1075
146438, 1076
146480, 1077
146516, 1078
146545, 1079
146572, 1080
146618, 1081
146654, 1082
146684, 1083
146722, 1084
146757, 1085
146787, 1086
146832, 1087
146859, 1088
146913, 1089
146945, 1090
146974, 1091
146999, 1092
147026, 1093
147077, 1094
147106, 1095
147134, 1096
147180, 1097
147231, 1098
147284, 1099
147310, 1100
147334, 1101
147381, 1102
147417, 1103
147445, 1104
147470, 1105
147516, 1106
147547, 1107
147574, 1108
147601, 1109
147655, 1110
147684, 1111
147712, 1112
147738, 1113
147793, 1114
147830, 1115
147855, 1116
147877, 1117
147933, 1118
147987, 1119
148014, 1120
148040, 1121
148066, 1122
148104, 1123
148144, 1124
148169, 1125
148209, 1126
148234, 1127
148289, 1128
148316, 1129
148346, 1130
148371, 1131
148411, 1132
148445, 1133
148478, 1134
148504, 1135
148546, 1136
148573, 1137
148611, 1138
148652, 1139
148684, 1140
148732, 1141
148761, 1142
148791, 1143
148819, 1144
148846, 1145
148896, 1146
148925, 1147
148948, 1148
148993, 1149
149017, 1150
149063, 1151
149096, 1152
149137, 1153
149165, 1154
149191, 1155
149233, 1156
149261, 1157
149289, 1158
149330, 1159
149356, 1160
149396, 1161
149426, 1162
149476, 1163
149505, 1164
149531, 1165
149580, 1166
149608, 1167
149634, 1168
149687, 1169
149715, 1170
149741, 1171
149779, 1172
149805, 1173
149846, 1174
149877, 1175
149902, 1176
149944, 1177
149975, 1178
150012, 1179
150041, 1180
150068, 1181
150121, 1182
150150, 1183
150186, 1184
150216, 1185
150267, 1186
150296, 1187
150337, 1188
150364, 1189
150402, 1190
150428, 1191
150485, 1192
150507, 1193
150532, 1194
150570, 1195
150612, 1196
150641, 1197
150668, 1198
150698, 1199
150740, 1200
150771, 1201
150805, 1202
150844, 1203
150874, 1204
150902, 1205
150943, 1206
150979, 1207
151036, 1208
151064, 1209
151090, 1210
151139, 1211
151167, 1212
151193, 1213
151237, 1214
151267, 1215
151303, 1216
151330, 1217
151371, 1218
151393, 1219
151448, 1220
151481, 1221
151520, 1222
151547, 1223
151582, 1224
151608, 1225
151636, 1226
151677, 1227
151704, 1228
151741, 1229
151785, 1230
151817, 1231
151905, 1232
151936, 1233
151962, 1234
151992, 1235
152021, 1236
152071, 1237
152098, 1238
152127, 1239
152154, 1240
152207, 1241
152235, 1242
152272, 1243
152301, 1244
152331, 1245
152355, 1246
152405, 1247
152434, 1248
152462, 1249
152500, 1250
152532, 1251
152585, 1252
152611, 1253
152653, 1254
152680, 1255
152716, 1256
152750, 1257
152777, 1258
152824, 1259
152854, 1260
152881, 1261
152909, 1262
152954, 1263
152978, 1264
153023, 1265
153053, 1266
153087, 1267
153125, 1268
153153, 1269
153179, 1270
153229, 1271
153257, 1272
153282, 1273
153351, 1274
153383, 1275
153419, 1276
153450, 1277
153482, 1278
153511, 1279
153539, 1280
153567, 1281
153618, 1282
153647, 1283
153672, 1284
153711, 1285
153745, 1286
153781, 1287
153805, 1288
153857, 1289
153883, 1290
153924, 1291
153954, 1292
153983, 1293
154012, 1294
154063, 1295
154114, 1296
154141, 1297
154165, 1298
154196, 1299
154247, 1300
154275, 1301
154299, 1302
154343, 1303
154370, 1304
154399, 1305
154441, 1306
154468, 1307
154503, 1308
154532, 1309
154578, 1310
154620, 1311
154652, 1312
154685, 1313
154710, 1314
154751, 1315
154800, 1316
154832, 1317
154861, 1318
154904, 1319
154933, 1320
154956, 1321
154998, 1322
155037, 1323
155083, 1324
155126, 1325
155166, 1326
155199, 1327
155238, 1328
155267, 1329
155295, 1330
155344, 1331
155370, 1332
155395, 1333
155445, 1334
155473, 1335
155502, 1336
155533, 1337
155604, 1338
155635, 1339
155667, 1340
155704, 1341
155728, 1342
155780, 1343
155807, 1344
155836, 1345
155882, 1346
155913, 1347
155938, 1348
155990, 1349
156017, 1350
156043, 1351
156071, 1352
156126, 1353
156156, 1354
156184, 1355
156211, 1356
156260, 1357
156287, 1358
156310, 1359
156400, 1360
156426, 1361
156457, 1362
156495, 1363
156525, 1364
156560, 1365
156590, 1366
156616, 1367
156669, 1368
156693, 1369
156734, 1370
156761, 1371
156788, 1372
156836, 1373
156866, 1374
156890, 1375
156929, 1376
156958, 1377
156984, 1378
157047, 1379
157076, 1380
157115, 1381
157143, 1382
157170, 1383
157195, 1384
157234, 1385
157265, 1386
157299, 1387
157330, 1388
157356, 1389
157404, 1390
157437, 1391
157470, 1392
157498, 1393
157535, 1394
157563, 1395
157602, 1396
157633, 1397
157674, 1398
157731, 1399
157766, 1400
157792, 1401
157833, 1402
157869, 1403
157896, 1404
157938, 1405
157964, 1406
158006, 1407
158037, 1408
158075, 1409
158100, 1410
158140, 1411
158168, 1412
158194, 1413
158246, 1414
158275, 1415
158299, 1416
158340, 1417
158394, 1418
158423, 1419
158449, 1420
158482, 1421
158512, 1422
158544, 1423
158571, 1424
158612, 1425
158642, 1426
158677, 1427
158709, 1428
158735, 1429
158785, 1430
158816, 1431
158842, 1432
158881, 1433
158909, 1434
158948, 1435
158975, 1436
159024, 1437
159057, 1438
159090, 1439
159117, 1440
159169, 1441
159195, 1442
159239, 1443
159268, 1444
159300, 1445
159329, 1446
159358, 1447
159419, 1448
159462, 1449
159493, 1450
159522, 1451
159550, 1452
159578, 1453
159615, 1454
159652, 1455
159704, 1456
159731, 1457
159779, 1458
159818, 1459
159855, 1460
159884, 1461
159912, 1462
159938, 1463
159979, 1464
160013, 1465
160045, 1466
160085, 1467
160117, 1468
160152, 1469
160180, 1470
160221, 1471
160250, 1472
160278, 1473
160367, 1474
160405, 1475
160437, 1476
160464, 1477
160501, 1478
160525, 1479
160569, 1480
160597, 1481
160629, 1482
160666, 1483
160694, 1484
160730, 1485
160782, 1486
160809, 1487
160833, 1488
160874, 1489
160903, 1490
160940, 1491
160995, 1492
161025, 1493
161048, 1494
161098, 1495
161128, 1496
161172, 1497
161206, 1498
161230, 1499
161283, 1500
161316, 1501
161352, 1502
161385, 1503
161414, 1504
161452, 1505
161481, 1506
161520, 1507
161660, 1508
161694, 1509
161732, 1510
161759, 1511
161792, 1512
161841, 1513
161877, 1514
161901, 1515
161937, 1516
161967, 1517
162005, 1518
162034, 1519
162060, 1520
162110, 1521
162140, 1522
162165, 1523
162206, 1524
162259, 1525
162288, 1526
162325, 1527
162356, 1528
162390, 1529
162418, 1530
162472, 1531
162497, 1532
162526, 1533
162575, 1534
162604, 1535
162647, 1536
162673, 1537
162708, 1538
162735, 1539
162763, 1540
162809, 1541
162861, 1542
162893, 1543
162921, 1544
162973, 1545
163002, 1546
163033, 1547
163067, 1548
163093, 1549
163119, 1550
163169, 1551
163198, 1552
163220, 1553
163262, 1554
163289, 1555
163339, 1556
163367, 1557
163399, 1558
163444, 1559
163510, 1560
163547, 1561
163575, 1562
163619, 1563
163641, 1564
163681, 1565
163713, 1566
163745, 1567
163778, 1568
163820, 1569
163855, 1570
163884, 1571
163911, 1572
163968, 1573
163992, 1574
164017, 1575
164057, 1576
164088, 1577
164169, 1578
164194, 1579
164237, 1580
164267, 1581
164290, 1582
164340, 1583
164367, 1584
164397, 1585
164440, 1586
164465, 1587
164495, 1588
164537, 1589
164571, 1590
164621, 1591
164647, 1592
164675, 1593
164741, 1594
164769, 1595
164805, 1596
164832, 1597
164857, 1598
164895, 1599
164935, 1600
164966, 1601
164987, 1602
165039, 1603
165075, 1604
165108, 1605
165136, 1606
165165, 1607
165203, 1608
165230, 1609
165276, 1610
165326, 1611
165351, 1612
165395, 1613
165423, 1614
165460, 1615
165488, 1616
165512, 1617
165566, 1618
165594, 1619
165622, 1620
165660, 1621
165685, 1622
165727, 1623
165754, 1624
165786, 1625
165816, 1626
165866, 1627
165912, 1628
165940, 1629
165966, 1630
166007, 1631
166033, 1632
166068, 1633
166112, 1634
166144, 1635
166177, 1636
166208, 1637
166234, 1638
166286, 1639
166312, 1640
166336, 1641
166372, 1642
166416, 1643
166444, 1644
166493, 1645
166528, 1646
166554, 1647
166608, 1648
166636, 1649
166662, 1650
166688, 1651
166725, 1652
166766, 1653
166794, 1654
166822, 1655
166863, 1656
166892, 1657
166928, 1658
166956, 1659
166999, 1660
167024, 1661
167065, 1662
167091, 1663
167158, 1664
167184, 1665
167210, 1666
167240, 1667
167265, 1668
167302, 1669
167329, 1670
167383, 1671
167413, 1672
167437, 1673
167467, 1674
167500, 1675
167526, 1676
167577, 1677
167606, 1678
167632, 1679
167744, 1680
167768, 1681
167806, 1682
167833, 1683
167860, 1684
167899, 1685
167926, 1686
167954, 1687
168004, 1688
168032, 1689
168061, 1690
168096, 1691
168127, 1692
168154, 1693
168205, 1694
168231, 1695
168258, 1696
168314, 1697
168342, 1698
168392, 1699
168430, 1700
168456, 1701
168481, 1702
168530, 1703
168557, 1704
168586, 1705
168622, 1706
168663, 1707
168692, 1708
168732, 1709
168761, 1710
168795, 1711
168850, 1712
168878, 1713
168926, 1714
168954, 1715
168981, 1716
169030, 1717
169064, 1718
169094, 1719
169121, 1720
169172, 1721
169196, 1722
169233, 1723
169261, 1724
169297, 1725
169325, 1726
169368, 1727
169418, 1728
169448, 1729
169480, 1730
169504, 1731
169556, 1732
169587, 1733
169609, 1734
169662, 1735
169698, 1736
169731, 1737
169764, 1738
169798, 1739
169827, 1740
169853, 1741
169889, 1742
169914, 1743
169972, 1744
169995, 1745
170026, 1746
170065, 1747
170103, 1748
170143, 1749
170169, 1750
170216, 1751
170245, 1752
170272, 1753
170299, 1754
170341, 1755
170380, 1756
170409, 1757
170433, 1758
170490, 1759
170540, 1760
170567, 1761
170593, 1762
170623, 1763
170649, 1764
170702, 1765
170729, 1766
170760, 1767
170787, 1768
170821, 1769
170859, 1770
170886, 1771
170912, 1772
170968, 1773
170994, 1774
171023, 1775
171112, 1776
171136, 1777
171174, 1778
171213, 1779
171238, 1780
171288, 1781
171315, 1782
171347, 1783
171389, 1784
171419, 1785
171451, 1786
171508, 1787
171535, 1788
171577, 1789
171625, 1790
171658, 1791
171693, 1792
171720, 1793
171746, 1794
171788, 1795
171814, 1796
171853, 1797
171886, 1798
171923, 1799
171946, 1800
171997, 1801
172024, 1802
172081, 1803
172108, 1804
172135, 1805
172193, 1806
172221, 1807
172248, 1808
172274, 1809
172325, 1810
172351, 1811
172382, 1812
172420, 1813
172447, 1814
172494, 1815
172528, 1816
172565, 1817
172610, 1818
172641, 1819
172667, 1820
172705, 1821
172734, 1822
172765, 1823
172794, 1824
172838, 1825
172878, 1826
172908, 1827
172939, 1828
172966, 1829
173016, 1830
173054, 1831
173086, 1832
173138, 1833
173163, 1834
173214, 1835
173242, 1836
173264, 1837
173304, 1838
173336, 1839
173362, 1840
173411, 1841
173438, 1842
173464, 1843
173502, 1844
173529, 1845
173570, 1846
173621, 1847
173652, 1848
173679, 1849
173719, 1850
173756, 1851
173790, 1852
173826, 1853
173853, 1854
173891, 1855
173916, 1856
173959, 1857
173998, 1858
174027, 1859
174054, 1860
174163, 1861
174191, 1862
174223, 1863
174261, 1864
174292, 1865
174328, 1866
174353, 1867
174396, 1868
174424, 1869
174461, 1870
174491, 1871
174518, 1872
174555, 1873
174603, 1874
174654, 1875
174684, 1876
174709, 1877
174747, 1878
174777, 1879
174802, 1880
174851, 1881
174880, 1882
174914, 1883
174946, 1884
174971, 1885
175012, 1886
175049, 1887
175089, 1888
175142, 1889
175176, 1890
175216, 1891
175245, 1892
175270, 1893
175316, 1894
175350, 1895
175374, 1896
175399, 1897
175453, 1898
175482, 1899
175511, 1900
175540, 1901
175614, 1902
175644, 1903
175670, 1904
175721, 1905
175753, 1906
175774, 1907
175815, 1908
175845, 1909
175879, 1910
175908, 1911
175942, 1912
175970, 1913
176021, 1914
176073, 1915
176106, 1916
176140, 1917
176169, 1918
176196, 1919
176237, 1920
176267, 1921
176302, 1922
176332, 1923
176369, 1924
176397, 1925
176437, 1926
176463, 1927
176512, 1928
176558, 1929
176589, 1930
176614, 1931
176653, 1932
176680, 1933
176718, 1934
176747, 1935
176775, 1936
176816, 1937
176849, 1938
176889, 1939
176926, 1940
176963, 1941
176989, 1942
177068, 1943
177101, 1944
177149, 1945
177179, 1946
177207, 1947
177230, 1948
177283, 1949
177311, 1950
177337, 1951
177383, 1952
177412, 1953
177467, 1954
177497, 1955
177536, 1956
177562, 1957
177605, 1958
177632, 1959
177676, 1960
177710, 1961
177742, 1962
177770, 1963
177807, 1964
177837, 1965
177895, 1966
177927, 1967
177964, 1968
177990, 1969
178016, 1970
178068, 1971
178095, 1972
178123, 1973
178162, 1974
178189, 1975
178217, 1976
178262, 1977
178309, 1978
178339, 1979
178371, 1980
178404, 1981
178438, 1982
178462, 1983
178514, 1984
178540, 1985
178569, 1986
178609, 1987
178632, 1988
178675, 1989
178701, 1990
178754, 1991
178804, 1992
178833, 1993
178862, 1994
178891, 1995
178922, 1996
178946, 1997
178993, 1998
179022, 1999
179047, 2000
179088, 2001
179117, 2002
179152, 2003
179197, 2004
179219, 2005
179259, 2006
179311, 2007
179340, 2008
179367, 2009
179408, 2010
179433, 2011
179472, 2012
179516, 2013
179541, 2014
179568, 2015
179599, 2016
179642, 2017
179666, 2018
179707, 2019
179733, 2020
179774, 2021
179811, 2022
179882, 2023
179904, 2024
179944, 2025
179979, 2026
180015, 2027
180039, 2028
180079, 2029
180117, 2030
180143, 2031
180183, 2032
180207, 2033
180247, 2034
180289, 2035
180315, 2036
180339, 2037
180382, 2038
180412, 2039
180460, 2040
180501, 2041
180529, 2042
180571, 2043
180595, 2044
180639, 2045
180666, 2046
180700, 2047
180729, 2048
180770, 2049
180796, 2050
180822, 2051
180863, 2052
180906, 2053
180923, 2054
180964, 2055
181002, 2056
181033, 2057
181100, 2058
181117, 2059
181163, 2060
181190, 2061
181215, 2062
181253, 2063
181282, 2064
181322, 2065
181340, 2066
181380, 2067
181421, 2068
181450, 2069
181489, 2070
181506, 2071
181557, 2072
181582, 2073
181620, 2074
181659, 2075
181673, 2076
181716, 2077
181756, 2078
181801, 2079
181823, 2080
181865, 2081
181889, 2082
181930, 2083
181956, 2084
181997, 2085
182025, 2086
182063, 2087
182091, 2088
182132, 2089
182146, 2090
182189, 2091
182227, 2092
182257, 2093
182287, 2094
182326, 2095
182356, 2096
182397, 2097
182413, 2098
182465, 2099
182488, 2100
182528, 2101
182555, 2102
182595, 2103
182623, 2104
182663, 2105
182691, 2106
182733, 2107
182748, 2108
182788, 2109
182827, 2110
182857, 2111
182898, 2112
182969, 2113
182984, 2114
183010, 2115
183052, 2116
183093, 2117
183108, 2118
183150, 2119
183178, 2120
183220, 2121
183261, 2122
183275, 2123
183317, 2124
183359, 2125
183373, 2126
183415, 2127
183446, 2128
183483, 2129
183512, 2130
183554, 2131
183582, 2132
183611, 2133
183651, 2134
183680, 2135
183710, 2136
183750, 2137
183779, 2138
183819, 2139
183849, 2140
183877, 2141
183916, 2142
183945, 2143
183989, 2144
184018, 2145
184055, 2146
184094, 2147
184124, 2148
184165, 2149
184194, 2150
184224, 2151
184263, 2152
184292, 2153
184334, 2154
184362, 2155
184390, 2156
184432, 2157
184461, 2158
184501, 2159
184530, 2160
184558, 2161
184600, 2162
184629, 2163
184656, 2164
184697, 2165
184725, 2166
184765, 2167
184793, 2168
184822, 2169
184862, 2170
184892, 2171
184932, 2172
184961, 2173
184991, 2174
185032, 2175
185057, 2176
185099, 2177
185127, 2178
185156, 2179
185200, 2180
185241, 2181
185263, 2182
185305, 2183
185320, 2184
185364, 2185
185395, 2186
185417, 2187
185471, 2188
185486, 2189
185528, 2190
185557, 2191
185599, 2192
185628, 2193
185658, 2194
185697, 2195
185725, 2196
185767, 2197
185795, 2198
185825, 2199
185864, 2200
185893, 2201
185924, 2202
185960, 2203
185990, 2204
186032, 2205
186059, 2206
186101, 2207
186130, 2208
186158, 2209
186199, 2210
186228, 2211
186269, 2212
186297, 2213
186326, 2214
186367, 2215
186438, 2216
186467, 2217
186507, 2218
186523, 2219
186562, 2220
186603, 2221
186632, 2222
186672, 2223
186700, 2224
186742, 2225
186756, 2226
186797, 2227
186839, 2228
186867, 2229
186895, 2230
186937, 2231
186965, 2232
187003, 2233
187033, 2234
187075, 2235
187089, 2236
187130, 2237
187169, 2238
187198, 2239
187241, 2240
187254, 2241
187299, 2242
187327, 2243
187368, 2244
187397, 2245
187438, 2246
187466, 2247
187495, 2248
187551, 2249
187565, 2250
187604, 2251
187620, 2252
187672, 2253
187700, 2254
187730, 2255
187771, 2256
187800, 2257
187830, 2258
187870, 2259
187897, 2260
187939, 2261
187969, 2262
187996, 2263
188037, 2264
188065, 2265
188107, 2266
188120, 2267
188176, 2268
188190, 2269
188232, 2270
188274, 2271
188302, 2272
188331, 2273
188373, 2274
188401, 2275
188428, 2276
188470, 2277
188499, 2278
188539, 2279
188567, 2280
188608, 2281
188638, 2282
188665, 2283
188693, 2284
188753, 2285
188776, 2286
188800, 2287
188842, 2288
188871, 2289
188902, 2290
188940, 2291
188972, 2292
189008, 2293
189037, 2294
189079, 2295
189093, 2296
189135, 2297
189178, 2298
189207, 2299
189245, 2300
189273, 2301
189302, 2302
189344, 2303
189372, 2304
189414, 2305
189429, 2306
189472, 2307
189512, 2308
189540, 2309
189570, 2310
189610, 2311
189638, 2312
189669, 2313
189708, 2314
189736, 2315
189777, 2316
189792, 2317
189845, 2318
189859, 2319
189902, 2320
189943, 2321
189973, 2322
190001, 2323
190042, 2324
190071, 2325
190114, 2326
190177, 2327
190199, 2328
190240, 2329
190257, 2330
190309, 2331
190327, 2332
190375, 2333
190404, 2334
190434, 2335
190476, 2336
190501, 2337
190539, 2338
190579, 2339
190593, 2340
190634, 2341
190670, 2342
190712, 2343
190739, 2344
190766, 2345
190806, 2346
190834, 2347
190877, 2348
190902, 2349
190932, 2350
190974, 2351
191002, 2352
191042, 2353
191058, 2354
191134, 2355
191154, 2356
191182, 2357
191221, 2358
191250, 2359
191281, 2360
191323, 2361
191350, 2362
191391, 2363
191419, 2364
191447, 2365
191490, 2366
191516, 2367
191558, 2368
191573, 2369
191614, 2370
191658, 2371
191684, 2372
191713, 2373
191752, 2374
191784, 2375
191824, 2376
191841, 2377
191893, 2378
191922, 2379
191952, 2380
191993, 2381
192033, 2382
192075, 2383
192101, 2384
192130, 2385
192172, 2386
192199, 2387
192241, 2388
192269, 2389
192314, 2390
192337, 2391
192378, 2392
192406, 2393
192436, 2394
192465, 2395
192508, 2396
192532, 2397
192576, 2398
192618, 2399
192652, 2400
192693, 2401
192723, 2402
192763, 2403
192786, 2404
192824, 2405
192854, 2406
192882, 2407
192924, 2408
192950, 2409
192995, 2410
193022, 2411
193052, 2412
193077, 2413
193142, 2414
193194, 2415
193217, 2416
193240, 2417
193282, 2418
193306, 2419
193333, 2420
193374, 2421
193403, 2422
193440, 2423
193466, 2424
193509, 2425
193537, 2426
193562, 2427
193604, 2428
193645, 2429
193671, 2430
193703, 2431
193776, 2432
193802, 2433
193841, 2434
193868, 2435
193911, 2436
193950, 2437
193979, 2438
194005, 2439
194048, 2440
194083, 2441
194109, 2442
194158, 2443
194188, 2444
194211, 2445
194274, 2446
194306, 2447
194333, 2448
194362, 2449
194401, 2450
194432, 2451
194471, 2452
194504, 2453
194534, 2454
194571, 2455
194612, 2456
194640, 2457
194680, 2458
194714, 2459
194764, 2460
194787, 2461
194829, 2462
194859, 2463
194888, 2464
194927, 2465
194959, 2466
194994, 2467
195023, 2468
195047, 2469
195106, 2470
195135, 2471
195160, 2472
195218, 2473
195249, 2474
195286, 2475
195324, 2476
195349, 2477
195403, 2478
195430, 2479
195457, 2480
195495, 2481
195533, 2482
195566, 2483
195592, 2484
195621, 2485
195686, 2486
195708, 2487
195752, 2488
195793, 2489
195826, 2490
195856, 2491
195881, 2492
195918, 2493
195945, 2494
195985, 2495
196024, 2496
196058, 2497
196104, 2498
196155, 2499
196188, 2500
196219, 2501
196254, 2502
196284, 2503
196323, 2504
196359, 2505
196393, 2506
196430, 2507
196465, 2508
196493, 2509
196584, 2510
196618, 2511
196657, 2512
196689, 2513
196722, 2514
196750, 2515
196776, 2516
196828, 2517
196857, 2518
196880, 2519
196912, 2520
196974, 2521
197003, 2522
197041, 2523
197084, 2524
197122, 2525
197145, 2526
197199, 2527
197230, 2528
197255, 2529
197282, 2530
197357, 2531
197395, 2532
197429, 2533
197466, 2534
197501, 2535
197528, 2536
197554, 2537
197584, 2538
197629, 2539
197665, 2540
197694, 2541
197757, 2542
197789, 2543
197825, 2544
197870, 2545
197901, 2546
197939, 2547
197967, 2548
198005, 2549
198031, 2550
198071, 2551
198121, 2552
198175, 2553
198207, 2554
198235, 2555
198271, 2556
198298, 2557
198348, 2558
198384, 2559
198424, 2560
198457, 2561
198490, 2562
198520, 2563
198570, 2564
198606, 2565
198643, 2566
198676, 2567
198707, 2568
198745, 2569
198776, 2570
198810, 2571
198853, 2572
198886, 2573
198912, 2574
199003, 2575
199034, 2576
199070, 2577
199102, 2578
199138, 2579
199170, 2580
199205, 2581
199241, 2582
199276, 2583
199320, 2584
199375, 2585
199401, 2586
199426, 2587
199470, 2588
199495, 2589
199540, 2590
199575, 2591
199605, 2592
199642, 2593
199688, 2594
199726, 2595
199758, 2596
199782, 2597
199821, 2598
199847, 2599
199902, 2600
199950, 2601
199980, 2602
200022, 2603
200069, 2604
200098, 2605
200124, 2606
200174, 2607
200203, 2608
200232, 2609
200262, 2610
200305, 2611
200338, 2612
200381, 2613
200440, 2614
200470, 2615
200510, 2616
200539, 2617
200572, 2618
200609, 2619
200646, 2620
200684, 2621
200717, 2622
200751, 2623
200812, 2624
200844, 2625
200879, 2626
200906, 2627
200961, 2628
201004, 2629
201044, 2630
201076, 2631
201102, 2632
201132, 2633
201212, 2634
201259, 2635
201290, 2636
201328, 2637
201358, 2638
201385, 2639
201423, 2640
201456, 2641
201504, 2642
201553, 2643
201586, 2644
201619, 2645
201657, 2646
201689, 2647
201715, 2648
201768, 2649
201795, 2650
201834, 2651
201890, 2652
201925, 2653
201954, 2654
201992, 2655
202018, 2656
202054, 2657
202095, 2658
202125, 2659
202156, 2660
202205, 2661
202262, 2662
202302, 2663
202331, 2664
202369, 2665
202407, 2666
202438, 2667
202471, 2668
202500, 2669
202548, 2670
202574, 2671
202602, 2672
202650, 2673
202689, 2674
202725, 2675
202754, 2676
202783, 2677
202817, 2678
202866, 2679
202890, 2680
202929, 2681
202968, 2682
203005, 2683
203039, 2684
203064, 2685
203120, 2686
203159, 2687
203235, 2688
203262, 2689
203295, 2690
203340, 2691
203372, 2692
203416, 2693
203458, 2694
203483, 2695
203509, 2696
203562, 2697
203598, 2698
203631, 2699
203664, 2700
203693, 2701
203727, 2702
203755, 2703
203793, 2704
203840, 2705
203876, 2706
203915, 2707
203948, 2708
203979, 2709
204015, 2710
204040, 2711
204094, 2712
204131, 2713
204163, 2714
204215, 2715
204244, 2716
204268, 2717
204319, 2718
204348, 2719
204379, 2720
204413, 2721
204451, 2722
204478, 2723
204547, 2724
204577, 2725
204609, 2726
204641, 2727
204669, 2728
204695, 2729
204727, 2730
204758, 2731
204786, 2732
204840, 2733
204873, 2734
204906, 2735
204934, 2736
204962, 2737
205017, 2738
205046, 2739
205073, 2740
205116, 2741
205190, 2742
205217, 2743
205246, 2744
205288, 2745
205313, 2746
205354, 2747
205384, 2748
205412, 2749
205457, 2750
205518, 2751
205546, 2752
205573, 2753
205619, 2754
205647, 2755
205677, 2756
205708, 2757
205754, 2758
205785, 2759
205831, 2760
205858, 2761
205911, 2762
205942, 2763
205977, 2764
206009, 2765
206043, 2766
206068, 2767
206129, 2768
206163, 2769
206198, 2770
206222, 2771
206261, 2772
206290, 2773
206322, 2774
206367, 2775
206399, 2776
206458, 2777
206494, 2778
206529, 2779
206562, 2780
206599, 2781
206642, 2782
206676, 2783
206727, 2784
206762, 2785
206810, 2786
206843, 2787
206888, 2788
206923, 2789
206949, 2790
206990, 2791
207027, 2792
207069, 2793
207146, 2794
207199, 2795
207230, 2796
207268, 2797
207304, 2798
207332, 2799
207361, 2800
207418, 2801
207453, 2802
207482, 2803
207528, 2804
207562, 2805
207599, 2806
207626, 2807
207678, 2808
207707, 2809
207746, 2810
207773, 2811
207806, 2812
207851, 2813
207887, 2814
207925, 2815
207971, 2816
208001, 2817
208040, 2818
208081, 2819
208111, 2820
208137, 2821
208168, 2822
208217, 2823
208269, 2824
208304, 2825
208335, 2826
208364, 2827
208405, 2828
208432, 2829
208462, 2830
208514, 2831
208563, 2832
208592, 2833
208633, 2834
208669, 2835
208696, 2836
208723, 2837
208765, 2838
208793, 2839
208842, 2840
208908, 2841
208936, 2842
208987, 2843
209018, 2844
209053, 2845
209097, 2846
209125, 2847
209173, 2848
209200, 2849
209227, 2850
209267, 2851
209300, 2852
209337, 2853
209370, 2854
209433, 2855
209470, 2856
209509, 2857
209538, 2858
209565, 2859
209611, 2860
209640, 2861
209685, 2862
209720, 2863
209748, 2864
209800, 2865
209833, 2866
209858, 2867
209886, 2868
209925, 2869
209962, 2870
210004, 2871
210033, 2872
210067, 2873
210099, 2874
210136, 2875
210175, 2876
210219, 2877
210245, 2878
210297, 2879
210338, 2880
210379, 2881
210413, 2882
210452, 2883
210532, 2884
210558, 2885
210592, 2886
210618, 2887
210646, 2888
210690, 2889
210720, 2890
210758, 2891
210806, 2892
210842, 2893
210878, 2894
210904, 2895
210955, 2896
210984, 2897
211019, 2898
211086, 2899
211114, 2900
211144, 2901
211179, 2902
211207, 2903
211268, 2904
211304, 2905
211365, 2906
211396, 2907
211426, 2908
211452, 2909
211492, 2910
211516, 2911
211546, 2912
211597, 2913
211649, 2914
211678, 2915
211716, 2916
211754, 2917
211782, 2918
211815, 2919
211842, 2920
211902, 2921
211954, 2922
211984, 2923
212020, 2924
212047, 2925
212072, 2926
212118, 2927
212153, 2928
212231, 2929
212267, 2930
212304, 2931
212345, 2932
212384, 2933
212419, 2934
212449, 2935
212503, 2936
212537, 2937
212572, 2938
212602, 2939
212638, 2940
212667, 2941
212725, 2942
212760, 2943
212786, 2944
212823, 2945
212853, 2946
212881, 2947
212916, 2948
212969, 2949
212999, 2950
213036, 2951
213085, 2952
213111, 2953
213138, 2954
213169, 2955
213240, 2956
213274, 2957
213308, 2958
213346, 2959
213380, 2960
213419, 2961
213461, 2962
213518, 2963
213550, 2964
213575, 2965
213624, 2966
213656, 2967
213685, 2968
213721, 2969
213793, 2970
213828, 2971
213869, 2972
213903, 2973
213934, 2974
213973, 2975
214030, 2976
214068, 2977
214112, 2978
214143, 2979
214173, 2980
214211, 2981
214266, 2982
214301, 2983
214349, 2984
214382, 2985
214425, 2986
214465, 2987
214501, 2988
214544, 2989
214570, 2990
214597, 2991
214654, 2992
214689, 2993
214724, 2994
214785, 2995
214811, 2996
214836, 2997
214863, 2998
214916, 2999
214945, 3000
214991, 3001
215082, 3002
215111, 3003
215146, 3004
215185, 3005
215223, 3006
215250, 3007
215317, 3008
215339, 3009
215368, 3010
215407, 3011
215442, 3012
215507, 3013
215541, 3014
215597, 3015
215626, 3016
215663, 3017
215691, 3018
215732, 3019
215791, 3020
215829, 3021
215861, 3022
215896, 3023
215925, 3024
215962, 3025
215988, 3026
216062, 3027
216093, 3028
216140, 3029
216179, 3030
216206, 3031
216228, 3032
216267, 3033
216380, 3034
216415, 3035
216456, 3036
216490, 3037
216528, 3038
216590, 3039
216619, 3040
216647, 3041
216691, 3042
216721, 3043
216754, 3044
216794, 3045
216841, 3046
216875, 3047
216915, 3048
216943, 3049
216994, 3050
217028, 3051
217074, 3052
217100, 3053
217126, 3054
217174, 3055
217203, 3056
217227, 3057
217305, 3058
217341, 3059
217383, 3060
217415, 3061
217445, 3062
217533, 3063
217567, 3064
217603, 3065
217629, 3066
217654, 3067
217682, 3068
217716, 3069
217764, 3070
217798, 3071
217828, 3072
217857, 3073
217899, 3074
217956, 3075
217986, 3076
218032, 3077
218062, 3078
218089, 3079
218123, 3080
218178, 3081
218213, 3082
218226, 3083
218264, 3084
218303, 3085
218332, 3086
218370, 3087
218397, 3088
218438, 3089
218466, 3090
218495, 3091
218535, 3092
218563, 3093
218603, 3094
218628, 3095
218667, 3096
218706, 3097
218734, 3098
218775, 3099
218789, 3100
218856, 3101
218869, 3102
218912, 3103
218926, 3104
218969, 3105
218997, 3106
219040, 3107
219067, 3108
219108, 3109
219135, 3110
219178, 3111
219192, 3112
219233, 3113
219274, 3114
219303, 3115
219333, 3116
219373, 3117
219401, 3118
219442, 3119
219515, 3120
219540, 3121
219552, 3122
219604, 3123
219617, 3124
219669, 3125
219697, 3126
219737, 3127
219751, 3128
219804, 3129
219818, 3130
219860, 3131
219902, 3132
219931, 3133
219972, 3134
219986, 3135
220029, 3136
220070, 3137
220098, 3138
220140, 3139
220169, 3140
220208, 3141
220237, 3142
220279, 3143
220307, 3144
220335, 3145
220377, 3146
220405, 3147
220446, 3148
220475, 3149
220504, 3150
220543, 3151
220573, 3152
220602, 3153
220640, 3154
220669, 3155
220708, 3156
220760, 3157
220780, 3158
220803, 3159
220841, 3160
220881, 3161
220907, 3162
220949, 3163
220977, 3164
221004, 3165
221044, 3166
221086, 3167
221101, 3168
221154, 3169
221170, 3170
221210, 3171
221252, 3172
221266, 3173
221309, 3174
221350, 3175
221379, 3176
221407, 3177
221447, 3178
221504, 3179
221519, 3180
221631, 3181
221653, 3182
221679, 3183
221717, 3184
221744, 3185
221784, 3186
221812, 3187
221853, 3188
221880, 3189
221922, 3190
221936, 3191
221991, 3192
222005, 3193
222046, 3194
222087, 3195
222115, 3196
222158, 3197
222172, 3198
222215, 3199
222243, 3200
222283, 3201
222325, 3202
222354, 3203
222395, 3204
222410, 3205
222450, 3206
222492, 3207
222520, 3208
222549, 3209
222589, 3210
222618, 3211
222660, 3212
222689, 3213
222729, 3214
222745, 3215
222787, 3216
222827, 3217
222842, 3218
222885, 3219
222948, 3220
222966, 3221
222996, 3222
223037, 3223
223064, 3224
223094, 3225
223133, 3226
223161, 3227
223203, 3228
223231, 3229
223272, 3230
223301, 3231
223329, 3232
223370, 3233
223399, 3234
223427, 3235
223468, 3236
223496, 3237
223537, 3238
223565, 3239
223607, 3240
223622, 3241
223663, 3242
223735, 3243
223772, 3244
223814, 3245
223828, 3246
223872, 3247
223900, 3248
223941, 3249
223970, 3250
224010, 3251
224040, 3252
224068, 3253
224105, 3254
224148, 3255
224163, 3256
224203, 3257
224246, 3258
224275, 3259
224315, 3260
224344, 3261
224372, 3262
224402, 3263
224470, 3264
224483, 3265
224512, 3266
224526, 3267
224569, 3268
224607, 3269
224650, 3270
224664, 3271
224707, 3272
224735, 3273
224775, 3274
224803, 3275
224845, 3276
224875, 3277
224902, 3278
224944, 3279
224972, 3280
225015, 3281
225029, 3282
225071, 3283
225110, 3284
225138, 3285
225180, 3286
225194, 3287
225249, 3288
225264, 3289
225322, 3290
225335, 3291
225376, 3292
225402, 3293
225445, 3294
225473, 3295
225516, 3296
225530, 3297
225571, 3298
225613, 3299
225641, 3300
225668, 3301
225711, 3302
225727, 3303
225778, 3304
225808, 3305
225836, 3306
225878, 3307
225908, 3308
225989, 3309
226003, 3310
226045, 3311
226059, 3312
226101, 3313
226141, 3314
226169, 3315
226198, 3316
226240, 3317
226268, 3318
226309, 3319
226325, 3320
226378, 3321
226392, 3322
226434, 3323
226463, 3324
226504, 3325
226547, 3326
226559, 3327
226602, 3328
226644, 3329
226659, 3330
226701, 3331
226740, 3332
226768, 3333
226822, 3334
226837, 3335
226866, 3336
226906, 3337
226935, 3338
226962, 3339
226996, 3340
227032, 3341
227074, 3342
227102, 3343
227132, 3344
227172, 3345
227200, 3346
227230, 3347
227270, 3348
227297, 3349
227340, 3350
227367, 3351
227408, 3352
227438, 3353
227465, 3354
227507, 3355
227535, 3356
227591, 3357
227605, 3358
227632, 3359
227674, 3360
227688, 3361
227743, 3362
227760, 3363
227799, 3364
227838, 3365
227868, 3366
227908, 3367
227936, 3368
227968, 3369
228006, 3370
228034, 3371
228065, 3372
228103, 3373
228132, 3374
228174, 3375
228202, 3376
228231, 3377
228273, 3378
228300, 3379
228342, 3380
228357, 3381
228414, 3382
228470, 3383
228492, 3384
228523, 3385
228562, 3386
228605, 3387
228618, 3388
228660, 3389
228690, 3390
228731, 3391
228758, 3392
228800, 3393
228829, 3394
228858, 3395
228899, 3396
228926, 3397
228967, 3398
228996, 3399
229037, 3400
229066, 3401
229094, 3402
229123, 3403
229163, 3404
229194, 3405
229247, 3406
229272, 3407
229311, 3408
229341, 3409
229369, 3410
229410, 3411
229440, 3412
229468, 3413
229510, 3414
229539, 3415
229579, 3416
229606, 3417
229635, 3418
229677, 3419
229705, 3420
229734, 3421
229773, 3422
229815, 3423
229842, 3424
229871, 3425
229914, 3426
229941, 3427
229970, 3428
230012, 3429
230040, 3430
230081, 3431
230119, 3432
230148, 3433
230190, 3434
230205, 3435
230246, 3436
230275, 3437
230316, 3438
230343, 3439
230386, 3440
230414, 3441
230443, 3442
230484, 3443
230500, 3444
230543, 3445
230580, 3446
230610, 3447
230651, 3448
230679, 3449
230720, 3450
230815, 3451
230850, 3452
230863, 3453
230912, 3454
230942, 3455
230969, 3456
231012, 3457
231053, 3458
231095, 3459
231155, 3460
231187, 3461
231225, 3462
231261, 3463
231293, 3464
231333, 3465
231366, 3466
231396, 3467
231459, 3468
231493, 3469
231522, 3470
231576, 3471
231614, 3472
231646, 3473
231670, 3474
231709, 3475
231783, 3476
231823, 3477
231860, 3478
231890, 3479
231933, 3480
231967, 3481
231990, 3482
232033, 3483
232058, 3484
232119, 3485
232154, 3486
232182, 3487
232221, 3488
232253, 3489
232295, 3490
232328, 3491
232366, 3492
232393, 3493
232448, 3494
232473, 3495
232510, 3496
232540, 3497
232579, 3498
232611, 3499
232644, 3500
232671, 3501
232770, 3502
232794, 3503
232822, 3504
232851, 3505
232895, 3506
232936, 3507
232972, 3508
233027, 3509
233052, 3510
233092, 3511
233127, 3512
233155, 3513
233184, 3514
233211, 3515
233270, 3516
233322, 3517
233347, 3518
233374, 3519
233404, 3520
233456, 3521
233486, 3522
233523, 3523
233583, 3524
233627, 3525
233669, 3526
233706, 3527
233747, 3528
233791, 3529
233833, 3530
233876, 3531
233950, 3532
233993, 3533
234036, 3534
234074, 3535
234106, 3536
234133, 3537
234165, 3538
234204, 3539
234252, 3540
234289, 3541
234323, 3542
234356, 3543
234383, 3544
234435, 3545
234466, 3546
234559, 3547
234588, 3548
234615, 3549
234643, 3550
234686, 3551
234710, 3552
234754, 3553
234782, 3554
234837, 3555
234869, 3556
234901, 3557
234931, 3558
234978, 3559
235007, 3560
235040, 3561
235090, 3562
235118, 3563
235164, 3564
235198, 3565
235238, 3566
235266, 3567
235334, 3568
235368, 3569
235406, 3570
235432, 3571
235472, 3572
235515, 3573
235549, 3574
235574, 3575
235632, 3576
235662, 3577
235697, 3578
235729, 3579
235763, 3580
235797, 3581
235834, 3582
235877, 3583
235924, 3584
235949, 3585
235994, 3586
236024, 3587
236069, 3588
236103, 3589
236133, 3590
236207, 3591
236232, 3592
236264, 3593
236317, 3594
236349, 3595
236385, 3596
236424, 3597
236479, 3598
236518, 3599
236547, 3600
236584, 3601
236619, 3602
236652, 3603
236685, 3604
236735, 3605
236766, 3606
236798, 3607
236834, 3608
236865, 3609
236899, 3610
236943, 3611
237007, 3612
237038, 3613
237071, 3614
237103, 3615
237139, 3616
237168, 3617
237220, 3618
237271, 3619
237303, 3620
237340, 3621
237386, 3622
237422, 3623
237449, 3624
237496, 3625
237528, 3626
237562, 3627
237591, 3628
237638, 3629
237669, 3630
237699, 3631
237777, 3632
237809, 3633
237845, 3634
237882, 3635
237912, 3636
237954, 3637
238022, 3638
238057, 3639
238093, 3640
238122, 3641
238154, 3642
238191, 3643
238217, 3644
238278, 3645
238313, 3646
238346, 3647
238379, 3648
238404, 3649
238431, 3650
238464, 3651
238514, 3652
238558, 3653
238591, 3654
238627, 3655
238666, 3656
238732, 3657
238766, 3658
238804, 3659
238831, 3660
238880, 3661
238908, 3662
238951, 3663
239000, 3664
239029, 3665
239073, 3666
239110, 3667
239141, 3668
239183, 3669
239271, 3670
239305, 3671
239342, 3672
239378, 3673
239417, 3674
239462, 3675
239487, 3676
239511, 3677
239564, 3678
239593, 3679
239632, 3680
239682, 3681
239712, 3682
239745, 3683
239787, 3684
239819, 3685
239862, 3686
239922, 3687
239961, 3688
240000, 3689
240032, 3690
240062, 3691
240110, 3692
240159, 3693
240194, 3694
240221, 3695
240247, 3696
240282, 3697
240308, 3698
240416, 3699
240445, 3700
240483, 3701
240524, 3702
240548, 3703
240574, 3704
240629, 3705
240658, 3706
240696, 3707
240740, 3708
240775, 3709
240823, 3710
240856, 3711
240879, 3712
240914, 3713
240957, 3714
240989, 3715
241047, 3716
241079, 3717
241111, 3718
241145, 3719
241169, 3720
241214, 3721
241263, 3722
241296, 3723
241327, 3724
241374, 3725
241409, 3726
241486, 3727
241518, 3728
241546, 3729
241582, 3730
241614, 3731
241649, 3732
241697, 3733
241736, 3734
241767, 3735
241803, 3736
241835, 3737
241887, 3738
241912, 3739
241970, 3740
242006, 3741
242063, 3742
242092, 3743
242117, 3744
242155, 3745
242188, 3746
242220, 3747
242266, 3748
242303, 3749
242331, 3750
242367, 3751
242395, 3752
242489, 3753
242517, 3754
242551, 3755
242577, 3756
242606, 3757
242656, 3758
242692, 3759
242728, 3760
242761, 3761
242815, 3762
242861, 3763
242899, 3764
242925, 3765
242963, 3766
243013, 3767
243048, 3768
243083, 3769
243122, 3770
243149, 3771
243205, 3772
243235, 3773
243272, 3774
243302, 3775
243334, 3776
243399, 3777
243431, 3778
243470, 3779
243495, 3780
243550, 3781
243589, 3782
243629, 3783
243666, 3784
243693, 3785
243749, 3786
243786, 3787
243827, 3788
243868, 3789
243902, 3790
243924, 3791
243980, 3792
244019, 3793
244047, 3794
244073, 3795
244102, 3796
244166, 3797
244194, 3798
244225, 3799
244268, 3800
244311, 3801
244379, 3802
244418, 3803
244468, 3804
244505, 3805
244542, 3806
244638, 3807
244667, 3808
244690, 3809
244718, 3810
244746, 3811
244775, 3812
244832, 3813
244866, 3814
244895, 3815
244929, 3816
244981, 3817
245037, 3818
245060, 3819
245103, 3820
245130, 3821
245161, 3822
245214, 3823
245237, 3824
245297, 3825
245331, 3826
245362, 3827
245415, 3828
245445, 3829
245481, 3830
245510, 3831
245563, 3832
245634, 3833
245667, 3834
245695, 3835
245729, 3836
245768, 3837
245806, 3838
245898, 3839
245925, 3840
245950, 3841
245983, 3842
246019, 3843
246066, 3844
246097, 3845
246127, 3846
246162, 3847
246192, 3848
246247, 3849
246278, 3850
246306, 3851
246344, 3852
246378, 3853
246423, 3854
246456, 3855
246481, 3856
246538, 3857
246570, 3858
246624, 3859
246661, 3860
246689, 3861
246727, 3862
246760, 3863
246809, 3864
246838, 3865
246874, 3866
246906, 3867
246941, 3868
247015, 3869
247052, 3870
247090, 3871
247126, 3872
247154, 3873
247226, 3874
247258, 3875
247300, 3876
247330, 3877
247365, 3878
247390, 3879
247464, 3880
247494, 3881
247532, 3882
247562, 3883
247593, 3884
247618, 3885
247663, 3886
247689, 3887
247738, 3888
247774, 3889
247809, 3890
247841, 3891
247903, 3892
247942, 3893
247977, 3894
248003, 3895
248048, 3896
248076, 3897
248120, 3898
248152, 3899
248180, 3900
248221, 3901
248250, 3902
248276, 3903
248351, 3904
248387, 3905
248422, 3906
248457, 3907
248485, 3908
248513, 3909
248552, 3910
248610, 3911
248642, 3912
248669, 3913
248709, 3914
248749, 3915
248777, 3916
248821, 3917
248847, 3918
248899, 3919
248926, 3920
248955, 3921
248977, 3922
249021, 3923
249069, 3924
249097, 3925
249127, 3926
249165, 3927
249193, 3928
249245, 3929
249292, 3930
249323, 3931
249350, 3932
249377, 3933
249405, 3934
249457, 3935
249507, 3936
249543, 3937
249581, 3938
249619, 3939
249649, 3940
249681, 3941
249730, 3942
249765, 3943
249794, 3944
249822, 3945
249860, 3946
249908, 3947
249939, 3948
249965, 3949
250015, 3950
250090, 3951
250133, 3952
250168, 3953
250196, 3954
250252, 3955
250289, 3956
250317, 3957
250361, 3958
250394, 3959
250422, 3960
250451, 3961
250513, 3962
250541, 3963
250573, 3964
250617, 3965
250651, 3966
250682, 3967
250733, 3968
250762, 3969
250798, 3970
250884, 3971
250919, 3972
250958, 3973
251003, 3974
251037, 3975
251066, 3976
251106, 3977
251131, 3978
251183, 3979
251231, 3980
251265, 3981
251304, 3982
251334, 3983
251384, 3984
251406, 3985
251450, 3986
251496, 3987
251528, 3988
251564, 3989
251639, 3990
251662, 3991
251713, 3992
251751, 3993
251795, 3994
251826, 3995
251883, 3996
251918, 3997
251957, 3998
252015, 3999
252049, 4000
252080, 4001
252135, 4002
252166, 4003
252193, 4004
252260, 4005
252286, 4006
252322, 4007
252385, 4008
252414, 4009
252443, 4010
252500, 4011
252535, 4012
252592, 4013
252624, 4014
252660, 4015
252699, 4016
252732, 4017
252766, 4018
252810, 4019
252846, 4020
252881, 4021
252948, 4022
252973, 4023
252996, 4024
253092, 4025
253121, 4026
253147, 4027
253192, 4028
253223, 4029
253250, 4030
253302, 4031
253354, 4032
253406, 4033
253432, 4034
253461, 4035
253525, 4036
253563, 4037
253641, 4038
253670, 4039
253706, 4040
253757, 4041
253787, 4042
253844, 4043
253875, 4044
253903, 4045
253967, 4046
253994, 4047
254040, 4048
254072, 4049
254103, 4050
254191, 4051
254211, 4052
254261, 4053
254309, 4054
254348, 4055
254400, 4056
254429, 4057
254473, 4058
254497, 4059
254521, 4060
254562, 4061
254612, 4062
254643, 4063
254669, 4064
254739, 4065
254758, 4066
254809, 4067
254838, 4068
254884, 4069
254908, 4070
254943, 4071
254996, 4072
255022, 4073
255069, 4074
255131, 4075
255152, 4076
255195, 4077
255249, 4078
255277, 4079
255302, 4080
255390, 4081
255411, 4082
255439, 4083
255479, 4084
255527, 4085
255555, 4086
255603, 4087
255627, 4088
255673, 4089
255727, 4090
255753, 4091
255779, 4092
255809, 4093
255889, 4094
255939, 4095
255968, 4096
256010, 4097
256033, 4098
256100, 4099
256122, 4100
256178, 4101
256199, 4102
256234, 4103
256315, 4104
256343, 4105
256400, 4106
256419, 4107
256459, 4108
256497, 4109
256532, 4110
256561, 4111
256637, 4112
256660, 4113
256704, 4114
256756, 4115
256784, 4116
256831, 4117
256849, 4118
256899, 4119
256913, 4120
257014, 4121
257037, 4122
257069, 4123
257111, 4124
257147, 4125
257186, 4126
257231, 4127
257252, 4128
257282, 4129
257322, 4130
257402, 4131
257431, 4132
257451, 4133
257493, 4134
257518, 4135
257545, 4136
257602, 4137
257626, 4138
257644, 4139
257681, 4140
257761, 4141
257789, 4142
257810, 4143
257863, 4144
257890, 4145
257921, 4146
257988, 4147
258013, 4148
258036, 4149
258117, 4150
258144, 4151
258170, 4152
258186, 4153
258239, 4154
258266, 4155
258289, 4156
258344, 4157
258371, 4158
258393, 4159
258474, 4160
258489, 4161
258524, 4162
258585, 4163
258605, 4164
258642, 4165
258669, 4166
258705, 4167
258757, 4168
258774, 4169
258802, 4170
258852, 4171
258935, 4172
258953, 4173
258998, 4174
259026, 4175
259073, 4176
259094, 4177
259140, 4178
259167, 4179
259203, 4180
259259, 4181
259284, 4182
259299, 4183
259335, 4184
259417, 4185
259443, 4186
259465, 4187
259478, 4188
259516, 4189
259554, 4190
259612, 4191
259636, 4192
259662, 4193
259688, 4194
259726, 4195
259780, 4196
259794, 4197
259831, 4198
259860, 4199
259897, 4200
259978, 4201
259991, 4202
260013, 4203
260054, 4204
260069, 4205
260122, 4206
260138, 4207
260191, 4208
260231, 4209
260248, 4210
260298, 4211
260311, 4212
260366, 4213
260404, 4214
260438, 4215
260463, 4216
260502, 4217
260529, 4218
260626, 4219
260640, 4220
260677, 4221
260692, 4222
260733, 4223
260774, 4224
260802, 4225
260850, 4226
260860, 4227
260900, 4228
260938, 4229
260964, 4230
261003, 4231
261030, 4232
261071, 4233
261113, 4234
261141, 4235
261179, 4236
261208, 4237
261247, 4238
261273, 4239
261311, 4240
261337, 4241
261420, 4242
261434, 4243
261459, 4244
261501, 4245
261528, 4246
261570, 4247
261585, 4248
261639, 4249
261681, 4250
261704, 4251
261743, 4252
261783, 4253
261797, 4254
261849, 4255
261877, 4256
261921, 4257
261933, 4258
261985, 4259
261999, 4260
262049, 4261
262073, 4262
262114, 4263
262141, 4264
262170, 4265
262261, 4266
262278, 4267
262300, 4268
262328, 4269
262368, 4270
262396, 4271
262435, 4272
262463, 4273
262504, 4274
262530, 4275
262570, 4276
262596, 4277
262633, 4278
262673, 4279
262701, 4280
262740, 4281
262768, 4282
262809, 4283
262824, 4284
262866, 4285
262919, 4286
262946, 4287
262960, 4288
263014, 4289
263027, 4290
263077, 4291
263104, 4292
263146, 4293
263174, 4294
263201, 4295
263243, 4296
263302, 4297
263340, 4298
263365, 4299
263378, 4300
263420, 4301
263461, 4302
263486, 4303
263524, 4304
263552, 4305
263590, 4306
263645, 4307
263659, 4308
263688, 4309
263728, 4310
263758, 4311
263797, 4312
263811, 4313
263854, 4314
263894, 4315
263922, 4316
263952, 4317
263988, 4318
264041, 4319
264055, 4320
264093, 4321
264121, 4322
264162, 4323
264190, 4324
264228, 4325
264243, 4326
264297, 4327
264311, 4328
264355, 4329
264396, 4330
264466, 4331
264495, 4332
264535, 4333
264563, 4334
264593, 4335
264631, 4336
264672, 4337
264702, 4338
264731, 4339
264770, 4340
264799, 4341
264842, 4342
264869, 4343
264910, 4344
264926, 4345
264967, 4346
265007, 4347
265032, 4348
265072, 4349
265097, 4350
265138, 4351
265165, 4352
265233, 4353
265247, 4354
265261, 4355
265303, 4356
265331, 4357
265372, 4358
265413, 4359
265428, 4360
265469, 4361
265497, 4362
265539, 4363
265567, 4364
265651, 4365
265678, 4366
265703, 4367
265720, 4368
265760, 4369
265802, 4370
265831, 4371
265860, 4372
265900, 4373
265929, 4374
265970, 4375
265999, 4376
266042, 4377
266057, 4378
266095, 4379
266137, 4380
266164, 4381
266195, 4382
266234, 4383
266262, 4384
266304, 4385
266333, 4386
266362, 4387
266402, 4388
266443, 4389
266457, 4390
266501, 4391
266529, 4392
266559, 4393
266598, 4394
266625, 4395
266667, 4396
266696, 4397
266737, 4398
266752, 4399
266794, 4400
266854, 4401
266904, 4402
266946, 4403
266974, 4404
267005, 4405
267042, 4406
267070, 4407
267112, 4408
267127, 4409
267168, 4410
267209, 4411
267240, 4412
267268, 4413
267332, 4414
267349, 4415
267390, 4416
267405, 4417
267447, 4418
267488, 4419
267504, 4420
267545, 4421
267583, 4422
267612, 4423
267655, 4424
267669, 4425
267711, 4426
267752, 4427
267784, 4428
267823, 4429
267853, 4430
267891, 4431
267933, 4432
267948, 4433
267988, 4434
268030, 4435
268059, 4436
268088, 4437
268128, 4438
268158, 4439
268186, 4440
268295, 4441
268310, 4442
268324, 4443
268350, 4444
268391, 4445
268419, 4446
268460, 4447
268474, 4448
268516, 4449
268554, 4450
268579, 4451
268619, 4452
268646, 4453
268687, 4454
268714, 4455
268772, 4456
268784, 4457
268822, 4458
268850, 4459
268878, 4460
268921, 4461
268948, 4462
268991, 4463
269019, 4464
269049, 4465
269088, 4466
269117, 4467
269158, 4468
269172, 4469
269242, 4470
269269, 4471
269306, 4472
269345, 4473
269360, 4474
269413, 4475
269427, 4476
269478, 4477
269507, 4478
269535, 4479
269578, 4480
269605, 4481
269647, 4482
269675, 4483
269744, 4484
269781, 4485
269796, 4486
269851, 4487
269865, 4488
269909, 4489
269949, 4490
269974, 4491
270013, 4492
270053, 4493
270070, 4494
270118, 4495
270132, 4496
270173, 4497
270227, 4498
270244, 4499
270281, 4500
270306, 4501
270346, 4502
270375, 4503
270413, 4504
270440, 4505
270479, 4506
270508, 4507
270536, 4508
270577, 4509
270606, 4510
270647, 4511
270676, 4512
270704, 4513
270758, 4514
270773, 4515
270804, 4516
270843, 4517
270884, 4518
270898, 4519
270939, 4520
270981, 4521
271009, 4522
271050, 4523
271066, 4524
271107, 4525
271149, 4526
271178, 4527
271206, 4528
271288, 4529
271303, 4530
271331, 4531
271347, 4532
271386, 4533
271427, 4534
271444, 4535
271497, 4536
271523, 4537
271554, 4538
271594, 4539
271623, 4540
271678, 4541
271706, 4542
271723, 4543
271748, 4544
271792, 4545
271828, 4546
271855, 4547
271896, 4548
271912, 4549
271961, 4550
272004, 4551
272044, 4552
272072, 4553
272109, 4554
272137, 4555
272179, 4556
272207, 4557
272235, 4558
272276, 4559
272304, 4560
272344, 4561
272372, 4562
272404, 4563
272443, 4564
272472, 4565
272501, 4566
272540, 4567
272581, 4568
272600, 4569
272639, 4570
272732, 4571
272750, 4572
272784, 4573
272825, 4574
272852, 4575
272877, 4576
272916, 4577
272959, 4578
272975, 4579
273015, 4580
273054, 4581
273082, 4582
273147, 4583
273168, 4584
273191, 4585
273220, 4586
273260, 4587
273303, 4588
273329, 4589
273371, 4590
273388, 4591
273423, 4592
273476, 4593
273490, 4594
273533, 4595
273560, 4596
273598, 4597
273627, 4598
273668, 4599
273684, 4600
273724, 4601
273765, 4602
273808, 4603
273837, 4604
273872, 4605
273914, 4606
273931, 4607
273969, 4608
274006, 4609
274034, 4610
274072, 4611
274113, 4612
274163, 4613
274213, 4614
274253, 4615
274281, 4616
274319, 4617
274361, 4618
274378, 4619
274420, 4620
274461, 4621
274486, 4622
274515, 4623
274554, 4624
274592, 4625
274632, 4626
274651, 4627
274685, 4628
274725, 4629
274752, 4630
274792, 4631
274819, 4632
274847, 4633
274886, 4634
274942, 4635
274964, 4636
275004, 4637
275019, 4638
275072, 4639
275088, 4640
275141, 4641
275155, 4642
275205, 4643
275232, 4644
275269, 4645
275320, 4646
275339, 4647
275376, 4648
275402, 4649
275441, 4650
275469, 4651
275506, 4652
275536, 4653
275576, 4654
275609, 4655
275644, 4656
275670, 4657
275769, 4658
275795, 4659
275821, 4660
275838, 4661
275889, 4662
275929, 4663
275957, 4664
275983, 4665
276017, 4666
276054, 4667
276081, 4668
276121, 4669
276161, 4670
276176, 4671
276219, 4672
276260, 4673
276286, 4674
276313, 4675
276355, 4676
276382, 4677
276424, 4678
276476, 4679
276495, 4680
276541, 4681
276568, 4682
276610, 4683
276637, 4684
276677, 4685
276705, 4686
276734, 4687
276771, 4688
276800, 4689
276856, 4690
276871, 4691
276911, 4692
276941, 4693
276970, 4694
277009, 4695
277036, 4696
277080, 4697
277121, 4698
277173, 4699
277211, 4700
277251, 4701
277279, 4702
277303, 4703
277342, 4704
277381, 4705
277411, 4706
277447, 4707
277490, 4708
277528, 4709
277556, 4710
277591, 4711
277633, 4712
277663, 4713
277689, 4714
277743, 4715
277771, 4716
277813, 4717
277855, 4718
277882, 4719
277918, 4720
277980, 4721
278004, 4722
278041, 4723
278071, 4724
278105, 4725
278129, 4726
278179, 4727
278232, 4728
278264, 4729
278292, 4730
278316, 4731
278367, 4732
278395, 4733
278420, 4734
278460, 4735
278524, 4736
278547, 4737
278594, 4738
278620, 4739
278650, 4740
278673, 4741
278729, 4742
278779, 4743
278797, 4744
278822, 4745
278864, 4746
278891, 4747
278957, 4748
278987, 4749
279012, 4750
279040, 4751
279081, 4752
279104, 4753
279150, 4754
279182, 4755
279230, 4756
279271, 4757
279299, 4758
279329, 4759
279365, 4760
279410, 4761
279440, 4762
279466, 4763
279520, 4764
279548, 4765
279573, 4766
279664, 4767
279699, 4768
279735, 4769
279755, 4770
279805, 4771
279862, 4772
279895, 4773
279923, 4774
279956, 4775
279982, 4776
280019, 4777
280081, 4778
280110, 4779
280139, 4780
280163, 4781
280206, 4782
280244, 4783
280291, 4784
280322, 4785
280348, 4786
280376, 4787
280431, 4788
280510, 4789
280535, 4790
280565, 4791
280604, 4792
280632, 4793
280695, 4794
280722, 4795
280749, 4796
280777, 4797
280803, 4798
280882, 4799
280913, 4800
280942, 4801
280975, 4802
281003, 4803
281067, 4804
281096, 4805
281121, 4806
281175, 4807
281204, 4808
281264, 4809
281294, 4810
281324, 4811
281357, 4812
281382, 4813
281469, 4814
281510, 4815
281544, 4816
281571, 4817
281629, 4818
281666, 4819
281703, 4820
281739, 4821
281790, 4822
281823, 4823
281850, 4824
281877, 4825
281903, 4826
281970, 4827
282004, 4828
282040, 4829
282080, 4830
282129, 4831
282173, 4832
282208, 4833
282274, 4834
282301, 4835
282333, 4836
282371, 4837
282417, 4838
282455, 4839
282492, 4840
282555, 4841
282587, 4842
282626, 4843
282688, 4844
282719, 4845
282756, 4846
282798, 4847
282860, 4848
282895, 4849
282927, 4850
283013, 4851
283049, 4852
283087, 4853
283113, 4854
283156, 4855
283193, 4856
283230, 4857
283282, 4858
283325, 4859
283358, 4860
283412, 4861
283443, 4862
283479, 4863
283516, 4864
283566, 4865
283610, 4866
283663, 4867
283721, 4868
283755, 4869
283806, 4870
283857, 4871
283891, 4872
283925, 4873
283979, 4874
284010, 4875
284036, 4876
284086, 4877
284117, 4878
284143, 4879
284245, 4880
284280, 4881
284313, 4882
284358, 4883
284410, 4884
284465, 4885
284501, 4886
284561, 4887
284601, 4888
284643, 4889
284696, 4890
284727, 4891
284762, 4892
284808, 4893
284842, 4894
284882, 4895
284962, 4896
284983, 4897
285036, 4898
285081, 4899
285135, 4900
285166, 4901
285230, 4902
285265, 4903
285303, 4904
285349, 4905
285377, 4906
285405, 4907
285432, 4908
285514, 4909
285544, 4910
285596, 4911
285630, 4912
285666, 4913
285709, 4914
285759, 4915
285794, 4916
285855, 4917
285895, 4918
285936, 4919
285997, 4920
286028, 4921
286057, 4922
286097, 4923
286194, 4924
286258, 4925
286285, 4926
286339, 4927
286386, 4928
286417, 4929
286456, 4930
286502, 4931
286536, 4932
286573, 4933
286623, 4934
286658, 4935
286730, 4936
286801, 4937
286826, 4938
286850, 4939
286895, 4940
286932, 4941
286964, 4942
287017, 4943
287053, 4944
287103, 4945
287150, 4946
287187, 4947
287232, 4948
287259, 4949
287356, 4950
287385, 4951
287433, 4952
287489, 4953
287524, 4954
287581, 4955
287619, 4956
287660, 4957
287720, 4958
287762, 4959
287813, 4960
287842, 4961
287949, 4962
287976, 4963
288021, 4964
288064, 4965
288092, 4966
288142, 4967
288177, 4968
288218, 4969
288277, 4970
288322, 4971
288369, 4972
288420, 4973
288473, 4974
288522, 4975
288549, 4976
288595, 4977
288619, 4978
288675, 4979
288714, 4980
288742, 4981
288804, 4982
288836, 4983
288888, 4984
288920, 4985
289011, 4986
289046, 4987
289092, 4988
289141, 4989
289202, 4990
289234, 4991
289302, 4992
289344, 4993
289397, 4994
289473, 4995
289513, 4996
289581, 4997
289619, 4998
289669, 4999
289701, 5000
289750, 5001
289785, 5002
289849, 5003
289887, 5004
289967, 5005
290000, 5006
290041, 5007
290094, 5008
290125, 5009
290164, 5010
290226, 5011
290294, 5012
290323, 5013
290352, 5014
290392, 5015
290445, 5016
290514, 5017
290538, 5018
290583, 5019
290617, 5020
290668, 5021
290705, 5022
290771, 5023
290806, 5024
290881, 5025
290906, 5026
290958, 5027
291001, 5028
291028, 5029
291075, 5030
291110, 5031
291154, 5032
291198, 5033
291250, 5034
291286, 5035
291370, 5036
291406, 5037
291462, 5038
291494, 5039
291545, 5040
291578, 5041
291622, 5042
291660, 5043
291742, 5044
291812, 5045
291853, 5046
291910, 5047
291958, 5048
291991, 5049
292063, 5050
292085, 5051
292118, 5052
292169, 5053
292220, 5054
292282, 5055
292321, 5056
292420, 5057
292452, 5058
292504, 5059
292532, 5060
292596, 5061
292648, 5062
292679, 5063
292735, 5064
292787, 5065
292846, 5066
292931, 5067
292965, 5068
293023, 5069
293082, 5070
293119, 5071
293177, 5072
293211, 5073
293302, 5074
293340, 5075
293423, 5076
293462, 5077
293523, 5078
293568, 5079
293590, 5080
293666, 5081
293700, 5082
293752, 5083
293817, 5084
293863, 5085
293916, 5086
293997, 5087
294030, 5088
294082, 5089
294135, 5090
294157, 5091
294211, 5092
294240, 5093
294324, 5094
294375, 5095
294448, 5096
294510, 5097
294605, 5098
294652, 5099
294707, 5100
294803, 5101
294846, 5102
294909, 5103
294982, 5104
295013, 5105
295096, 5106
295145, 5107
295204, 5108
295263, 5109
295353, 5110
295398, 5111
295445, 5112
295472, 5113
295514, 5114
295558, 5115
295635, 5116
295674, 5117
295719, 5118
295778, 5119
295860, 5120
295922, 5121
295954, 5122
296034, 5123
296071, 5124
296150, 5125
296219, 5126
296272, 5127
296314, 5128
296394, 5129
296448, 5130
296507, 5131
296594, 5132
296629, 5133
296702, 5134
296789, 5135
296839, 5136
296886, 5137
296940, 5138
297015, 5139
297069, 5140
297132, 5141
297253, 5142
297296, 5143
297363, 5144
297446, 5145
297501, 5146
297554, 5147
297669, 5148
297727, 5149
297773, 5150
297811, 5151
297874, 5152
297947, 5153
298013, 5154
298068, 5155
298148, 5156
298204, 5157
298254, 5158
298300, 5159
298376, 5160
298484, 5161
298552, 5162
298609, 5163
298699, 5164
298753, 5165
298801, 5166
298907, 5167
298958, 5168
299048, 5169
299125, 5170
299214, 5171
299248, 5172
299317, 5173
299425, 5174
299546, 5175
299584, 5176
299652, 5177
299758, 5178
299802, 5179
299883, 5180
299947, 5181
300018, 5182
300073, 5183
300144, 5184
300236, 5185
300280, 5186
300350, 5187
300393, 5188
300450, 5189
300497, 5190
300575, 5191
300738, 5192
300793, 5193
300860, 5194
300905, 5195
301032, 5196
301136, 5197
301194, 5198
301268, 5199
301321, 5200
301408, 5201
301507, 5202
301601, 5203
301692, 5204
301783, 5205
301828, 5206
301930, 5207
302008, 5208
302091, 5209
302213, 5210
302271, 5211
302362, 5212
302447, 5213
302541, 5214
302623, 5215
302746, 5216
302807, 5217
302893, 5218
302979, 5219
303085, 5220
303185, 5221
303265, 5222
303344, 5223
303426, 5224
303533, 5225
303659, 5226
303821, 5227
303894, 5228
303962, 5229
304075, 5230
304151, 5231
304262, 5232
304317, 5233
304436, 5234
304501, 5235
304667, 5236
304810, 5237
304909, 5238
