108361, 1
108396, 2
108417, 3
108458, 4
108500, 5
108526, 6
108556, 7
108595, 8
108623, 9
108665, 10
108693, 11
108735, 12
108749, 13
108794, 14
108832, 15
108861, 16
108890, 17
108928, 18
108957, 19
109000, 20
109027, 21
109057, 22
109096, 23
109126, 24
109166, 25
109192, 26
109221, 27
109263, 28
109292, 29
109333, 30
109362, 31
109404, 32
109417, 33
109459, 34
109500, 35
109528, 36
109558, 37
109599, 38
109613, 39
109668, 40
109696, 41
109724, 42
109765, 43
109794, 44
109835, 45
109849, 46
109904, 47
109918, 48
109960, 49
109990, 50
110031, 51
110060, 52
110099, 53
110127, 54
110170, 55
110184, 56
110225, 57
110293, 58
110336, 59
110349, 60
110392, 61
110433, 62
110462, 63
110491, 64
110530, 65
110559, 66
110601, 67
110615, 68
110669, 69
110684, 70
110726, 71
110766, 72
110794, 73
110837, 74
110852, 75
110891, 76
110933, 77
110962, 78
110991, 79
111032, 80
111059, 81
111101, 82
111130, 83
111157, 84
111199, 85
111226, 86
111268, 87
111283, 88
111324, 89
111366, 90
111394, 91
111424, 92
111464, 93
111492, 94
111533, 95
111562, 96
111591, 97
111630, 98
111659, 99
111690, 100
111727, 101
111759, 102
111798, 103
111826, 104
111855, 105
111895, 106
111926, 107
111965, 108
111993, 109
112034, 110
112048, 111
112093, 112
112131, 113
112160, 114
112201, 115
112230, 116
112260, 117
112300, 118
112356, 119
112371, 120
112413, 121
112426, 122
112481, 123
112495, 124
112537, 125
112567, 126
112604, 127
112633, 128
112674, 129
112703, 130
112744, 131
112772, 132
112800, 133
112841, 134
112871, 135
112913, 136
112926, 137
112968, 138
113010, 139
113037, 140
113079, 141
113093, 142
113136, 143
113176, 144
113204, 145
113246, 146
113260, 147
113303, 148
113344, 149
113373, 150
113401, 151
113441, 152
113468, 153
113497, 154
113538, 155
113568, 156
113608, 157
113635, 158
113677, 159
113706, 160
113735, 161
113775, 162
113804, 163
113846, 164
113860, 165
113901, 166
113942, 167
113971, 168
114000, 169
114041, 170
114070, 171
114109, 172
114138, 173
114166, 174
114207, 175
114235, 176
114276, 177
114306, 178
114335, 179
114374, 180
114403, 181
114459, 182
114473, 183
114514, 184
114543, 185
114569, 186
114613, 187
114640, 188
114670, 189
114709, 190
114737, 191
114767, 192
114807, 193
114833, 194
114875, 195
114905, 196
114945, 197
114973, 198
115001, 199
115043, 200
115070, 201
115099, 202
115140, 203
115168, 204
115210, 205
115225, 206
115266, 207
115306, 208
115335, 209
115376, 210
115405, 211
115447, 212
115461, 213
115502, 214
115544, 215
115572, 216
115601, 217
115642, 218
115671, 219
115712, 220
115726, 221
115770, 222
115809, 223
115836, 224
115878, 225
115906, 226
115937, 227
115976, 228
115991, 229
116045, 230
116074, 231
116103, 232
116143, 233
116171, 234
116201, 235
116240, 236
116270, 237
116309, 238
116337, 239
116379, 240
116394, 241
116434, 242
116475, 243
116504, 244
116547, 245
116601, 246
116616, 247
116657, 248
116686, 249
116726, 250
116757, 251
116796, 252
116824, 253
116866, 254
116880, 255
116923, 256
116952, 257
116992, 258
117022, 259
117061, 260
117088, 261
117131, 262
117160, 263
117188, 264
117229, 265
117258, 266
117298, 267
117326, 268
117354, 269
117395, 270
117423, 271
117455, 272
117493, 273
117522, 274
117562, 275
117592, 276
117631, 277
117661, 278
117689, 279
117731, 280
117758, 281
117802, 282
117818, 283
117859, 284
117902, 285
117922, 286
117963, 287
117988, 288
118030, 289
118061, 290
118103, 291
118123, 292
118159, 293
118186, 294
118228, 295
118271, 296
118299, 297
118316, 298
118368, 299
118394, 300
118437, 301
118465, 302
118493, 303
118556, 304
118572, 305
118618, 306
118646, 307
118686, 308
118719, 309
118742, 310
118784, 311
118812, 312
118853, 313
118883, 314
118928, 315
118951, 316
118978, 317
119020, 318
119050, 319
119092, 320
119118, 321
119164, 322
119189, 323
119221, 324
119242, 325
119285, 326
119326, 327
119345, 328
119398, 329
119425, 330
119450, 331
119496, 332
119520, 333
119548, 334
119590, 335
119617, 336
119648, 337
119686, 338
119717, 339
119747, 340
119788, 341
119814, 342
119857, 343
119884, 344
119912, 345
120030, 346
120049, 347
120074, 348
120114, 349
120154, 350
120181, 351
120208, 352
120260, 353
120287, 354
120315, 355
120355, 356
120370, 357
120426, 358
120443, 359
120488, 360
120510, 361
120549, 362
120581, 363
120621, 364
120648, 365
120677, 366
120716, 367
120759, 368
120787, 369
120817, 370
120845, 371
120887, 372
120913, 373
120959, 374
120983, 375
121025, 376
121053, 377
121081, 378
121111, 379
121153, 380
121174, 381
121219, 382
121242, 383
121297, 384
121328, 385
121356, 386
121399, 387
121430, 388
121455, 389
121499, 390
121529, 391
121552, 392
121610, 393
121635, 394
121655, 395
121698, 396
121724, 397
121766, 398
121805, 399
121832, 400
121871, 401
121901, 402
121929, 403
121971, 404
121996, 405
122039, 406
122068, 407
122097, 408
122143, 409
122167, 410
122214, 411
122254, 412
122327, 413
122353, 414
122392, 415
122422, 416
122457, 417
122486, 418
122515, 419
122541, 420
122585, 421
122614, 422
122639, 423
122683, 424
122712, 425
122735, 426
122779, 427
122822, 428
122849, 429
122876, 430
122920, 431
122950, 432
122972, 433
123002, 434
123060, 435
123107, 436
123147, 437
123180, 438
123203, 439
123232, 440
123303, 441
123335, 442
123365, 443
123404, 444
123430, 445
123469, 446
123496, 447
123523, 448
123571, 449
123590, 450
123631, 451
123658, 452
123685, 453
123741, 454
123772, 455
123809, 456
123836, 457
123874, 458
123900, 459
123944, 460
123973, 461
124000, 462
124048, 463
124079, 464
124118, 465
124148, 466
124173, 467
124219, 468
124253, 469
124318, 470
124343, 471
124385, 472
124410, 473
124439, 474
124488, 475
124531, 476
124559, 477
124588, 478
124612, 479
124656, 480
124683, 481
124711, 482
124751, 483
124790, 484
124814, 485
124857, 486
124885, 487
124925, 488
124956, 489
124989, 490
125018, 491
125061, 492
125089, 493
125125, 494
125157, 495
125185, 496
125237, 497
125260, 498
125313, 499
125342, 500
125370, 501
125409, 502
125437, 503
125480, 504
125507, 505
125534, 506
125577, 507
125609, 508
125643, 509
125671, 510
125713, 511
125740, 512
125782, 513
125808, 514
125836, 515
125884, 516
125911, 517
125937, 518
125979, 519
126006, 520
126037, 521
126068, 522
126118, 523
126149, 524
126174, 525
126203, 526
126244, 527
126270, 528
126316, 529
126343, 530
126370, 531
126409, 532
126442, 533
126470, 534
126519, 535
126543, 536
126570, 537
126627, 538
126663, 539
126692, 540
126722, 541
126750, 542
126784, 543
126810, 544
126850, 545
126892, 546
126931, 547
126994, 548
127029, 549
127054, 550
127098, 551
127122, 552
127175, 553
127207, 554
127233, 555
127262, 556
127289, 557
127329, 558
127365, 559
127400, 560
127426, 561
127481, 562
127508, 563
127536, 564
127565, 565
127600, 566
127640, 567
127665, 568
127711, 569
127736, 570
127766, 571
127790, 572
127843, 573
127900, 574
127931, 575
127960, 576
127986, 577
128031, 578
128074, 579
128108, 580
128137, 581
128161, 582
128217, 583
128243, 584
128286, 585
128319, 586
128345, 587
128375, 588
128403, 589
128444, 590
128475, 591
128519, 592
128555, 593
128587, 594
128622, 595
128652, 596
128674, 597
128731, 598
128755, 599
128781, 600
128839, 601
128866, 602
128905, 603
128933, 604
128974, 605
129012, 606
129040, 607
129079, 608
129111, 609
129144, 610
129185, 611
129210, 612
129253, 613
129279, 614
129310, 615
129337, 616
129391, 617
129418, 618
129445, 619
129487, 620
129517, 621
129556, 622
129585, 623
129615, 624
129667, 625
129692, 626
129714, 627
129796, 628
129820, 629
129866, 630
129897, 631
129934, 632
129972, 633
129999, 634
130041, 635
130072, 636
130099, 637
130143, 638
130176, 639
130198, 640
130240, 641
130269, 642
130298, 643
130339, 644
130365, 645
130409, 646
130434, 647
130475, 648
130503, 649
130531, 650
130561, 651
130597, 652
130660, 653
130693, 654
130721, 655
130757, 656
130781, 657
130825, 658
130858, 659
130891, 660
130918, 661
130959, 662
130993, 663
131024, 664
131066, 665
131089, 666
131128, 667
131163, 668
131199, 669
131227, 670
131266, 671
131308, 672
131337, 673
131359, 674
131399, 675
131440, 676
131466, 677
131499, 678
131521, 679
131570, 680
131603, 681
131642, 682
131690, 683
131721, 684
131750, 685
131788, 686
131828, 687
131858, 688
131887, 689
131915, 690
131963, 691
131989, 692
132016, 693
132052, 694
132093, 695
132120, 696
132163, 697
132190, 698
132218, 699
132246, 700
132289, 701
132314, 702
132361, 703
132394, 704
132421, 705
132450, 706
132487, 707
132531, 708
132554, 709
132593, 710
132622, 711
132650, 712
132719, 713
132743, 714
132789, 715
132825, 716
132849, 717
132878, 718
132915, 719
132956, 720
132983, 721
133020, 722
133051, 723
133089, 724
133114, 725
133154, 726
133180, 727
133223, 728
133249, 729
133277, 730
133315, 731
133356, 732
133386, 733
133420, 734
133455, 735
133483, 736
133525, 737
133553, 738
133593, 739
133620, 740
133670, 741
133699, 742
133725, 743
133779, 744
133805, 745
133834, 746
133862, 747
133917, 748
133945, 749
133971, 750
134010, 751
134039, 752
134070, 753
134096, 754
134149, 755
134177, 756
134199, 757
134244, 758
134269, 759
134309, 760
134331, 761
134372, 762
134412, 763
134444, 764
134487, 765
134519, 766
134545, 767
134590, 768
134654, 769
134681, 770
134708, 771
134753, 772
134793, 773
134820, 774
134848, 775
134877, 776
134923, 777
134955, 778
134985, 779
135014, 780
135060, 781
135084, 782
135123, 783
135147, 784
135189, 785
135214, 786
135260, 787
135291, 788
135318, 789
135363, 790
135392, 791
135427, 792
135454, 793
135505, 794
135531, 795
135575, 796
135603, 797
135642, 798
135667, 799
135713, 800
135749, 801
135782, 802
135813, 803
135839, 804
135882, 805
135915, 806
135947, 807
135974, 808
135999, 809
136041, 810
136082, 811
136109, 812
136146, 813
136171, 814
136210, 815
136252, 816
136282, 817
136311, 818
136362, 819
136386, 820
136428, 821
136455, 822
136493, 823
136520, 824
136573, 825
136597, 826
136638, 827
136663, 828
136686, 829
136728, 830
136770, 831
136803, 832
136832, 833
136864, 834
136890, 835
136931, 836
136957, 837
137000, 838
137038, 839
137062, 840
137104, 841
137136, 842
137161, 843
137201, 844
137269, 845
137293, 846
137345, 847
137373, 848
137400, 849
137437, 850
137463, 851
137504, 852
137532, 853
137584, 854
137610, 855
137638, 856
137671, 857
137697, 858
137736, 859
137763, 860
137803, 861
137843, 862
137871, 863
137899, 864
137927, 865
137968, 866
138018, 867
138044, 868
138101, 869
138128, 870
138162, 871
138191, 872
138219, 873
138257, 874
138293, 875
138322, 876
138346, 877
138386, 878
138414, 879
138459, 880
138484, 881
138536, 882
138575, 883
138614, 884
138649, 885
138673, 886
138700, 887
138730, 888
138789, 889
138818, 890
138847, 891
138901, 892
138928, 893
138957, 894
138987, 895
139015, 896
139052, 897
139092, 898
139117, 899
139159, 900
139183, 901
139221, 902
139262, 903
139291, 904
139317, 905
139359, 906
139385, 907
139428, 908
139456, 909
139489, 910
139543, 911
139568, 912
139615, 913
139637, 914
139665, 915
139715, 916
139743, 917
139774, 918
139820, 919
139848, 920
139878, 921
139908, 922
139942, 923
139969, 924
140021, 925
140047, 926
140073, 927
140106, 928
140138, 929
140180, 930
140207, 931
140251, 932
140277, 933
140332, 934
140366, 935
140402, 936
140428, 937
140470, 938
140494, 939
140521, 940
140575, 941
140600, 942
140633, 943
140655, 944
140710, 945
140738, 946
140765, 947
140790, 948
140841, 949
140868, 950
140895, 951
140940, 952
140975, 953
141003, 954
141031, 955
141058, 956
141127, 957
141153, 958
141182, 959
141224, 960
141252, 961
141280, 962
141310, 963
141352, 964
141384, 965
141416, 966
141442, 967
141495, 968
141520, 969
141554, 970
141591, 971
141627, 972
141666, 973
141692, 974
141731, 975
141757, 976
141798, 977
141828, 978
141856, 979
141898, 980
141980, 981
142004, 982
142041, 983
142068, 984
142118, 985
142144, 986
142174, 987
142206, 988
142242, 989
142279, 990
142303, 991
142359, 992
142380, 993
142422, 994
142449, 995
142480, 996
142510, 997
142560, 998
142588, 999
142615, 1000
142645, 1001
142684, 1002
142737, 1003
142766, 1004
142789, 1005
142844, 1006
142871, 1007
142899, 1008
142938, 1009
142970, 1010
143003, 1011
143033, 1012
143058, 1013
143111, 1014
143140, 1015
143173, 1016
143201, 1017
143240, 1018
143267, 1019
143310, 1020
143344, 1021
143375, 1022
143403, 1023
143428, 1024
143470, 1025
143521, 1026
143549, 1027
143576, 1028
143622, 1029
143646, 1030
143688, 1031
143716, 1032
143758, 1033
143783, 1034
143825, 1035
143855, 1036
143881, 1037
143920, 1038
143959, 1039
143985, 1040
144014, 1041
144052, 1042
144092, 1043
144111, 1044
144151, 1045
144190, 1046
144222, 1047
144256, 1048
144284, 1049
144354, 1050
144378, 1051
144407, 1052
144429, 1053
144458, 1054
144484, 1055
144526, 1056
144552, 1057
144596, 1058
144629, 1059
144660, 1060
144685, 1061
144725, 1062
144749, 1063
144796, 1064
144828, 1065
144854, 1066
144892, 1067
144918, 1068
144959, 1069
144989, 1070
145023, 1071
145052, 1072
145092, 1073
145121, 1074
145184, 1075
145213, 1076
145247, 1077
145285, 1078
145309, 1079
145336, 1080
145388, 1081
145416, 1082
145440, 1083
145479, 1084
145508, 1085
145548, 1086
145572, 1087
145617, 1088
145655, 1089
145688, 1090
145714, 1091
145753, 1092
145791, 1093
145819, 1094
145850, 1095
145888, 1096
145921, 1097
145952, 1098
146006, 1099
146065, 1100
146098, 1101
146124, 1102
146152, 1103
146183, 1104
146215, 1105
146261, 1106
146284, 1107
146321, 1108
146354, 1109
146379, 1110
146430, 1111
146460, 1112
146504, 1113
146537, 1114
146562, 1115
146589, 1116
146643, 1117
146669, 1118
146699, 1119
146725, 1120
146819, 1121
146848, 1122
146878, 1123
146915, 1124
146942, 1125
146982, 1126
147019, 1127
147044, 1128
147071, 1129
147113, 1130
147140, 1131
147182, 1132
147209, 1133
147235, 1134
147280, 1135
147308, 1136
147335, 1137
147380, 1138
147407, 1139
147437, 1140
147469, 1141
147549, 1142
147577, 1143
147602, 1144
147630, 1145
147658, 1146
147704, 1147
147741, 1148
147778, 1149
147804, 1150
147843, 1151
147872, 1152
147907, 1153
147949, 1154
147977, 1155
148004, 1156
148033, 1157
148080, 1158
148111, 1159
148136, 1160
148169, 1161
148207, 1162
148254, 1163
148286, 1164
148313, 1165
148351, 1166
148392, 1167
148416, 1168
148455, 1169
148483, 1170
148510, 1171
148562, 1172
148592, 1173
148625, 1174
148657, 1175
148685, 1176
148713, 1177
148755, 1178
148784, 1179
148810, 1180
148854, 1181
148879, 1182
148926, 1183
148953, 1184
149015, 1185
149038, 1186
149081, 1187
149105, 1188
149146, 1189
149177, 1190
149203, 1191
149247, 1192
149282, 1193
149307, 1194
149346, 1195
149375, 1196
149415, 1197
149446, 1198
149485, 1199
149510, 1200
149560, 1201
149583, 1202
149609, 1203
149664, 1204
149690, 1205
149719, 1206
149766, 1207
149799, 1208
149831, 1209
149882, 1210
149909, 1211
149934, 1212
149973, 1213
150003, 1214
150044, 1215
150075, 1216
150106, 1217
150132, 1218
150174, 1219
150202, 1220
150246, 1221
150279, 1222
150313, 1223
150340, 1224
150382, 1225
150409, 1226
150435, 1227
150502, 1228
150534, 1229
150559, 1230
150608, 1231
150639, 1232
150674, 1233
150699, 1234
150745, 1235
150774, 1236
150809, 1237
150837, 1238
150874, 1239
150906, 1240
150939, 1241
150967, 1242
151013, 1243
151039, 1244
151064, 1245
151106, 1246
151132, 1247
151174, 1248
151243, 1249
151276, 1250
151303, 1251
151362, 1252
151384, 1253
151421, 1254
151448, 1255
151475, 1256
151528, 1257
151555, 1258
151580, 1259
151622, 1260
151657, 1261
151677, 1262
151723, 1263
151748, 1264
151789, 1265
151822, 1266
151849, 1267
151876, 1268
151941, 1269
151963, 1270
152001, 1271
152031, 1272
152057, 1273
152097, 1274
152125, 1275
152152, 1276
152196, 1277
152222, 1278
152263, 1279
152305, 1280
152337, 1281
152364, 1282
152406, 1283
152432, 1284
152458, 1285
152498, 1286
152551, 1287
152583, 1288
152634, 1289
152657, 1290
152686, 1291
152712, 1292
152752, 1293
152791, 1294
152821, 1295
152849, 1296
152878, 1297
152918, 1298
152946, 1299
152976, 1300
153027, 1301
153054, 1302
153078, 1303
153117, 1304
153157, 1305
153190, 1306
153216, 1307
153253, 1308
153308, 1309
153340, 1310
153366, 1311
153401, 1312
153441, 1313
153480, 1314
153510, 1315
153535, 1316
153577, 1317
153605, 1318
153629, 1319
153683, 1320
153712, 1321
153741, 1322
153769, 1323
153795, 1324
153850, 1325
153878, 1326
153908, 1327
153934, 1328
153977, 1329
154029, 1330
154059, 1331
154102, 1332
154130, 1333
154162, 1334
154186, 1335
154233, 1336
154270, 1337
154296, 1338
154336, 1339
154367, 1340
154396, 1341
154423, 1342
154460, 1343
154499, 1344
154524, 1345
154569, 1346
154598, 1347
154630, 1348
154658, 1349
154702, 1350
154758, 1351
154784, 1352
154826, 1353
154857, 1354
154881, 1355
154934, 1356
154957, 1357
154985, 1358
155029, 1359
155068, 1360
155101, 1361
155130, 1362
155150, 1363
155210, 1364
155232, 1365
155259, 1366
155300, 1367
155332, 1368
155366, 1369
155394, 1370
155496, 1371
155519, 1372
155545, 1373
155590, 1374
155615, 1375
155641, 1376
155703, 1377
155742, 1378
155781, 1379
155806, 1380
155833, 1381
155868, 1382
155897, 1383
155939, 1384
155966, 1385
156011, 1386
156041, 1387
156075, 1388
156108, 1389
156155, 1390
156185, 1391
156212, 1392
156256, 1393
156280, 1394
156328, 1395
156363, 1396
156401, 1397
156431, 1398
156459, 1399
156493, 1400
156518, 1401
156561, 1402
156596, 1403
156626, 1404
156655, 1405
156692, 1406
156719, 1407
156780, 1408
156822, 1409
156851, 1410
156877, 1411
156905, 1412
156941, 1413
156991, 1414
157029, 1415
157059, 1416
157096, 1417
157119, 1418
157177, 1419
157202, 1420
157229, 1421
157267, 1422
157308, 1423
157335, 1424
157365, 1425
157390, 1426
157465, 1427
157494, 1428
157521, 1429
157549, 1430
157596, 1431
157623, 1432
157657, 1433
157691, 1434
157730, 1435
157753, 1436
157802, 1437
157829, 1438
157865, 1439
157900, 1440
157928, 1441
157969, 1442
157998, 1443
158036, 1444
158087, 1445
158121, 1446
158152, 1447
158180, 1448
158222, 1449
158262, 1450
158286, 1451
158314, 1452
158364, 1453
158392, 1454
158419, 1455
158462, 1456
158490, 1457
158530, 1458
158560, 1459
158590, 1460
158623, 1461
158653, 1462
158702, 1463
158751, 1464
158784, 1465
158814, 1466
158846, 1467
158878, 1468
158904, 1469
158945, 1470
158978, 1471
159006, 1472
159055, 1473
159081, 1474
159104, 1475
159144, 1476
159184, 1477
159217, 1478
159244, 1479
159270, 1480
159322, 1481
159402, 1482
159427, 1483
159453, 1484
159498, 1485
159533, 1486
159573, 1487
159599, 1488
159627, 1489
159671, 1490
159698, 1491
159731, 1492
159756, 1493
159811, 1494
159836, 1495
159860, 1496
159898, 1497
159939, 1498
159970, 1499
160021, 1500
160045, 1501
160090, 1502
160124, 1503
160151, 1504
160176, 1505
160214, 1506
160245, 1507
160272, 1508
160324, 1509
160351, 1510
160379, 1511
160407, 1512
160451, 1513
160481, 1514
160505, 1515
160572, 1516
160598, 1517
160630, 1518
160658, 1519
160685, 1520
160739, 1521
160771, 1522
160801, 1523
160828, 1524
160867, 1525
160897, 1526
160923, 1527
160964, 1528
160996, 1529
161033, 1530
161058, 1531
161099, 1532
161164, 1533
161190, 1534
161219, 1535
161248, 1536
161299, 1537
161326, 1538
161355, 1539
161382, 1540
161428, 1541
161456, 1542
161484, 1543
161509, 1544
161561, 1545
161587, 1546
161619, 1547
161653, 1548
161695, 1549
161748, 1550
161776, 1551
161818, 1552
161842, 1553
161886, 1554
161915, 1555
161952, 1556
161978, 1557
162020, 1558
162048, 1559
162082, 1560
162113, 1561
162164, 1562
162191, 1563
162218, 1564
162261, 1565
162307, 1566
162342, 1567
162372, 1568
162406, 1569
162438, 1570
162477, 1571
162503, 1572
162543, 1573
162572, 1574
162612, 1575
162636, 1576
162680, 1577
162709, 1578
162747, 1579
162778, 1580
162803, 1581
162855, 1582
162880, 1583
162909, 1584
162989, 1585
163018, 1586
163042, 1587
163092, 1588
163128, 1589
163156, 1590
163194, 1591
163221, 1592
163249, 1593
163275, 1594
163317, 1595
163353, 1596
163378, 1597
163423, 1598
163460, 1599
163487, 1600
163541, 1601
163571, 1602
163594, 1603
163650, 1604
163676, 1605
163708, 1606
163741, 1607
163765, 1608
163810, 1609
163840, 1610
163873, 1611
163911, 1612
163937, 1613
163977, 1614
164009, 1615
164047, 1616
164079, 1617
164134, 1618
164163, 1619
164203, 1620
164228, 1621
164268, 1622
164297, 1623
164323, 1624
164367, 1625
164392, 1626
164447, 1627
164474, 1628
164499, 1629
164539, 1630
164563, 1631
164604, 1632
164630, 1633
164680, 1634
164708, 1635
164749, 1636
164773, 1637
164813, 1638
164840, 1639
164876, 1640
164915, 1641
164941, 1642
164981, 1643
165010, 1644
165034, 1645
165088, 1646
165113, 1647
165154, 1648
165178, 1649
165218, 1650
165267, 1651
165293, 1652
165334, 1653
165367, 1654
165394, 1655
165438, 1656
165464, 1657
165506, 1658
165535, 1659
165561, 1660
165604, 1661
165631, 1662
165671, 1663
165700, 1664
165729, 1665
165756, 1666
165800, 1667
165828, 1668
165891, 1669
165918, 1670
165941, 1671
165966, 1672
166010, 1673
166038, 1674
166064, 1675
166104, 1676
166132, 1677
166178, 1678
166202, 1679
166229, 1680
166282, 1681
166306, 1682
166333, 1683
166377, 1684
166401, 1685
166486, 1686
166508, 1687
166532, 1688
166587, 1689
166611, 1690
166637, 1691
166689, 1692
166719, 1693
166749, 1694
166775, 1695
166812, 1696
166839, 1697
166885, 1698
166913, 1699
166938, 1700
167000, 1701
167030, 1702
167058, 1703
167086, 1704
167138, 1705
167167, 1706
167191, 1707
167229, 1708
167255, 1709
167296, 1710
167323, 1711
167372, 1712
167396, 1713
167427, 1714
167461, 1715
167518, 1716
167548, 1717
167570, 1718
167625, 1719
167650, 1720
167677, 1721
167719, 1722
167749, 1723
167778, 1724
167803, 1725
167856, 1726
167888, 1727
167914, 1728
167953, 1729
167983, 1730
168037, 1731
168066, 1732
168108, 1733
168137, 1734
168165, 1735
168219, 1736
168249, 1737
168275, 1738
168312, 1739
168358, 1740
168384, 1741
168419, 1742
168455, 1743
168491, 1744
168517, 1745
168582, 1746
168612, 1747
168642, 1748
168671, 1749
168715, 1750
168750, 1751
168778, 1752
168801, 1753
168843, 1754
168885, 1755
168910, 1756
168936, 1757
168981, 1758
169014, 1759
169043, 1760
169072, 1761
169137, 1762
169167, 1763
169192, 1764
169221, 1765
169253, 1766
169279, 1767
169311, 1768
169343, 1769
169381, 1770
169407, 1771
169454, 1772
169486, 1773
169517, 1774
169553, 1775
169582, 1776
169654, 1777
169684, 1778
169714, 1779
169759, 1780
169793, 1781
169821, 1782
169850, 1783
169891, 1784
169919, 1785
169949, 1786
169986, 1787
170012, 1788
170066, 1789
170096, 1790
170137, 1791
170163, 1792
170198, 1793
170227, 1794
170268, 1795
170296, 1796
170323, 1797
170362, 1798
170391, 1799
170432, 1800
170465, 1801
170497, 1802
170523, 1803
170599, 1804
170634, 1805
170659, 1806
170688, 1807
170711, 1808
170765, 1809
170792, 1810
170818, 1811
170848, 1812
170896, 1813
170933, 1814
170959, 1815
170997, 1816
171044, 1817
171081, 1818
171105, 1819
171145, 1820
171174, 1821
171217, 1822
171242, 1823
171277, 1824
171302, 1825
171350, 1826
171378, 1827
171411, 1828
171444, 1829
171466, 1830
171538, 1831
171563, 1832
171586, 1833
171639, 1834
171669, 1835
171696, 1836
171735, 1837
171761, 1838
171787, 1839
171838, 1840
171867, 1841
171896, 1842
171924, 1843
171962, 1844
172011, 1845
172043, 1846
172073, 1847
172127, 1848
172157, 1849
172196, 1850
172223, 1851
172247, 1852
172290, 1853
172314, 1854
172356, 1855
172393, 1856
172423, 1857
172447, 1858
172520, 1859
172547, 1860
172574, 1861
172616, 1862
172643, 1863
172670, 1864
172697, 1865
172728, 1866
172758, 1867
172801, 1868
172828, 1869
172857, 1870
172891, 1871
172932, 1872
172987, 1873
173021, 1874
173053, 1875
173082, 1876
173108, 1877
173147, 1878
173188, 1879
173218, 1880
173246, 1881
173275, 1882
173318, 1883
173347, 1884
173397, 1885
173440, 1886
173464, 1887
173493, 1888
173534, 1889
173576, 1890
173603, 1891
173632, 1892
173682, 1893
173711, 1894
173739, 1895
173772, 1896
173802, 1897
173856, 1898
173896, 1899
173921, 1900
173965, 1901
173987, 1902
174028, 1903
174056, 1904
174096, 1905
174125, 1906
174152, 1907
174204, 1908
174232, 1909
174259, 1910
174301, 1911
174341, 1912
174363, 1913
174406, 1914
174435, 1915
174462, 1916
174500, 1917
174525, 1918
174568, 1919
174597, 1920
174623, 1921
174664, 1922
174705, 1923
174735, 1924
174787, 1925
174814, 1926
174856, 1927
174883, 1928
174922, 1929
174956, 1930
174985, 1931
175034, 1932
175064, 1933
175090, 1934
175131, 1935
175161, 1936
175245, 1937
175274, 1938
175301, 1939
175348, 1940
175380, 1941
175410, 1942
175436, 1943
175486, 1944
175515, 1945
175543, 1946
175572, 1947
175598, 1948
175650, 1949
175678, 1950
175704, 1951
175742, 1952
175780, 1953
175808, 1954
175841, 1955
175875, 1956
175900, 1957
175958, 1958
175997, 1959
176043, 1960
176077, 1961
176105, 1962
176141, 1963
176170, 1964
176206, 1965
176233, 1966
176274, 1967
176309, 1968
176337, 1969
176370, 1970
176410, 1971
176459, 1972
176513, 1973
176538, 1974
176564, 1975
176609, 1976
176643, 1977
176671, 1978
176701, 1979
176753, 1980
176778, 1981
176804, 1982
176832, 1983
176909, 1984
176940, 1985
176968, 1986
176991, 1987
177031, 1988
177075, 1989
177102, 1990
177128, 1991
177172, 1992
177202, 1993
177228, 1994
177265, 1995
177287, 1996
177331, 1997
177367, 1998
177417, 1999
177435, 2000
177463, 2001
177507, 2002
177545, 2003
177572, 2004
177599, 2005
177640, 2006
177668, 2007
177707, 2008
177732, 2009
177770, 2010
177810, 2011
177839, 2012
177868, 2013
177941, 2014
177962, 2015
178019, 2016
178047, 2017
178076, 2018
178102, 2019
178143, 2020
178184, 2021
178208, 2022
178247, 2023
178275, 2024
178310, 2025
178341, 2026
178387, 2027
178407, 2028
178463, 2029
178492, 2030
178523, 2031
178547, 2032
178591, 2033
178627, 2034
178653, 2035
178696, 2036
178717, 2037
178761, 2038
178784, 2039
178824, 2040
178863, 2041
178892, 2042
178934, 2043
178971, 2044
179009, 2045
179037, 2046
179077, 2047
179105, 2048
179136, 2049
179175, 2050
179206, 2051
179246, 2052
179272, 2053
179301, 2054
179342, 2055
179369, 2056
179414, 2057
179440, 2058
179479, 2059
179505, 2060
179543, 2061
179585, 2062
179624, 2063
179638, 2064
179693, 2065
179710, 2066
179748, 2067
179788, 2068
179817, 2069
179857, 2070
179874, 2071
179914, 2072
179954, 2073
179983, 2074
180025, 2075
180041, 2076
180083, 2077
180121, 2078
180150, 2079
180191, 2080
180207, 2081
180248, 2082
180278, 2083
180318, 2084
180361, 2085
180379, 2086
180415, 2087
180457, 2088
180487, 2089
180526, 2090
180555, 2091
180596, 2092
180625, 2093
180655, 2094
180694, 2095
180723, 2096
180764, 2097
180792, 2098
180821, 2099
180863, 2100
180891, 2101
180920, 2102
180961, 2103
180987, 2104
181029, 2105
181058, 2106
181086, 2107
181129, 2108
181156, 2109
181185, 2110
181225, 2111
181254, 2112
181293, 2113
181323, 2114
181364, 2115
181379, 2116
181420, 2117
181503, 2118
181532, 2119
181575, 2120
181589, 2121
181630, 2122
181672, 2123
181687, 2124
181728, 2125
181769, 2126
181795, 2127
181838, 2128
181866, 2129
181896, 2130
181935, 2131
181963, 2132
182006, 2133
182019, 2134
182076, 2135
182090, 2136
182131, 2137
182160, 2138
182200, 2139
182228, 2140
182271, 2141
182299, 2142
182327, 2143
182369, 2144
182396, 2145
182427, 2146
182465, 2147
182496, 2148
182535, 2149
182563, 2150
182617, 2151
182634, 2152
182676, 2153
182715, 2154
182745, 2155
182786, 2156
182801, 2157
182855, 2158
182870, 2159
182911, 2160
182941, 2161
182981, 2162
183010, 2163
183051, 2164
183079, 2165
183108, 2166
183149, 2167
183177, 2168
183219, 2169
183232, 2170
183275, 2171
183315, 2172
183344, 2173
183373, 2174
183413, 2175
183455, 2176
183469, 2177
183511, 2178
183553, 2179
183567, 2180
183609, 2181
183652, 2182
183679, 2183
183707, 2184
183762, 2185
183776, 2186
183819, 2187
183847, 2188
183886, 2189
183901, 2190
183943, 2191
183984, 2192
184012, 2193
184042, 2194
184081, 2195
184124, 2196
184138, 2197
184179, 2198
184208, 2199
184249, 2200
184276, 2201
184317, 2202
184346, 2203
184376, 2204
184416, 2205
184444, 2206
184488, 2207
184516, 2208
184544, 2209
184584, 2210
184612, 2211
184651, 2212
184681, 2213
184723, 2214
184735, 2215
184777, 2216
184819, 2217
184847, 2218
184878, 2219
184917, 2220
184945, 2221
184987, 2222
185001, 2223
185044, 2224
185117, 2225
185139, 2226
185154, 2227
185194, 2228
185236, 2229
185250, 2230
185292, 2231
185333, 2232
185361, 2233
185389, 2234
185431, 2235
185460, 2236
185501, 2237
185528, 2238
185570, 2239
185584, 2240
185626, 2241
185667, 2242
185697, 2243
185725, 2244
185765, 2245
185794, 2246
185835, 2247
185863, 2248
185892, 2249
185932, 2250
185961, 2251
186002, 2252
186031, 2253
186058, 2254
186100, 2255
186126, 2256
186167, 2257
186196, 2258
186225, 2259
186266, 2260
186295, 2261
186328, 2262
186365, 2263
186405, 2264
186433, 2265
186474, 2266
186516, 2267
186530, 2268
186573, 2269
186600, 2270
186641, 2271
186669, 2272
186698, 2273
186739, 2274
186767, 2275
186796, 2276
186836, 2277
186865, 2278
186905, 2279
186933, 2280
186975, 2281
186989, 2282
187032, 2283
187071, 2284
187102, 2285
187128, 2286
187169, 2287
187200, 2288
187237, 2289
187267, 2290
187296, 2291
187336, 2292
187363, 2293
187406, 2294
187420, 2295
187463, 2296
187503, 2297
187545, 2298
187585, 2299
187615, 2300
187645, 2301
187684, 2302
187713, 2303
187743, 2304
187782, 2305
187810, 2306
187852, 2307
187880, 2308
187908, 2309
187950, 2310
187978, 2311
188007, 2312
188048, 2313
188076, 2314
188116, 2315
188145, 2316
188187, 2317
188215, 2318
188257, 2319
188271, 2320
188313, 2321
188343, 2322
188383, 2323
188411, 2324
188452, 2325
188482, 2326
188510, 2327
188550, 2328
188590, 2329
188660, 2330
188679, 2331
188720, 2332
188745, 2333
188789, 2334
188815, 2335
188855, 2336
188870, 2337
188926, 2338
188953, 2339
188980, 2340
189021, 2341
189038, 2342
189080, 2343
189118, 2344
189147, 2345
189189, 2346
189216, 2347
189245, 2348
189286, 2349
189316, 2350
189354, 2351
189384, 2352
189425, 2353
189464, 2354
189482, 2355
189525, 2356
189552, 2357
189595, 2358
189621, 2359
189648, 2360
189690, 2361
189717, 2362
189761, 2363
189789, 2364
189816, 2365
189856, 2366
189885, 2367
189926, 2368
189955, 2369
189996, 2370
190012, 2371
190054, 2372
190094, 2373
190114, 2374
190164, 2375
190195, 2376
190237, 2377
190260, 2378
190287, 2379
190331, 2380
190357, 2381
190403, 2382
190427, 2383
190467, 2384
190495, 2385
190526, 2386
190565, 2387
190595, 2388
190622, 2389
190667, 2390
190689, 2391
190731, 2392
190759, 2393
190800, 2394
190824, 2395
190886, 2396
190906, 2397
190937, 2398
190974, 2399
191000, 2400
191040, 2401
191070, 2402
191109, 2403
191133, 2404
191178, 2405
191205, 2406
191234, 2407
191275, 2408
191302, 2409
191339, 2410
191372, 2411
191399, 2412
191462, 2413
191482, 2414
191523, 2415
191554, 2416
191587, 2417
191610, 2418
191651, 2419
191690, 2420
191721, 2421
191746, 2422
191786, 2423
191824, 2424
191852, 2425
191881, 2426
191920, 2427
191948, 2428
192010, 2429
192075, 2430
192102, 2431
192135, 2432
192157, 2433
192214, 2434
192244, 2435
192278, 2436
192304, 2437
192332, 2438
192373, 2439
192402, 2440
192434, 2441
192472, 2442
192501, 2443
192530, 2444
192601, 2445
192638, 2446
192675, 2447
192700, 2448
192726, 2449
192767, 2450
192796, 2451
192824, 2452
192870, 2453
192904, 2454
192931, 2455
192960, 2456
193000, 2457
193043, 2458
193092, 2459
193122, 2460
193151, 2461
193176, 2462
193234, 2463
193265, 2464
193294, 2465
193323, 2466
193352, 2467
193377, 2468
193427, 2469
193454, 2470
193481, 2471
193524, 2472
193581, 2473
193610, 2474
193643, 2475
193675, 2476
193710, 2477
193737, 2478
193766, 2479
193806, 2480
193832, 2481
193872, 2482
193905, 2483
193931, 2484
194004, 2485
194031, 2486
194067, 2487
194096, 2488
194130, 2489
194156, 2490
194200, 2491
194229, 2492
194260, 2493
194293, 2494
194319, 2495
194370, 2496
194395, 2497
194452, 2498
194482, 2499
194509, 2500
194559, 2501
194591, 2502
194629, 2503
194671, 2504
194698, 2505
194726, 2506
194754, 2507
194796, 2508
194823, 2509
194897, 2510
194925, 2511
194978, 2512
195015, 2513
195041, 2514
195079, 2515
195106, 2516
195133, 2517
195177, 2518
195228, 2519
195256, 2520
195286, 2521
195325, 2522
195357, 2523
195382, 2524
195442, 2525
195474, 2526
195505, 2527
195537, 2528
195594, 2529
195623, 2530
195652, 2531
195693, 2532
195737, 2533
195771, 2534
195799, 2535
195837, 2536
195876, 2537
195902, 2538
195966, 2539
195995, 2540
196023, 2541
196068, 2542
196097, 2543
196132, 2544
196172, 2545
196205, 2546
196245, 2547
196282, 2548
196332, 2549
196361, 2550
196400, 2551
196425, 2552
196469, 2553
196495, 2554
196543, 2555
196576, 2556
196615, 2557
196643, 2558
196688, 2559
196715, 2560
196742, 2561
196785, 2562
196828, 2563
196863, 2564
196900, 2565
196927, 2566
196953, 2567
196998, 2568
197032, 2569
197106, 2570
197132, 2571
197175, 2572
197211, 2573
197245, 2574
197272, 2575
197325, 2576
197349, 2577
197375, 2578
197446, 2579
197473, 2580
197509, 2581
197535, 2582
197581, 2583
197616, 2584
197653, 2585
197679, 2586
197705, 2587
197767, 2588
197800, 2589
197829, 2590
197871, 2591
197903, 2592
197932, 2593
197959, 2594
197986, 2595
198040, 2596
198072, 2597
198116, 2598
198142, 2599
198171, 2600
198224, 2601
198255, 2602
198291, 2603
198317, 2604
198346, 2605
198375, 2606
198444, 2607
198467, 2608
198494, 2609
198543, 2610
198572, 2611
198604, 2612
198638, 2613
198674, 2614
198702, 2615
198739, 2616
198787, 2617
198820, 2618
198849, 2619
198890, 2620
198923, 2621
198959, 2622
198985, 2623
199030, 2624
199058, 2625
199083, 2626
199183, 2627
199219, 2628
199242, 2629
199271, 2630
199311, 2631
199338, 2632
199375, 2633
199405, 2634
199443, 2635
199492, 2636
199531, 2637
199569, 2638
199606, 2639
199648, 2640
199674, 2641
199707, 2642
199737, 2643
199803, 2644
199830, 2645
199864, 2646
199897, 2647
199923, 2648
199977, 2649
200003, 2650
200031, 2651
200062, 2652
200110, 2653
200138, 2654
200177, 2655
200212, 2656
200243, 2657
200276, 2658
200307, 2659
200349, 2660
200398, 2661
200440, 2662
200478, 2663
200504, 2664
200547, 2665
200576, 2666
200615, 2667
200650, 2668
200699, 2669
200730, 2670
200760, 2671
200801, 2672
200838, 2673
200876, 2674
200902, 2675
200943, 2676
200969, 2677
201041, 2678
201075, 2679
201114, 2680
201138, 2681
201191, 2682
201220, 2683
201256, 2684
201289, 2685
201331, 2686
201383, 2687
201414, 2688
201450, 2689
201478, 2690
201518, 2691
201550, 2692
201586, 2693
201646, 2694
201678, 2695
201705, 2696
201747, 2697
201784, 2698
201813, 2699
201853, 2700
201884, 2701
201929, 2702
201963, 2703
201998, 2704
202025, 2705
202079, 2706
202108, 2707
202135, 2708
202171, 2709
202221, 2710
202258, 2711
202291, 2712
202317, 2713
202364, 2714
202397, 2715
202423, 2716
202448, 2717
202525, 2718
202556, 2719
202595, 2720
202621, 2721
202648, 2722
202691, 2723
202727, 2724
202764, 2725
202797, 2726
202872, 2727
202900, 2728
202928, 2729
202983, 2730
203009, 2731
203038, 2732
203072, 2733
203128, 2734
203158, 2735
203195, 2736
203221, 2737
203264, 2738
203288, 2739
203337, 2740
203372, 2741
203431, 2742
203462, 2743
203498, 2744
203526, 2745
203554, 2746
203597, 2747
203640, 2748
203676, 2749
203725, 2750
203753, 2751
203782, 2752
203819, 2753
203845, 2754
203899, 2755
203930, 2756
203971, 2757
204021, 2758
204053, 2759
204087, 2760
204116, 2761
204143, 2762
204184, 2763
204221, 2764
204273, 2765
204303, 2766
204348, 2767
204375, 2768
204402, 2769
204444, 2770
204471, 2771
204510, 2772
204588, 2773
204620, 2774
204660, 2775
204698, 2776
204730, 2777
204775, 2778
204812, 2779
204845, 2780
204888, 2781
204910, 2782
204946, 2783
204979, 2784
205005, 2785
205056, 2786
205089, 2787
205143, 2788
205182, 2789
205216, 2790
205242, 2791
205271, 2792
205298, 2793
205351, 2794
205405, 2795
205434, 2796
205466, 2797
205499, 2798
205523, 2799
205565, 2800
205601, 2801
205634, 2802
205689, 2803
205724, 2804
205756, 2805
205787, 2806
205814, 2807
205865, 2808
205892, 2809
205940, 2810
205974, 2811
206017, 2812
206042, 2813
206082, 2814
206119, 2815
206148, 2816
206187, 2817
206228, 2818
206287, 2819
206330, 2820
206359, 2821
206394, 2822
206439, 2823
206472, 2824
206518, 2825
206551, 2826
206583, 2827
206617, 2828
206653, 2829
206686, 2830
206726, 2831
206786, 2832
206820, 2833
206860, 2834
206887, 2835
206941, 2836
206974, 2837
207015, 2838
207078, 2839
207108, 2840
207148, 2841
207174, 2842
207201, 2843
207256, 2844
207285, 2845
207346, 2846
207376, 2847
207412, 2848
207439, 2849
207466, 2850
207506, 2851
207541, 2852
207599, 2853
207632, 2854
207672, 2855
207708, 2856
207741, 2857
207782, 2858
207807, 2859
207847, 2860
207872, 2861
207968, 2862
207995, 2863
208022, 2864
208050, 2865
208078, 2866
208109, 2867
208171, 2868
208203, 2869
208236, 2870
208263, 2871
208290, 2872
208320, 2873
208357, 2874
208421, 2875
208448, 2876
208499, 2877
208527, 2878
208567, 2879
208592, 2880
208642, 2881
208670, 2882
208723, 2883
208749, 2884
208789, 2885
208823, 2886
208855, 2887
208904, 2888
208935, 2889
208964, 2890
209006, 2891
209039, 2892
209072, 2893
209106, 2894
209151, 2895
209172, 2896
209213, 2897
209239, 2898
209280, 2899
209306, 2900
209344, 2901
209415, 2902
209440, 2903
209470, 2904
209522, 2905
209551, 2906
209576, 2907
209621, 2908
209668, 2909
209705, 2910
209732, 2911
209757, 2912
209805, 2913
209846, 2914
209905, 2915
209932, 2916
209957, 2917
210001, 2918
210028, 2919
210067, 2920
210116, 2921
210149, 2922
210186, 2923
210224, 2924
210251, 2925
210305, 2926
210362, 2927
210386, 2928
210415, 2929
210442, 2930
210502, 2931
210537, 2932
210603, 2933
210659, 2934
210685, 2935
210721, 2936
210746, 2937
210775, 2938
210848, 2939
210872, 2940
210899, 2941
210949, 2942
210978, 2943
211014, 2944
211064, 2945
211093, 2946
211123, 2947
211158, 2948
211184, 2949
211223, 2950
211272, 2951
211303, 2952
211328, 2953
211381, 2954
211409, 2955
211449, 2956
211503, 2957
211532, 2958
211560, 2959
211588, 2960
211630, 2961
211665, 2962
211731, 2963
211756, 2964
211797, 2965
211825, 2966
211865, 2967
211893, 2968
211923, 2969
211976, 2970
212014, 2971
212052, 2972
212089, 2973
212115, 2974
212197, 2975
212226, 2976
212253, 2977
212285, 2978
212341, 2979
212385, 2980
212417, 2981
212444, 2982
212471, 2983
212504, 2984
212529, 2985
212598, 2986
212621, 2987
212650, 2988
212685, 2989
212732, 2990
212765, 2991
212822, 2992
212846, 2993
212896, 2994
212923, 2995
212949, 2996
212994, 2997
213067, 2998
213106, 2999
213144, 3000
213171, 3001
213198, 3002
213235, 3003
213283, 3004
213331, 3005
213366, 3006
213392, 3007
213421, 3008
213470, 3009
213497, 3010
213535, 3011
213565, 3012
213594, 3013
213638, 3014
213682, 3015
213722, 3016
213749, 3017
213787, 3018
213815, 3019
213839, 3020
213929, 3021
213962, 3022
213997, 3023
214023, 3024
214050, 3025
214076, 3026
214116, 3027
214142, 3028
214169, 3029
214208, 3030
214246, 3031
214321, 3032
214351, 3033
214377, 3034
214417, 3035
214442, 3036
214482, 3037
214538, 3038
214572, 3039
214607, 3040
214647, 3041
214671, 3042
214741, 3043
214774, 3044
214801, 3045
214832, 3046
214868, 3047
214900, 3048
214945, 3049
214973, 3050
215002, 3051
215048, 3052
215078, 3053
215144, 3054
215180, 3055
215209, 3056
215250, 3057
215325, 3058
215351, 3059
215376, 3060
215406, 3061
215446, 3062
215499, 3063
215523, 3064
215555, 3065
215594, 3066
215629, 3067
215679, 3068
215712, 3069
215752, 3070
215776, 3071
215834, 3072
215894, 3073
215925, 3074
215965, 3075
216005, 3076
216037, 3077
216085, 3078
216108, 3079
216143, 3080
216200, 3081
216219, 3082
216261, 3083
216288, 3084
216327, 3085
216351, 3086
216392, 3087
216418, 3088
216447, 3089
216487, 3090
216524, 3091
216554, 3092
216587, 3093
216628, 3094
216655, 3095
216685, 3096
216723, 3097
216750, 3098
216792, 3099
216822, 3100
216860, 3101
216885, 3102
216926, 3103
216951, 3104
216991, 3105
217020, 3106
217060, 3107
217086, 3108
217128, 3109
217144, 3110
217238, 3111
217255, 3112
217292, 3113
217321, 3114
217362, 3115
217389, 3116
217426, 3117
217466, 3118
217491, 3119
217532, 3120
217560, 3121
217590, 3122
217629, 3123
217659, 3124
217700, 3125
217714, 3126
217758, 3127
217812, 3128
217824, 3129
217866, 3130
217880, 3131
217923, 3132
217965, 3133
217991, 3134
218035, 3135
218049, 3136
218089, 3137
218131, 3138
218159, 3139
218187, 3140
218229, 3141
218257, 3142
218299, 3143
218328, 3144
218375, 3145
218393, 3146
218436, 3147
218450, 3148
218493, 3149
218522, 3150
218562, 3151
218593, 3152
218632, 3153
218660, 3154
218690, 3155
218729, 3156
218757, 3157
218800, 3158
218827, 3159
218857, 3160
218897, 3161
218928, 3162
218967, 3163
219016, 3164
219066, 3165
219079, 3166
219121, 3167
219149, 3168
219178, 3169
219217, 3170
219247, 3171
219286, 3172
219315, 3173
219357, 3174
219385, 3175
219413, 3176
219454, 3177
219482, 3178
219512, 3179
219566, 3180
219580, 3181
219622, 3182
219650, 3183
219677, 3184
219719, 3185
219748, 3186
219776, 3187
219817, 3188
219847, 3189
219887, 3190
219915, 3191
219957, 3192
219972, 3193
220012, 3194
220054, 3195
220082, 3196
220138, 3197
220152, 3198
220182, 3199
220221, 3200
220249, 3201
220291, 3202
220306, 3203
220347, 3204
220390, 3205
220417, 3206
220445, 3207
220487, 3208
220514, 3209
220543, 3210
220584, 3211
220610, 3212
220653, 3213
220723, 3214
220766, 3215
220779, 3216
220821, 3217
220863, 3218
220889, 3219
220931, 3220
220946, 3221
220987, 3222
221012, 3223
221055, 3224
221096, 3225
221111, 3226
221153, 3227
221195, 3228
221221, 3229
221264, 3230
221292, 3231
221322, 3232
221377, 3233
221391, 3234
221419, 3235
221459, 3236
221487, 3237
221530, 3238
221558, 3239
221586, 3240
221628, 3241
221656, 3242
221687, 3243
221725, 3244
221753, 3245
221795, 3246
221823, 3247
221851, 3248
221893, 3249
221921, 3250
221963, 3251
222004, 3252
222019, 3253
222060, 3254
222087, 3255
222129, 3256
222158, 3257
222187, 3258
222227, 3259
222253, 3260
222296, 3261
222324, 3262
222366, 3263
222382, 3264
222421, 3265
222462, 3266
222490, 3267
222519, 3268
222562, 3269
222590, 3270
222631, 3271
222645, 3272
222687, 3273
222756, 3274
222795, 3275
222823, 3276
222854, 3277
222892, 3278
222922, 3279
222963, 3280
222991, 3281
223033, 3282
223047, 3283
223089, 3284
223129, 3285
223158, 3286
223200, 3287
223228, 3288
223270, 3289
223285, 3290
223325, 3291
223367, 3292
223453, 3293
223465, 3294
223493, 3295
223507, 3296
223562, 3297
223576, 3298
223618, 3299
223648, 3300
223688, 3301
223716, 3302
223758, 3303
223785, 3304
223827, 3305
223842, 3306
223883, 3307
223926, 3308
223953, 3309
223983, 3310
224025, 3311
224051, 3312
224077, 3313
224117, 3314
224148, 3315
224188, 3316
224217, 3317
224259, 3318
224288, 3319
224315, 3320
224355, 3321
224384, 3322
224414, 3323
224453, 3324
224482, 3325
224522, 3326
224551, 3327
224593, 3328
224607, 3329
224650, 3330
224709, 3331
224762, 3332
224788, 3333
224830, 3334
224858, 3335
224887, 3336
224926, 3337
224967, 3338
224996, 3339
225025, 3340
225065, 3341
225093, 3342
225135, 3343
225150, 3344
225191, 3345
225232, 3346
225262, 3347
225290, 3348
225331, 3349
225360, 3350
225389, 3351
225442, 3352
225457, 3353
225498, 3354
225527, 3355
225555, 3356
225594, 3357
225624, 3358
225665, 3359
225680, 3360
225722, 3361
225762, 3362
225791, 3363
225833, 3364
225861, 3365
225888, 3366
225930, 3367
225958, 3368
226000, 3369
226028, 3370
226057, 3371
226097, 3372
226128, 3373
226169, 3374
226197, 3375
226226, 3376
226266, 3377
226294, 3378
226348, 3379
226361, 3380
226404, 3381
226430, 3382
226473, 3383
226488, 3384
226529, 3385
226569, 3386
226598, 3387
226627, 3388
226667, 3389
226696, 3390
226736, 3391
226783, 3392
226837, 3393
226864, 3394
226904, 3395
226933, 3396
226974, 3397
227002, 3398
227031, 3399
227070, 3400
227099, 3401
227140, 3402
227168, 3403
227198, 3404
227238, 3405
227266, 3406
227308, 3407
227336, 3408
227378, 3409
227392, 3410
227433, 3411
227475, 3412
227489, 3413
227531, 3414
227572, 3415
227601, 3416
227643, 3417
227686, 3418
227714, 3419
227754, 3420
227782, 3421
227823, 3422
227851, 3423
227881, 3424
227919, 3425
227947, 3426
227979, 3427
228017, 3428
228045, 3429
228087, 3430
228115, 3431
228156, 3432
228171, 3433
228213, 3434
228254, 3435
228283, 3436
228324, 3437
228338, 3438
228381, 3439
228422, 3440
228449, 3441
228491, 3442
228518, 3443
228560, 3444
228589, 3445
228620, 3446
228656, 3447
228685, 3448
228726, 3449
228754, 3450
228806, 3451
228844, 3452
228863, 3453
228961, 3454
228990, 3455
229022, 3456
229059, 3457
229092, 3458
229129, 3459
229169, 3460
229222, 3461
229244, 3462
229284, 3463
229314, 3464
229351, 3465
229381, 3466
229416, 3467
229468, 3468
229503, 3469
229531, 3470
229568, 3471
229608, 3472
229647, 3473
229671, 3474
229714, 3475
229765, 3476
229804, 3477
229844, 3478
229878, 3479
229908, 3480
229936, 3481
229978, 3482
230028, 3483
230055, 3484
230080, 3485
230135, 3486
230162, 3487
230195, 3488
230236, 3489
230290, 3490
230323, 3491
230351, 3492
230379, 3493
230421, 3494
230451, 3495
230481, 3496
230568, 3497
230594, 3498
230634, 3499
230662, 3500
230704, 3501
230733, 3502
230761, 3503
230836, 3504
230863, 3505
230902, 3506
230934, 3507
230966, 3508
230995, 3509
231028, 3510
231080, 3511
231113, 3512
231143, 3513
231197, 3514
231229, 3515
231260, 3516
231305, 3517
231329, 3518
231364, 3519
231390, 3520
231419, 3521
231470, 3522
231501, 3523
231537, 3524
231591, 3525
231617, 3526
231657, 3527
231683, 3528
231711, 3529
231761, 3530
231789, 3531
231864, 3532
231894, 3533
231919, 3534
231946, 3535
231999, 3536
232028, 3537
232068, 3538
232117, 3539
232141, 3540
232177, 3541
232206, 3542
232233, 3543
232276, 3544
232302, 3545
232348, 3546
232397, 3547
232426, 3548
232461, 3549
232494, 3550
232528, 3551
232560, 3552
232598, 3553
232653, 3554
232692, 3555
232717, 3556
232772, 3557
232811, 3558
232846, 3559
232893, 3560
232924, 3561
232955, 3562
232991, 3563
233023, 3564
233055, 3565
233117, 3566
233148, 3567
233175, 3568
233198, 3569
233241, 3570
233276, 3571
233305, 3572
233394, 3573
233426, 3574
233453, 3575
233488, 3576
233520, 3577
233560, 3578
233610, 3579
233636, 3580
233688, 3581
233729, 3582
233763, 3583
233794, 3584
233823, 3585
233881, 3586
233913, 3587
233945, 3588
233974, 3589
234027, 3590
234059, 3591
234114, 3592
234142, 3593
234164, 3594
234199, 3595
234232, 3596
234258, 3597
234323, 3598
234352, 3599
234380, 3600
234415, 3601
234440, 3602
234466, 3603
234587, 3604
234614, 3605
234643, 3606
234672, 3607
234711, 3608
234739, 3609
234814, 3610
234843, 3611
234880, 3612
234912, 3613
234947, 3614
234975, 3615
235025, 3616
235059, 3617
235095, 3618
235124, 3619
235173, 3620
235201, 3621
235268, 3622
235294, 3623
235326, 3624
235360, 3625
235389, 3626
235465, 3627
235493, 3628
235519, 3629
235561, 3630
235589, 3631
235617, 3632
235671, 3633
235735, 3634
235775, 3635
235801, 3636
235834, 3637
235874, 3638
235940, 3639
235978, 3640
236017, 3641
236049, 3642
236078, 3643
236111, 3644
236159, 3645
236202, 3646
236226, 3647
236264, 3648
236304, 3649
236332, 3650
236379, 3651
236406, 3652
236433, 3653
236487, 3654
236512, 3655
236538, 3656
236603, 3657
236634, 3658
236672, 3659
236700, 3660
236728, 3661
236785, 3662
236816, 3663
236851, 3664
236885, 3665
236929, 3666
236956, 3667
237035, 3668
237078, 3669
237121, 3670
237157, 3671
237187, 3672
237243, 3673
237270, 3674
237301, 3675
237329, 3676
237373, 3677
237403, 3678
237456, 3679
237494, 3680
237520, 3681
237563, 3682
237594, 3683
237643, 3684
237664, 3685
237726, 3686
237761, 3687
237804, 3688
237859, 3689
237892, 3690
237917, 3691
237950, 3692
237979, 3693
238014, 3694
238080, 3695
238111, 3696
238161, 3697
238188, 3698
238229, 3699
238279, 3700
238306, 3701
238333, 3702
238374, 3703
238402, 3704
238452, 3705
238479, 3706
238527, 3707
238556, 3708
238584, 3709
238638, 3710
238663, 3711
238697, 3712
238733, 3713
238765, 3714
238866, 3715
238895, 3716
238934, 3717
238970, 3718
238998, 3719
239089, 3720
239122, 3721
239161, 3722
239198, 3723
239228, 3724
239266, 3725
239306, 3726
239331, 3727
239367, 3728
239398, 3729
239443, 3730
239473, 3731
239501, 3732
239543, 3733
239569, 3734
239632, 3735
239667, 3736
239698, 3737
239730, 3738
239774, 3739
239815, 3740
239848, 3741
239879, 3742
239908, 3743
239967, 3744
239997, 3745
240035, 3746
240068, 3747
240139, 3748
240201, 3749
240232, 3750
240268, 3751
240347, 3752
240377, 3753
240408, 3754
240451, 3755
240485, 3756
240539, 3757
240568, 3758
240602, 3759
240632, 3760
240669, 3761
240737, 3762
240770, 3763
240805, 3764
240840, 3765
240883, 3766
240917, 3767
240950, 3768
240990, 3769
241083, 3770
241119, 3771
241155, 3772
241188, 3773
241252, 3774
241286, 3775
241318, 3776
241352, 3777
241381, 3778
241417, 3779
241476, 3780
241507, 3781
241548, 3782
241589, 3783
241643, 3784
241673, 3785
241702, 3786
241758, 3787
241823, 3788
241856, 3789
241891, 3790
241922, 3791
242007, 3792
242046, 3793
242080, 3794
242107, 3795
242156, 3796
242183, 3797
242212, 3798
242252, 3799
242282, 3800
242331, 3801
242355, 3802
242401, 3803
242428, 3804
242476, 3805
242507, 3806
242539, 3807
242567, 3808
242629, 3809
242655, 3810
242681, 3811
242718, 3812
242800, 3813
242830, 3814
242866, 3815
242912, 3816
242965, 3817
242989, 3818
243013, 3819
243068, 3820
243112, 3821
243144, 3822
243175, 3823
243200, 3824
243233, 3825
243278, 3826
243316, 3827
243347, 3828
243392, 3829
243421, 3830
243446, 3831
243503, 3832
243588, 3833
243614, 3834
243639, 3835
243666, 3836
243728, 3837
243765, 3838
243797, 3839
243824, 3840
243872, 3841
243915, 3842
243942, 3843
243997, 3844
244025, 3845
244058, 3846
244096, 3847
244175, 3848
244215, 3849
244242, 3850
244293, 3851
244316, 3852
244371, 3853
244416, 3854
244438, 3855
244465, 3856
244521, 3857
244566, 3858
244596, 3859
244625, 3860
244651, 3861
244744, 3862
244773, 3863
244810, 3864
244858, 3865
244886, 3866
244911, 3867
244971, 3868
245007, 3869
245041, 3870
245087, 3871
245121, 3872
245155, 3873
245227, 3874
245251, 3875
245290, 3876
245317, 3877
245368, 3878
245397, 3879
245420, 3880
245482, 3881
245512, 3882
245542, 3883
245585, 3884
245606, 3885
245654, 3886
245692, 3887
245746, 3888
245779, 3889
245805, 3890
245852, 3891
245900, 3892
245938, 3893
245995, 3894
246026, 3895
246051, 3896
246113, 3897
246145, 3898
246184, 3899
246229, 3900
246263, 3901
246290, 3902
246319, 3903
246392, 3904
246417, 3905
246472, 3906
246513, 3907
246538, 3908
246564, 3909
246604, 3910
246651, 3911
246691, 3912
246750, 3913
246779, 3914
246815, 3915
246841, 3916
246910, 3917
246937, 3918
246962, 3919
247027, 3920
247058, 3921
247088, 3922
247134, 3923
247168, 3924
247191, 3925
247266, 3926
247291, 3927
247322, 3928
247344, 3929
247417, 3930
247462, 3931
247505, 3932
247551, 3933
247580, 3934
247656, 3935
247680, 3936
247719, 3937
247763, 3938
247797, 3939
247822, 3940
247868, 3941
247909, 3942
247948, 3943
248001, 3944
248024, 3945
248061, 3946
248086, 3947
248148, 3948
248181, 3949
248206, 3950
248268, 3951
248295, 3952
248321, 3953
248358, 3954
248413, 3955
248438, 3956
248511, 3957
248534, 3958
248571, 3959
248599, 3960
248646, 3961
248679, 3962
248703, 3963
248771, 3964
248802, 3965
248828, 3966
248871, 3967
248892, 3968
248935, 3969
249015, 3970
249047, 3971
249087, 3972
249133, 3973
249164, 3974
249190, 3975
249222, 3976
249269, 3977
249308, 3978
249354, 3979
249382, 3980
249423, 3981
249456, 3982
249508, 3983
249535, 3984
249563, 3985
249613, 3986
249638, 3987
249692, 3988
249736, 3989
249760, 3990
249786, 3991
249831, 3992
249906, 3993
249934, 3994
249961, 3995
250018, 3996
250070, 3997
250103, 3998
250126, 3999
250185, 4000
250219, 4001
250247, 4002
250290, 4003
250315, 4004
250355, 4005
250399, 4006
250427, 4007
250455, 4008
250514, 4009
250538, 4010
250563, 4011
250601, 4012
250645, 4013
250676, 4014
250701, 4015
250734, 4016
250779, 4017
250821, 4018
250851, 4019
250895, 4020
250924, 4021
250953, 4022
251057, 4023
251086, 4024
251112, 4025
251160, 4026
251189, 4027
251249, 4028
251280, 4029
251308, 4030
251348, 4031
251375, 4032
251404, 4033
251471, 4034
251493, 4035
251518, 4036
251573, 4037
251607, 4038
251651, 4039
251684, 4040
251710, 4041
251737, 4042
251779, 4043
251805, 4044
251833, 4045
251902, 4046
251923, 4047
251961, 4048
252037, 4049
252069, 4050
252117, 4051
252144, 4052
252174, 4053
252216, 4054
252242, 4055
252311, 4056
252337, 4057
252359, 4058
252418, 4059
252444, 4060
252470, 4061
252535, 4062
252561, 4063
252611, 4064
252640, 4065
252685, 4066
252724, 4067
252770, 4068
252789, 4069
252837, 4070
252885, 4071
252906, 4072
252967, 4073
252985, 4074
253066, 4075
253091, 4076
253140, 4077
253170, 4078
253216, 4079
253236, 4080
253290, 4081
253311, 4082
253356, 4083
253377, 4084
253473, 4085
253511, 4086
253557, 4087
253580, 4088
253621, 4089
253643, 4090
253688, 4091
253708, 4092
253792, 4093
253812, 4094
253870, 4095
253893, 4096
253930, 4097
253946, 4098
254016, 4099
254059, 4100
254085, 4101
254153, 4102
254174, 4103
254221, 4104
254246, 4105
254294, 4106
254319, 4107
254358, 4108
254400, 4109
254426, 4110
254464, 4111
254548, 4112
254567, 4113
254595, 4114
254641, 4115
254686, 4116
254704, 4117
254778, 4118
254795, 4119
254873, 4120
254891, 4121
254934, 4122
254954, 4123
255009, 4124
255023, 4125
255077, 4126
255091, 4127
255176, 4128
255201, 4129
255242, 4130
255263, 4131
255324, 4132
255342, 4133
255373, 4134
255409, 4135
255493, 4136
255510, 4137
255539, 4138
255594, 4139
255609, 4140
255659, 4141
255674, 4142
255727, 4143
255748, 4144
255775, 4145
255831, 4146
255875, 4147
255911, 4148
255960, 4149
255978, 4150
256015, 4151
256058, 4152
256080, 4153
256175, 4154
256202, 4155
256237, 4156
256256, 4157
256315, 4158
256332, 4159
256400, 4160
256421, 4161
256487, 4162
256502, 4163
256531, 4164
256583, 4165
256612, 4166
256648, 4167
256662, 4168
256751, 4169
256767, 4170
256794, 4171
256849, 4172
256864, 4173
256906, 4174
256940, 4175
257002, 4176
257022, 4177
257097, 4178
257111, 4179
257150, 4180
257188, 4181
257226, 4182
257251, 4183
257309, 4184
257322, 4185
257362, 4186
257428, 4187
257440, 4188
257493, 4189
257526, 4190
257542, 4191
257583, 4192
257644, 4193
257664, 4194
257691, 4195
257786, 4196
257808, 4197
257823, 4198
257850, 4199
257905, 4200
257919, 4201
257959, 4202
257983, 4203
258010, 4204
258048, 4205
258130, 4206
258142, 4207
258171, 4208
258224, 4209
258247, 4210
258287, 4211
258301, 4212
258354, 4213
258378, 4214
258407, 4215
258447, 4216
258476, 4217
258543, 4218
258555, 4219
258568, 4220
258608, 4221
258663, 4222
258685, 4223
258712, 4224
258752, 4225
258776, 4226
258816, 4227
258860, 4228
258880, 4229
258921, 4230
258968, 4231
258990, 4232
259035, 4233
259056, 4234
259081, 4235
259122, 4236
259168, 4237
259185, 4238
259214, 4239
259255, 4240
259284, 4241
259338, 4242
259352, 4243
259380, 4244
259422, 4245
259448, 4246
259529, 4247
259548, 4248
259562, 4249
259604, 4250
259634, 4251
259670, 4252
259710, 4253
259749, 4254
259777, 4255
259812, 4256
259836, 4257
259877, 4258
259916, 4259
259982, 4260
260010, 4261
260051, 4262
260105, 4263
260119, 4264
260147, 4265
260175, 4266
260230, 4267
260245, 4268
260286, 4269
260313, 4270
260395, 4271
260412, 4272
260438, 4273
260481, 4274
260507, 4275
260561, 4276
260583, 4277
260596, 4278
260651, 4279
260664, 4280
260718, 4281
260746, 4282
260774, 4283
260856, 4284
260870, 4285
260897, 4286
260941, 4287
260968, 4288
261010, 4289
261037, 4290
261054, 4291
261105, 4292
261155, 4293
261167, 4294
261194, 4295
261236, 4296
261263, 4297
261346, 4298
261361, 4299
261389, 4300
261429, 4301
261457, 4302
261484, 4303
261526, 4304
261556, 4305
261595, 4306
261623, 4307
261657, 4308
261691, 4309
261719, 4310
261762, 4311
261789, 4312
261819, 4313
261887, 4314
261901, 4315
261944, 4316
261985, 4317
262000, 4318
262041, 4319
262098, 4320
262124, 4321
262139, 4322
262180, 4323
262210, 4324
262252, 4325
262280, 4326
262321, 4327
262348, 4328
262412, 4329
262460, 4330
262487, 4331
262515, 4332
262556, 4333
262598, 4334
262638, 4335
262650, 4336
262692, 4337
262717, 4338
262756, 4339
262798, 4340
262835, 4341
262848, 4342
262888, 4343
262927, 4344
262952, 4345
262991, 4346
263020, 4347
263074, 4348
263101, 4349
263140, 4350
263168, 4351
263211, 4352
263225, 4353
263294, 4354
263309, 4355
263336, 4356
263378, 4357
263393, 4358
263448, 4359
263463, 4360
263503, 4361
263544, 4362
263573, 4363
263616, 4364
263644, 4365
263672, 4366
263714, 4367
263731, 4368
263811, 4369
263852, 4370
263893, 4371
263921, 4372
263949, 4373
263991, 4374
264044, 4375
264062, 4376
264088, 4377
264119, 4378
264157, 4379
264199, 4380
264213, 4381
264268, 4382
264283, 4383
264324, 4384
264352, 4385
264393, 4386
264422, 4387
264453, 4388
264490, 4389
264519, 4390
264590, 4391
264616, 4392
264644, 4393
264674, 4394
264714, 4395
264729, 4396
264800, 4397
264811, 4398
264853, 4399
264882, 4400
264911, 4401
264950, 4402
264978, 4403
265008, 4404
265048, 4405
265090, 4406
265131, 4407
265160, 4408
265188, 4409
265229, 4410
265258, 4411
265286, 4412
265328, 4413
265354, 4414
265416, 4415
265467, 4416
265490, 4417
265517, 4418
265547, 4419
265587, 4420
265613, 4421
265651, 4422
265679, 4423
265720, 4424
265747, 4425
265801, 4426
265814, 4427
265843, 4428
265884, 4429
265911, 4430
265953, 4431
265981, 4432
266010, 4433
266051, 4434
266079, 4435
266137, 4436
266148, 4437
266191, 4438
266205, 4439
266247, 4440
266287, 4441
266316, 4442
266356, 4443
266382, 4444
266420, 4445
266474, 4446
266527, 4447
266552, 4448
266567, 4449
266608, 4450
266636, 4451
266664, 4452
266704, 4453
266732, 4454
266774, 4455
266790, 4456
266844, 4457
266858, 4458
266900, 4459
266942, 4460
266971, 4461
267013, 4462
267027, 4463
267068, 4464
267110, 4465
267124, 4466
267166, 4467
267207, 4468
267236, 4469
267293, 4470
267306, 4471
267334, 4472
267374, 4473
267403, 4474
267431, 4475
267473, 4476
267500, 4477
267541, 4478
267570, 4479
267600, 4480
267641, 4481
267710, 4482
267751, 4483
267766, 4484
267806, 4485
267846, 4486
267875, 4487
267916, 4488
267943, 4489
267986, 4490
268013, 4491
268042, 4492
268085, 4493
268122, 4494
268151, 4495
268192, 4496
268207, 4497
268250, 4498
268291, 4499
268306, 4500
268348, 4501
268388, 4502
268417, 4503
268446, 4504
268503, 4505
268515, 4506
268556, 4507
268586, 4508
268613, 4509
268653, 4510
268682, 4511
268724, 4512
268739, 4513
268783, 4514
268820, 4515
268847, 4516
268891, 4517
268964, 4518
268988, 4519
269030, 4520
269058, 4521
269085, 4522
269128, 4523
269156, 4524
269185, 4525
269225, 4526
269254, 4527
269295, 4528
269311, 4529
269365, 4530
269419, 4531
269446, 4532
269474, 4533
269517, 4534
269534, 4535
269587, 4536
269600, 4537
269642, 4538
269683, 4539
269730, 4540
269752, 4541
269769, 4542
269813, 4543
269852, 4544
269880, 4545
269917, 4546
270000, 4547
270021, 4548
270047, 4549
270074, 4550
270116, 4551
270145, 4552
270183, 4553
270221, 4554
270257, 4555
270274, 4556
270314, 4557
270355, 4558
270381, 4559
270421, 4560
270450, 4561
270492, 4562
270541, 4563
270558, 4564
270599, 4565
270635, 4566
270663, 4567
270702, 4568
270730, 4569
270770, 4570
270799, 4571
270842, 4572
270885, 4573
270924, 4574
270950, 4575
270991, 4576
271018, 4577
271048, 4578
271087, 4579
271125, 4580
271151, 4581
271192, 4582
271256, 4583
271296, 4584
271321, 4585
271348, 4586
271388, 4587
271429, 4588
271453, 4589
271493, 4590
271542, 4591
271559, 4592
271600, 4593
271639, 4594
271664, 4595
271705, 4596
271730, 4597
271772, 4598
271840, 4599
271854, 4600
271894, 4601
271936, 4602
271962, 4603
272000, 4604
272028, 4605
272067, 4606
272130, 4607
272151, 4608
272177, 4609
272218, 4610
272244, 4611
272287, 4612
272312, 4613
272407, 4614
272429, 4615
272454, 4616
272496, 4617
272524, 4618
272567, 4619
272593, 4620
272621, 4621
272660, 4622
272712, 4623
272739, 4624
272766, 4625
272805, 4626
272830, 4627
272859, 4628
272900, 4629
272939, 4630
272992, 4631
273014, 4632
273041, 4633
273070, 4634
273109, 4635
273135, 4636
273175, 4637
273213, 4638
273238, 4639
273279, 4640
273304, 4641
273364, 4642
273384, 4643
273410, 4644
273449, 4645
273488, 4646
273501, 4647
273542, 4648
273583, 4649
273610, 4650
273705, 4651
273722, 4652
273747, 4653
273789, 4654
273817, 4655
273857, 4656
273896, 4657
273919, 4658
273948, 4659
273987, 4660
274026, 4661
274065, 4662
274090, 4663
274128, 4664
274158, 4665
274196, 4666
274238, 4667
274263, 4668
274326, 4669
274345, 4670
274382, 4671
274406, 4672
274436, 4673
274474, 4674
274515, 4675
274531, 4676
274572, 4677
274632, 4678
274652, 4679
274693, 4680
274709, 4681
274751, 4682
274792, 4683
274822, 4684
274849, 4685
274975, 4686
274999, 4687
275029, 4688
275057, 4689
275084, 4690
275111, 4691
275150, 4692
275195, 4693
275217, 4694
275244, 4695
275285, 4696
275325, 4697
275354, 4698
275405, 4699
275434, 4700
275460, 4701
275515, 4702
275533, 4703
275572, 4704
275614, 4705
275641, 4706
275682, 4707
275700, 4708
275738, 4709
275785, 4710
275811, 4711
275834, 4712
275925, 4713
275958, 4714
275985, 4715
276012, 4716
276059, 4717
276086, 4718
276129, 4719
276155, 4720
276184, 4721
276213, 4722
276250, 4723
276292, 4724
276336, 4725
276364, 4726
276395, 4727
276424, 4728
276463, 4729
276491, 4730
276547, 4731
276572, 4732
276610, 4733
276648, 4734
276676, 4735
276768, 4736
276794, 4737
276817, 4738
276859, 4739
276890, 4740
276929, 4741
276949, 4742
276993, 4743
277020, 4744
277075, 4745
277127, 4746
277157, 4747
277194, 4748
277231, 4749
277259, 4750
277310, 4751
277343, 4752
277376, 4753
277406, 4754
277443, 4755
277512, 4756
277547, 4757
277591, 4758
277629, 4759
277685, 4760
277718, 4761
277745, 4762
277789, 4763
277831, 4764
277875, 4765
277917, 4766
277942, 4767
278012, 4768
278038, 4769
278062, 4770
278099, 4771
278142, 4772
278168, 4773
278236, 4774
278275, 4775
278302, 4776
278362, 4777
278391, 4778
278435, 4779
278465, 4780
278491, 4781
278535, 4782
278577, 4783
278602, 4784
278640, 4785
278668, 4786
278699, 4787
278734, 4788
278794, 4789
278827, 4790
278887, 4791
278919, 4792
278947, 4793
278971, 4794
279014, 4795
279049, 4796
279132, 4797
279157, 4798
279184, 4799
279212, 4800
279258, 4801
279287, 4802
279354, 4803
279391, 4804
279421, 4805
279468, 4806
279489, 4807
279550, 4808
279570, 4809
279611, 4810
279639, 4811
279684, 4812
279720, 4813
279759, 4814
279803, 4815
279854, 4816
279883, 4817
279909, 4818
279975, 4819
280010, 4820
280044, 4821
280102, 4822
280133, 4823
280159, 4824
280216, 4825
280249, 4826
280278, 4827
280341, 4828
280370, 4829
280455, 4830
280507, 4831
280534, 4832
280583, 4833
280615, 4834
280660, 4835
280708, 4836
280738, 4837
280792, 4838
280816, 4839
280854, 4840
280902, 4841
280930, 4842
280971, 4843
281042, 4844
281086, 4845
281150, 4846
281189, 4847
281252, 4848
281287, 4849
281325, 4850
281373, 4851
281396, 4852
281455, 4853
281495, 4854
281571, 4855
281599, 4856
281626, 4857
281702, 4858
281752, 4859
281812, 4860
281851, 4861
281899, 4862
281930, 4863
282024, 4864
282051, 4865
282087, 4866
282134, 4867
282172, 4868
282220, 4869
282264, 4870
282318, 4871
282374, 4872
282415, 4873
282449, 4874
282538, 4875
282574, 4876
282622, 4877
282647, 4878
282705, 4879
282741, 4880
282795, 4881
282829, 4882
282876, 4883
282908, 4884
282996, 4885
283024, 4886
283084, 4887
283119, 4888
283176, 4889
283213, 4890
283264, 4891
283298, 4892
283372, 4893
283409, 4894
283458, 4895
283482, 4896
283538, 4897
283579, 4898
283621, 4899
283668, 4900
283781, 4901
283814, 4902
283873, 4903
283904, 4904
283945, 4905
283994, 4906
284045, 4907
284073, 4908
284156, 4909
284188, 4910
284234, 4911
284271, 4912
284325, 4913
284361, 4914
284417, 4915
284519, 4916
284549, 4917
284580, 4918
284625, 4919
284696, 4920
284753, 4921
284791, 4922
284880, 4923
284917, 4924
284975, 4925
285032, 4926
285069, 4927
285118, 4928
285146, 4929
285222, 4930
285253, 4931
285303, 4932
285361, 4933
285402, 4934
285475, 4935
285542, 4936
285635, 4937
285660, 4938
285728, 4939
285793, 4940
285837, 4941
285883, 4942
285917, 4943
285983, 4944
286008, 4945
286058, 4946
286119, 4947
286166, 4948
286240, 4949
286319, 4950
286364, 4951
286423, 4952
286476, 4953
286527, 4954
286613, 4955
286646, 4956
286687, 4957
286711, 4958
286769, 4959
286813, 4960
286863, 4961
286942, 4962
287021, 4963
287071, 4964
287110, 4965
287163, 4966
287210, 4967
287293, 4968
287317, 4969
287384, 4970
287449, 4971
287486, 4972
287544, 4973
287628, 4974
287690, 4975
287737, 4976
287774, 4977
287832, 4978
287920, 4979
287970, 4980
288004, 4981
288063, 4982
288113, 4983
288216, 4984
288261, 4985
288335, 4986
288374, 4987
288439, 4988
288514, 4989
288563, 4990
288596, 4991
288648, 4992
288700, 4993
288775, 4994
288823, 4995
288863, 4996
288941, 4997
289021, 4998
289047, 4999
289092, 5000
289136, 5001
289174, 5002
289212, 5003
289263, 5004
289341, 5005
289391, 5006
289441, 5007
289490, 5008
289535, 5009
289621, 5010
289656, 5011
289725, 5012
289785, 5013
289854, 5014
289899, 5015
289947, 5016
290038, 5017
290098, 5018
290147, 5019
290214, 5020
290293, 5021
290341, 5022
290390, 5023
290464, 5024
290488, 5025
290531, 5026
290570, 5027
290608, 5028
290655, 5029
290759, 5030
290796, 5031
290848, 5032
290907, 5033
290956, 5034
291037, 5035
291084, 5036
291156, 5037
291215, 5038
291259, 5039
291303, 5040
291384, 5041
291454, 5042
291513, 5043
291599, 5044
291643, 5045
291708, 5046
291797, 5047
291849, 5048
291902, 5049
291980, 5050
292035, 5051
292079, 5052
292160, 5053
292246, 5054
292305, 5055
292388, 5056
292469, 5057
292515, 5058
292607, 5059
292650, 5060
292722, 5061
292751, 5062
292818, 5063
292949, 5064
293037, 5065
293093, 5066
293141, 5067
293209, 5068
293259, 5069
293309, 5070
293393, 5071
293438, 5072
293530, 5073
293586, 5074
293683, 5075
293733, 5076
293798, 5077
293899, 5078
293962, 5079
294059, 5080
294105, 5081
294181, 5082
294230, 5083
294354, 5084
294465, 5085
294548, 5086
294598, 5087
294648, 5088
294744, 5089
294791, 5090
