108462, 1
108509, 2
108533, 3
108562, 4
108605, 5
108631, 6
108672, 7
108698, 8
108752, 9
108767, 10
108808, 11
108835, 12
108877, 13
108892, 14
108933, 15
108973, 16
109000, 17
109041, 18
109070, 19
109101, 20
109140, 21
109168, 22
109208, 23
109237, 24
109265, 25
109306, 26
109334, 27
109364, 28
109404, 29
109433, 30
109475, 31
109502, 32
109532, 33
109570, 34
109599, 35
109641, 36
109670, 37
109699, 38
109738, 39
109768, 40
109808, 41
109836, 42
109864, 43
109907, 44
109935, 45
109976, 46
109991, 47
110031, 48
110073, 49
110115, 50
110129, 51
110170, 52
110198, 53
110240, 54
110270, 55
110309, 56
110323, 57
110378, 58
110393, 59
110434, 60
110476, 61
110492, 62
110534, 63
110573, 64
110588, 65
110629, 66
110671, 67
110698, 68
110740, 69
110768, 70
110810, 71
110837, 72
110863, 73
110905, 74
110935, 75
110977, 76
111004, 77
111021, 78
111087, 79
111102, 80
111145, 81
111159, 82
111201, 83
111243, 84
111269, 85
111298, 86
111339, 87
111369, 88
111409, 89
111436, 90
111466, 91
111507, 92
111535, 93
111576, 94
111605, 95
111634, 96
111675, 97
111702, 98
111744, 99
111758, 100
111801, 101
111842, 102
111870, 103
111912, 104
111926, 105
111967, 106
112009, 107
112023, 108
112064, 109
112107, 110
112135, 111
112176, 112
112205, 113
112232, 114
112273, 115
112301, 116
112343, 117
112371, 118
112400, 119
112440, 120
112470, 121
112511, 122
112525, 123
112565, 124
112607, 125
112636, 126
112665, 127
112705, 128
112735, 129
112776, 130
112789, 131
112844, 132
112860, 133
112897, 134
112940, 135
112970, 136
112997, 137
113038, 138
113068, 139
113107, 140
113135, 141
113166, 142
113209, 143
113258, 144
113287, 145
113327, 146
113357, 147
113386, 148
113426, 149
113455, 150
113484, 151
113525, 152
113554, 153
113594, 154
113622, 155
113652, 156
113691, 157
113721, 158
113761, 159
113789, 160
113830, 161
113845, 162
113887, 163
113915, 164
113957, 165
113987, 166
114026, 167
114054, 168
114096, 169
114111, 170
114152, 171
114194, 172
114222, 173
114253, 174
114291, 175
114320, 176
114360, 177
114389, 178
114431, 179
114445, 180
114488, 181
114529, 182
114544, 183
114597, 184
114612, 185
114654, 186
114696, 187
114723, 188
114751, 189
114794, 190
114821, 191
114864, 192
114877, 193
114933, 194
114961, 195
114990, 196
115030, 197
115045, 198
115085, 199
115127, 200
115142, 201
115196, 202
115210, 203
115253, 204
115294, 205
115323, 206
115350, 207
115433, 208
115447, 209
115475, 210
115504, 211
115545, 212
115573, 213
115601, 214
115643, 215
115671, 216
115713, 217
115727, 218
115781, 219
115797, 220
115837, 221
115877, 222
115907, 223
115948, 224
115963, 225
116005, 226
116047, 227
116060, 228
116102, 229
116144, 230
116172, 231
116214, 232
116242, 233
116270, 234
116312, 235
116326, 236
116381, 237
116396, 238
116450, 239
116464, 240
116506, 241
116537, 242
116576, 243
116605, 244
116645, 245
116674, 246
116701, 247
116743, 248
116770, 249
116813, 250
116841, 251
116869, 252
116911, 253
116939, 254
116968, 255
117008, 256
117035, 257
117078, 258
117105, 259
117147, 260
117176, 261
117206, 262
117243, 263
117272, 264
117313, 265
117341, 266
117370, 267
117412, 268
117426, 269
117481, 270
117495, 271
117537, 272
117578, 273
117635, 274
117649, 275
117677, 276
117718, 277
117733, 278
117790, 279
117803, 280
117843, 281
117875, 282
117914, 283
117942, 284
117979, 285
118010, 286
118053, 287
118080, 288
118108, 289
118152, 290
118178, 291
118211, 292
118247, 293
118275, 294
118318, 295
118344, 296
118388, 297
118416, 298
118447, 299
118482, 300
118512, 301
118551, 302
118580, 303
118606, 304
118648, 305
118677, 306
118719, 307
118747, 308
118774, 309
118817, 310
118843, 311
118871, 312
118911, 313
118955, 314
118971, 315
119025, 316
119052, 317
119083, 318
119107, 319
119150, 320
119177, 321
119219, 322
119246, 323
119304, 324
119328, 325
119373, 326
119416, 327
119441, 328
119469, 329
119510, 330
119538, 331
119583, 332
119608, 333
119638, 334
119676, 335
119706, 336
119734, 337
119776, 338
119803, 339
119843, 340
119872, 341
119901, 342
119943, 343
119972, 344
120011, 345
120026, 346
120068, 347
120109, 348
120139, 349
120169, 350
120210, 351
120238, 352
120274, 353
120308, 354
120340, 355
120366, 356
120420, 357
120446, 358
120486, 359
120514, 360
120542, 361
120570, 362
120623, 363
120651, 364
120680, 365
120724, 366
120761, 367
120801, 368
120833, 369
120873, 370
120902, 371
120935, 372
120954, 373
121011, 374
121038, 375
121065, 376
121106, 377
121138, 378
121171, 379
121199, 380
121230, 381
121271, 382
121311, 383
121335, 384
121377, 385
121406, 386
121469, 387
121499, 388
121531, 389
121556, 390
121599, 391
121623, 392
121667, 393
121696, 394
121725, 395
121776, 396
121800, 397
121826, 398
121854, 399
121939, 400
121974, 401
122002, 402
122029, 403
122066, 404
122090, 405
122129, 406
122157, 407
122198, 408
122226, 409
122257, 410
122290, 411
122320, 412
122363, 413
122389, 414
122432, 415
122459, 416
122488, 417
122533, 418
122569, 419
122604, 420
122635, 421
122661, 422
122690, 423
122741, 424
122768, 425
122795, 426
122870, 427
122902, 428
122932, 429
122961, 430
122984, 431
123042, 432
123072, 433
123100, 434
123147, 435
123178, 436
123203, 437
123247, 438
123267, 439
123314, 440
123352, 441
123391, 442
123420, 443
123443, 444
123488, 445
123514, 446
123545, 447
123596, 448
123623, 449
123654, 450
123692, 451
123721, 452
123752, 453
123799, 454
123849, 455
123878, 456
123912, 457
123942, 458
123970, 459
124024, 460
124048, 461
124073, 462
124116, 463
124144, 464
124173, 465
124212, 466
124250, 467
124276, 468
124303, 469
124354, 470
124381, 471
124416, 472
124438, 473
124491, 474
124527, 475
124569, 476
124609, 477
124639, 478
124673, 479
124700, 480
124728, 481
124773, 482
124829, 483
124854, 484
124899, 485
124925, 486
124952, 487
124980, 488
125015, 489
125055, 490
125096, 491
125126, 492
125150, 493
125202, 494
125229, 495
125257, 496
125288, 497
125323, 498
125351, 499
125390, 500
125430, 501
125461, 502
125494, 503
125523, 504
125570, 505
125606, 506
125651, 507
125687, 508
125745, 509
125764, 510
125805, 511
125831, 512
125859, 513
125904, 514
125947, 515
125980, 516
126007, 517
126052, 518
126091, 519
126116, 520
126156, 521
126182, 522
126228, 523
126259, 524
126285, 525
126329, 526
126372, 527
126410, 528
126435, 529
126465, 530
126502, 531
126528, 532
126576, 533
126610, 534
126650, 535
126715, 536
126735, 537
126775, 538
126804, 539
126832, 540
126874, 541
126905, 542
126929, 543
126969, 544
127005, 545
127045, 546
127077, 547
127102, 548
127144, 549
127183, 550
127216, 551
127250, 552
127278, 553
127315, 554
127339, 555
127382, 556
127421, 557
127451, 558
127482, 559
127512, 560
127542, 561
127594, 562
127621, 563
127706, 564
127732, 565
127775, 566
127798, 567
127837, 568
127866, 569
127918, 570
127944, 571
127973, 572
128012, 573
128040, 574
128075, 575
128113, 576
128139, 577
128180, 578
128219, 579
128251, 580
128277, 581
128338, 582
128368, 583
128403, 584
128433, 585
128461, 586
128485, 587
128525, 588
128590, 589
128615, 590
128648, 591
128671, 592
128708, 593
128746, 594
128771, 595
128813, 596
128841, 597
128881, 598
128905, 599
128956, 600
128980, 601
129007, 602
129056, 603
129080, 604
129105, 605
129155, 606
129182, 607
129210, 608
129240, 609
129267, 610
129307, 611
129349, 612
129378, 613
129409, 614
129444, 615
129493, 616
129524, 617
129578, 618
129605, 619
129629, 620
129676, 621
129709, 622
129732, 623
129771, 624
129796, 625
129838, 626
129869, 627
129898, 628
129928, 629
129972, 630
129998, 631
130025, 632
130075, 633
130104, 634
130137, 635
130167, 636
130192, 637
130248, 638
130272, 639
130300, 640
130341, 641
130369, 642
130394, 643
130443, 644
130506, 645
130536, 646
130572, 647
130599, 648
130635, 649
130661, 650
130700, 651
130727, 652
130770, 653
130797, 654
130835, 655
130863, 656
130891, 657
130946, 658
130976, 659
131010, 660
131049, 661
131075, 662
131101, 663
131142, 664
131167, 665
131206, 666
131249, 667
131272, 668
131299, 669
131343, 670
131368, 671
131413, 672
131442, 673
131498, 674
131530, 675
131560, 676
131596, 677
131624, 678
131659, 679
131702, 680
131726, 681
131765, 682
131792, 683
131832, 684
131859, 685
131899, 686
131926, 687
131971, 688
131996, 689
132022, 690
132071, 691
132103, 692
132127, 693
132168, 694
132195, 695
132220, 696
132264, 697
132290, 698
132344, 699
132372, 700
132399, 701
132430, 702
132458, 703
132521, 704
132548, 705
132590, 706
132626, 707
132651, 708
132695, 709
132726, 710
132753, 711
132791, 712
132830, 713
132860, 714
132890, 715
132925, 716
132950, 717
132990, 718
133017, 719
133063, 720
133095, 721
133126, 722
133166, 723
133196, 724
133223, 725
133274, 726
133303, 727
133332, 728
133370, 729
133398, 730
133431, 731
133459, 732
133507, 733
133559, 734
133589, 735
133614, 736
133664, 737
133695, 738
133722, 739
133748, 740
133780, 741
133808, 742
133857, 743
133883, 744
133922, 745
133964, 746
133993, 747
134030, 748
134057, 749
134088, 750
134121, 751
134160, 752
134188, 753
134229, 754
134261, 755
134293, 756
134320, 757
134362, 758
134395, 759
134424, 760
134456, 761
134576, 762
134626, 763
134674, 764
134718, 765
134748, 766
134775, 767
134814, 768
134853, 769
134886, 770
134928, 771
134965, 772
134992, 773
135021, 774
135056, 775
135099, 776
135125, 777
135180, 778
135205, 779
135236, 780
135275, 781
135312, 782
135340, 783
135394, 784
135450, 785
135474, 786
135505, 787
135530, 788
135572, 789
135608, 790
135642, 791
135668, 792
135696, 793
135722, 794
135776, 795
135807, 796
135844, 797
135871, 798
135913, 799
135945, 800
135984, 801
136023, 802
136052, 803
136082, 804
136110, 805
136142, 806
136223, 807
136249, 808
136274, 809
136318, 810
136351, 811
136382, 812
136410, 813
136452, 814
136493, 815
136516, 816
136540, 817
136595, 818
136622, 819
136646, 820
136692, 821
136720, 822
136757, 823
136792, 824
136832, 825
136863, 826
136895, 827
136925, 828
136993, 829
137020, 830
137047, 831
137075, 832
137112, 833
137153, 834
137178, 835
137211, 836
137246, 837
137270, 838
137314, 839
137341, 840
137380, 841
137409, 842
137438, 843
137487, 844
137521, 845
137547, 846
137585, 847
137621, 848
137650, 849
137679, 850
137704, 851
137786, 852
137821, 853
137867, 854
137901, 855
137926, 856
137952, 857
137991, 858
138020, 859
138044, 860
138103, 861
138142, 862
138184, 863
138214, 864
138241, 865
138273, 866
138298, 867
138350, 868
138377, 869
138405, 870
138428, 871
138488, 872
138509, 873
138540, 874
138591, 875
138621, 876
138645, 877
138697, 878
138725, 879
138750, 880
138796, 881
138819, 882
138862, 883
138906, 884
138936, 885
138966, 886
138989, 887
139044, 888
139072, 889
139100, 890
139138, 891
139165, 892
139211, 893
139245, 894
139276, 895
139299, 896
139352, 897
139430, 898
139458, 899
139486, 900
139515, 901
139541, 902
139584, 903
139627, 904
139657, 905
139682, 906
139725, 907
139749, 908
139778, 909
139818, 910
139845, 911
139884, 912
139924, 913
139953, 914
139988, 915
140025, 916
140049, 917
140085, 918
140127, 919
140153, 920
140221, 921
140246, 922
140274, 923
140298, 924
140355, 925
140377, 926
140408, 927
140438, 928
140470, 929
140510, 930
140542, 931
140582, 932
140607, 933
140655, 934
140683, 935
140713, 936
140743, 937
140780, 938
140823, 939
140850, 940
140880, 941
140911, 942
140960, 943
141012, 944
141041, 945
141066, 946
141105, 947
141136, 948
141165, 949
141199, 950
141241, 951
141267, 952
141309, 953
141336, 954
141380, 955
141408, 956
141437, 957
141470, 958
141508, 959
141533, 960
141579, 961
141610, 962
141635, 963
141676, 964
141702, 965
141748, 966
141784, 967
141847, 968
141874, 969
141897, 970
141940, 971
141972, 972
142006, 973
142031, 974
142072, 975
142110, 976
142138, 977
142165, 978
142218, 979
142256, 980
142283, 981
142312, 982
142336, 983
142377, 984
142413, 985
142441, 986
142488, 987
142522, 988
142554, 989
142588, 990
142612, 991
142668, 992
142690, 993
142735, 994
142772, 995
142801, 996
142828, 997
142865, 998
142892, 999
142942, 1000
142967, 1001
142996, 1002
143036, 1003
143066, 1004
143092, 1005
143120, 1006
143177, 1007
143204, 1008
143232, 1009
143270, 1010
143299, 1011
143326, 1012
143372, 1013
143400, 1014
143432, 1015
143485, 1016
143524, 1017
143552, 1018
143606, 1019
143638, 1020
143664, 1021
143701, 1022
143726, 1023
143751, 1024
143808, 1025
143834, 1026
143857, 1027
143901, 1028
143929, 1029
143959, 1030
144007, 1031
144031, 1032
144057, 1033
144101, 1034
144126, 1035
144152, 1036
144209, 1037
144246, 1038
144273, 1039
144353, 1040
144390, 1041
144418, 1042
144458, 1043
144485, 1044
144511, 1045
144555, 1046
144583, 1047
144611, 1048
144661, 1049
144687, 1050
144712, 1051
144750, 1052
144778, 1053
144829, 1054
144864, 1055
144888, 1056
144927, 1057
144952, 1058
144995, 1059
145029, 1060
145056, 1061
145110, 1062
145142, 1063
145177, 1064
145221, 1065
145247, 1066
145274, 1067
145320, 1068
145352, 1069
145379, 1070
145420, 1071
145451, 1072
145477, 1073
145516, 1074
145559, 1075
145596, 1076
145628, 1077
145651, 1078
145688, 1079
145728, 1080
145754, 1081
145782, 1082
145825, 1083
145881, 1084
145918, 1085
145948, 1086
145986, 1087
146017, 1088
146044, 1089
146089, 1090
146112, 1091
146154, 1092
146181, 1093
146222, 1094
146249, 1095
146281, 1096
146330, 1097
146355, 1098
146380, 1099
146412, 1100
146460, 1101
146488, 1102
146518, 1103
146555, 1104
146589, 1105
146641, 1106
146662, 1107
146706, 1108
146730, 1109
146783, 1110
146812, 1111
146840, 1112
146866, 1113
146919, 1114
146949, 1115
146978, 1116
147008, 1117
147043, 1118
147069, 1119
147111, 1120
147135, 1121
147181, 1122
147218, 1123
147243, 1124
147280, 1125
147311, 1126
147335, 1127
147391, 1128
147442, 1129
147468, 1130
147495, 1131
147540, 1132
147566, 1133
147605, 1134
147629, 1135
147684, 1136
147708, 1137
147734, 1138
147759, 1139
147800, 1140
147841, 1141
147869, 1142
147895, 1143
147925, 1144
147982, 1145
148009, 1146
148044, 1147
148068, 1148
148111, 1149
148136, 1150
148179, 1151
148225, 1152
148255, 1153
148285, 1154
148313, 1155
148350, 1156
148390, 1157
148418, 1158
148455, 1159
148482, 1160
148524, 1161
148553, 1162
148583, 1163
148633, 1164
148664, 1165
148686, 1166
148729, 1167
148758, 1168
148783, 1169
148825, 1170
148860, 1171
148893, 1172
148918, 1173
148992, 1174
149024, 1175
149054, 1176
149104, 1177
149133, 1178
149160, 1179
149196, 1180
149237, 1181
149263, 1182
149294, 1183
149316, 1184
149375, 1185
149402, 1186
149426, 1187
149467, 1188
149495, 1189
149524, 1190
149575, 1191
149600, 1192
149627, 1193
149669, 1194
149697, 1195
149754, 1196
149776, 1197
149831, 1198
149864, 1199
149896, 1200
149920, 1201
149961, 1202
149987, 1203
150013, 1204
150063, 1205
150099, 1206
150126, 1207
150154, 1208
150179, 1209
150234, 1210
150265, 1211
150295, 1212
150318, 1213
150356, 1214
150422, 1215
150455, 1216
150520, 1217
150542, 1218
150566, 1219
150619, 1220
150644, 1221
150669, 1222
150700, 1223
150739, 1224
150765, 1225
150818, 1226
150849, 1227
150885, 1228
150919, 1229
150952, 1230
150980, 1231
151007, 1232
151059, 1233
151085, 1234
151110, 1235
151155, 1236
151182, 1237
151238, 1238
151263, 1239
151310, 1240
151344, 1241
151373, 1242
151405, 1243
151442, 1244
151470, 1245
151515, 1246
151545, 1247
151575, 1248
151599, 1249
151658, 1250
151685, 1251
151708, 1252
151751, 1253
151780, 1254
151807, 1255
151862, 1256
151892, 1257
151915, 1258
151947, 1259
151999, 1260
152051, 1261
152080, 1262
152113, 1263
152146, 1264
152182, 1265
152210, 1266
152236, 1267
152275, 1268
152314, 1269
152341, 1270
152368, 1271
152425, 1272
152455, 1273
152487, 1274
152515, 1275
152545, 1276
152571, 1277
152615, 1278
152644, 1279
152684, 1280
152743, 1281
152766, 1282
152797, 1283
152833, 1284
152861, 1285
152913, 1286
152940, 1287
152964, 1288
153006, 1289
153036, 1290
153061, 1291
153108, 1292
153141, 1293
153167, 1294
153194, 1295
153235, 1296
153257, 1297
153311, 1298
153340, 1299
153367, 1300
153411, 1301
153439, 1302
153527, 1303
153555, 1304
153582, 1305
153609, 1306
153650, 1307
153676, 1308
153716, 1309
153743, 1310
153783, 1311
153824, 1312
153848, 1313
153877, 1314
153918, 1315
153943, 1316
154000, 1317
154033, 1318
154062, 1319
154097, 1320
154123, 1321
154150, 1322
154223, 1323
154248, 1324
154270, 1325
154300, 1326
154324, 1327
154350, 1328
154391, 1329
154419, 1330
154455, 1331
154484, 1332
154521, 1333
154560, 1334
154598, 1335
154627, 1336
154651, 1337
154694, 1338
154733, 1339
154763, 1340
154792, 1341
154827, 1342
154853, 1343
154932, 1344
154956, 1345
154987, 1346
155013, 1347
155042, 1348
155064, 1349
155107, 1350
155134, 1351
155166, 1352
155192, 1353
155234, 1354
155263, 1355
155288, 1356
155339, 1357
155364, 1358
155408, 1359
155433, 1360
155459, 1361
155503, 1362
155533, 1363
155568, 1364
155623, 1365
155652, 1366
155696, 1367
155720, 1368
155760, 1369
155789, 1370
155817, 1371
155848, 1372
155899, 1373
155929, 1374
155956, 1375
155983, 1376
156023, 1377
156061, 1378
156092, 1379
156117, 1380
156154, 1381
156180, 1382
156222, 1383
156262, 1384
156316, 1385
156351, 1386
156378, 1387
156418, 1388
156445, 1389
156483, 1390
156515, 1391
156545, 1392
156579, 1393
156605, 1394
156647, 1395
156686, 1396
156716, 1397
156741, 1398
156793, 1399
156824, 1400
156863, 1401
156887, 1402
156931, 1403
156955, 1404
157005, 1405
157039, 1406
157069, 1407
157121, 1408
157150, 1409
157178, 1410
157213, 1411
157239, 1412
157271, 1413
157324, 1414
157350, 1415
157376, 1416
157419, 1417
157446, 1418
157481, 1419
157508, 1420
157550, 1421
157577, 1422
157606, 1423
157666, 1424
157723, 1425
157747, 1426
157785, 1427
157810, 1428
157853, 1429
157882, 1430
157913, 1431
157950, 1432
157977, 1433
158019, 1434
158047, 1435
158075, 1436
158128, 1437
158156, 1438
158183, 1439
158225, 1440
158255, 1441
158282, 1442
158338, 1443
158382, 1444
158408, 1445
158435, 1446
158476, 1447
158504, 1448
158532, 1449
158572, 1450
158603, 1451
158631, 1452
158678, 1453
158709, 1454
158736, 1455
158773, 1456
158802, 1457
158827, 1458
158882, 1459
158909, 1460
158960, 1461
158992, 1462
159033, 1463
159064, 1464
159100, 1465
159130, 1466
159161, 1467
159197, 1468
159224, 1469
159267, 1470
159297, 1471
159325, 1472
159373, 1473
159402, 1474
159425, 1475
159467, 1476
159494, 1477
159564, 1478
159609, 1479
159642, 1480
159677, 1481
159711, 1482
159736, 1483
159761, 1484
159789, 1485
159816, 1486
159842, 1487
159880, 1488
159909, 1489
159951, 1490
159978, 1491
160005, 1492
160032, 1493
160085, 1494
160113, 1495
160165, 1496
160196, 1497
160220, 1498
160269, 1499
160293, 1500
160334, 1501
160364, 1502
160400, 1503
160430, 1504
160469, 1505
160508, 1506
160536, 1507
160579, 1508
160613, 1509
160647, 1510
160675, 1511
160704, 1512
160754, 1513
160788, 1514
160839, 1515
160863, 1516
160901, 1517
160929, 1518
160957, 1519
161002, 1520
161035, 1521
161064, 1522
161091, 1523
161119, 1524
161173, 1525
161203, 1526
161233, 1527
161258, 1528
161303, 1529
161327, 1530
161371, 1531
161401, 1532
161459, 1533
161482, 1534
161521, 1535
161547, 1536
161584, 1537
161625, 1538
161651, 1539
161680, 1540
161728, 1541
161762, 1542
161792, 1543
161827, 1544
161851, 1545
161890, 1546
161920, 1547
161958, 1548
161987, 1549
162014, 1550
162119, 1551
162146, 1552
162172, 1553
162215, 1554
162247, 1555
162274, 1556
162299, 1557
162345, 1558
162388, 1559
162426, 1560
162454, 1561
162480, 1562
162505, 1563
162554, 1564
162584, 1565
162612, 1566
162660, 1567
162722, 1568
162749, 1569
162786, 1570
162811, 1571
162839, 1572
162881, 1573
162910, 1574
162950, 1575
162982, 1576
163015, 1577
163055, 1578
163083, 1579
163116, 1580
163149, 1581
163199, 1582
163226, 1583
163281, 1584
163308, 1585
163338, 1586
163377, 1587
163410, 1588
163444, 1589
163473, 1590
163513, 1591
163542, 1592
163569, 1593
163611, 1594
163639, 1595
163670, 1596
163699, 1597
163752, 1598
163778, 1599
163808, 1600
163861, 1601
163904, 1602
163931, 1603
163962, 1604
163991, 1605
164041, 1606
164064, 1607
164105, 1608
164131, 1609
164172, 1610
164202, 1611
164227, 1612
164257, 1613
164307, 1614
164330, 1615
164371, 1616
164400, 1617
164451, 1618
164487, 1619
164522, 1620
164550, 1621
164588, 1622
164618, 1623
164661, 1624
164695, 1625
164722, 1626
164749, 1627
164804, 1628
164839, 1629
164869, 1630
164895, 1631
164922, 1632
164964, 1633
165032, 1634
165061, 1635
165089, 1636
165117, 1637
165157, 1638
165184, 1639
165224, 1640
165249, 1641
165288, 1642
165314, 1643
165358, 1644
165385, 1645
165409, 1646
165463, 1647
165493, 1648
165521, 1649
165548, 1650
165593, 1651
165619, 1652
165695, 1653
165723, 1654
165754, 1655
165793, 1656
165817, 1657
165859, 1658
165899, 1659
165927, 1660
165958, 1661
165993, 1662
166025, 1663
166050, 1664
166106, 1665
166134, 1666
166195, 1667
166226, 1668
166251, 1669
166284, 1670
166319, 1671
166343, 1672
166387, 1673
166425, 1674
166452, 1675
166483, 1676
166518, 1677
166543, 1678
166599, 1679
166625, 1680
166654, 1681
166683, 1682
166747, 1683
166773, 1684
166817, 1685
166847, 1686
166893, 1687
166917, 1688
166959, 1689
166985, 1690
167011, 1691
167054, 1692
167083, 1693
167116, 1694
167150, 1695
167181, 1696
167218, 1697
167252, 1698
167296, 1699
167328, 1700
167354, 1701
167406, 1702
167428, 1703
167458, 1704
167498, 1705
167527, 1706
167560, 1707
167594, 1708
167622, 1709
167663, 1710
167691, 1711
167734, 1712
167761, 1713
167818, 1714
167846, 1715
167892, 1716
167927, 1717
167956, 1718
167986, 1719
168026, 1720
168052, 1721
168095, 1722
168122, 1723
168151, 1724
168194, 1725
168224, 1726
168254, 1727
168288, 1728
168344, 1729
168368, 1730
168422, 1731
168449, 1732
168475, 1733
168514, 1734
168543, 1735
168573, 1736
168598, 1737
168654, 1738
168681, 1739
168710, 1740
168748, 1741
168778, 1742
168805, 1743
168847, 1744
168920, 1745
168944, 1746
168975, 1747
169025, 1748
169054, 1749
169088, 1750
169112, 1751
169151, 1752
169181, 1753
169214, 1754
169250, 1755
169277, 1756
169332, 1757
169355, 1758
169395, 1759
169448, 1760
169473, 1761
169515, 1762
169543, 1763
169588, 1764
169612, 1765
169641, 1766
169683, 1767
169711, 1768
169752, 1769
169786, 1770
169821, 1771
169848, 1772
169909, 1773
169931, 1774
169970, 1775
170004, 1776
170039, 1777
170071, 1778
170098, 1779
170142, 1780
170167, 1781
170203, 1782
170231, 1783
170272, 1784
170302, 1785
170329, 1786
170381, 1787
170431, 1788
170459, 1789
170487, 1790
170528, 1791
170553, 1792
170592, 1793
170621, 1794
170657, 1795
170685, 1796
170732, 1797
170755, 1798
170794, 1799
170824, 1800
170862, 1801
170889, 1802
170942, 1803
170968, 1804
170990, 1805
171036, 1806
171061, 1807
171101, 1808
171132, 1809
171162, 1810
171194, 1811
171230, 1812
171258, 1813
171298, 1814
171340, 1815
171381, 1816
171406, 1817
171470, 1818
171507, 1819
171536, 1820
171564, 1821
171591, 1822
171618, 1823
171646, 1824
171690, 1825
171717, 1826
171743, 1827
171789, 1828
171818, 1829
171853, 1830
171883, 1831
171924, 1832
171991, 1833
172013, 1834
172055, 1835
172082, 1836
172122, 1837
172150, 1838
172183, 1839
172207, 1840
172259, 1841
172289, 1842
172319, 1843
172353, 1844
172391, 1845
172448, 1846
172473, 1847
172512, 1848
172551, 1849
172583, 1850
172613, 1851
172645, 1852
172673, 1853
172703, 1854
172759, 1855
172789, 1856
172815, 1857
172843, 1858
172897, 1859
172955, 1860
172994, 1861
173019, 1862
173047, 1863
173085, 1864
173111, 1865
173157, 1866
173190, 1867
173218, 1868
173247, 1869
173288, 1870
173318, 1871
173349, 1872
173417, 1873
173454, 1874
173481, 1875
173533, 1876
173559, 1877
173590, 1878
173625, 1879
173651, 1880
173691, 1881
173722, 1882
173751, 1883
173780, 1884
173814, 1885
173858, 1886
173877, 1887
173951, 1888
173982, 1889
174014, 1890
174053, 1891
174083, 1892
174107, 1893
174150, 1894
174177, 1895
174204, 1896
174232, 1897
174282, 1898
174307, 1899
174352, 1900
174382, 1901
174429, 1902
174462, 1903
174491, 1904
174541, 1905
174571, 1906
174593, 1907
174631, 1908
174671, 1909
174698, 1910
174725, 1911
174771, 1912
174802, 1913
174833, 1914
174871, 1915
174970, 1916
175000, 1917
175039, 1918
175063, 1919
175103, 1920
175146, 1921
175172, 1922
175196, 1923
175239, 1924
175265, 1925
175305, 1926
175329, 1927
175393, 1928
175428, 1929
175465, 1930
175507, 1931
175541, 1932
175566, 1933
175589, 1934
175638, 1935
175669, 1936
175697, 1937
175743, 1938
175771, 1939
175820, 1940
175842, 1941
175883, 1942
175908, 1943
175940, 1944
175973, 1945
176000, 1946
176052, 1947
176076, 1948
176104, 1949
176143, 1950
176207, 1951
176235, 1952
176267, 1953
176290, 1954
176318, 1955
176369, 1956
176395, 1957
176423, 1958
176467, 1959
176490, 1960
176526, 1961
176556, 1962
176597, 1963
176647, 1964
176675, 1965
176714, 1966
176742, 1967
176770, 1968
176817, 1969
176844, 1970
176880, 1971
176909, 1972
176948, 1973
176974, 1974
177023, 1975
177079, 1976
177105, 1977
177133, 1978
177185, 1979
177212, 1980
177241, 1981
177264, 1982
177303, 1983
177328, 1984
177388, 1985
177411, 1986
177439, 1987
177475, 1988
177530, 1989
177593, 1990
177637, 1991
177660, 1992
177686, 1993
177729, 1994
177758, 1995
177781, 1996
177833, 1997
177857, 1998
177898, 1999
177926, 2000
177953, 2001
177999, 2002
178051, 2003
178078, 2004
178103, 2005
178145, 2006
178171, 2007
178210, 2008
178235, 2009
178276, 2010
178305, 2011
178333, 2012
178367, 2013
178406, 2014
178445, 2015
178471, 2016
178529, 2017
178551, 2018
178578, 2019
178619, 2020
178656, 2021
178683, 2022
178723, 2023
178748, 2024
178793, 2025
178817, 2026
178855, 2027
178891, 2028
178919, 2029
178945, 2030
178986, 2031
179027, 2032
179079, 2033
179098, 2034
179138, 2035
179164, 2036
179206, 2037
179232, 2038
179273, 2039
179299, 2040
179339, 2041
179362, 2042
179403, 2043
179444, 2044
179471, 2045
179501, 2046
179538, 2047
179567, 2048
179606, 2049
179629, 2050
179680, 2051
179698, 2052
179742, 2053
179765, 2054
179810, 2055
179835, 2056
179877, 2057
179902, 2058
179946, 2059
179970, 2060
179998, 2061
180040, 2062
180067, 2063
180107, 2064
180132, 2065
180172, 2066
180198, 2067
180240, 2068
180267, 2069
180306, 2070
180335, 2071
180363, 2072
180407, 2073
180434, 2074
180460, 2075
180548, 2076
180567, 2077
180613, 2078
180635, 2079
180676, 2080
180716, 2081
180739, 2082
180781, 2083
180794, 2084
180838, 2085
180876, 2086
180906, 2087
180934, 2088
180975, 2089
181004, 2090
181044, 2091
181072, 2092
181115, 2093
181127, 2094
181170, 2095
181212, 2096
181227, 2097
181281, 2098
181296, 2099
181338, 2100
181399, 2101
181419, 2102
181434, 2103
181489, 2104
181504, 2105
181547, 2106
181574, 2107
181615, 2108
181645, 2109
181685, 2110
181713, 2111
181743, 2112
181783, 2113
181811, 2114
181842, 2115
181880, 2116
181909, 2117
181950, 2118
181978, 2119
182021, 2120
182035, 2121
182076, 2122
182119, 2123
182134, 2124
182188, 2125
182202, 2126
182244, 2127
182286, 2128
182300, 2129
182342, 2130
182383, 2131
182412, 2132
182442, 2133
182481, 2134
182510, 2135
182565, 2136
182579, 2137
182622, 2138
182636, 2139
182692, 2140
182716, 2141
182745, 2142
182785, 2143
182814, 2144
182843, 2145
182886, 2146
182912, 2147
182944, 2148
182982, 2149
183011, 2150
183052, 2151
183080, 2152
183110, 2153
183148, 2154
183177, 2155
183218, 2156
183233, 2157
183289, 2158
183304, 2159
183344, 2160
183385, 2161
183413, 2162
183442, 2163
183484, 2164
183512, 2165
183554, 2166
183568, 2167
183665, 2168
183680, 2169
183694, 2170
183736, 2171
183763, 2172
183805, 2173
183834, 2174
183874, 2175
183903, 2176
183931, 2177
183972, 2178
184001, 2179
184028, 2180
184071, 2181
184097, 2182
184139, 2183
184168, 2184
184209, 2185
184223, 2186
184265, 2187
184307, 2188
184335, 2189
184377, 2190
184391, 2191
184433, 2192
184474, 2193
184502, 2194
184530, 2195
184571, 2196
184600, 2197
184643, 2198
184657, 2199
184698, 2200
184761, 2201
184783, 2202
184796, 2203
184837, 2204
184877, 2205
184892, 2206
184933, 2207
184975, 2208
185003, 2209
185031, 2210
185074, 2211
185089, 2212
185141, 2213
185167, 2214
185209, 2215
185237, 2216
185266, 2217
185308, 2218
185336, 2219
185363, 2220
185405, 2221
185434, 2222
185474, 2223
185503, 2224
185531, 2225
185573, 2226
185602, 2227
185630, 2228
185670, 2229
185711, 2230
185725, 2231
185768, 2232
185796, 2233
185837, 2234
185868, 2235
185933, 2236
185951, 2237
185979, 2238
186020, 2239
186047, 2240
186075, 2241
186117, 2242
186144, 2243
186185, 2244
186213, 2245
186254, 2246
186268, 2247
186310, 2248
186352, 2249
186382, 2250
186408, 2251
186450, 2252
186478, 2253
186508, 2254
186546, 2255
186589, 2256
186603, 2257
186645, 2258
186686, 2259
186715, 2260
186744, 2261
186787, 2262
186816, 2263
186845, 2264
186883, 2265
186911, 2266
186952, 2267
186980, 2268
187008, 2269
187048, 2270
187077, 2271
187161, 2272
187174, 2273
187202, 2274
187231, 2275
187271, 2276
187300, 2277
187341, 2278
187369, 2279
187399, 2280
187439, 2281
187467, 2282
187508, 2283
187537, 2284
187566, 2285
187607, 2286
187634, 2287
187664, 2288
187703, 2289
187732, 2290
187774, 2291
187804, 2292
187829, 2293
187871, 2294
187900, 2295
187940, 2296
187969, 2297
188011, 2298
188037, 2299
188066, 2300
188108, 2301
188136, 2302
188165, 2303
188205, 2304
188234, 2305
188274, 2306
188306, 2307
188358, 2308
188372, 2309
188401, 2310
188428, 2311
188470, 2312
188497, 2313
188539, 2314
188566, 2315
188597, 2316
188636, 2317
188666, 2318
188706, 2319
188735, 2320
188765, 2321
188804, 2322
188833, 2323
188873, 2324
188900, 2325
188932, 2326
188970, 2327
189001, 2328
189041, 2329
189069, 2330
189111, 2331
189126, 2332
189167, 2333
189212, 2334
189237, 2335
189268, 2336
189304, 2337
189348, 2338
189397, 2339
189419, 2340
189460, 2341
189474, 2342
189516, 2343
189553, 2344
189582, 2345
189624, 2346
189640, 2347
189696, 2348
189720, 2349
189752, 2350
189789, 2351
189807, 2352
189859, 2353
189873, 2354
189918, 2355
189957, 2356
189973, 2357
190016, 2358
190055, 2359
190082, 2360
190126, 2361
190152, 2362
190181, 2363
190222, 2364
190242, 2365
190292, 2366
190319, 2367
190361, 2368
190378, 2369
190418, 2370
190450, 2371
190487, 2372
190527, 2373
190543, 2374
190584, 2375
190628, 2376
190654, 2377
190685, 2378
190729, 2379
190753, 2380
190777, 2381
190819, 2382
190865, 2383
190888, 2384
190918, 2385
190958, 2386
190974, 2387
191016, 2388
191058, 2389
191119, 2390
191139, 2391
191186, 2392
191211, 2393
191254, 2394
191279, 2395
191306, 2396
191359, 2397
191383, 2398
191410, 2399
191451, 2400
191481, 2401
191504, 2402
191559, 2403
191586, 2404
191613, 2405
191689, 2406
191725, 2407
191752, 2408
191775, 2409
191819, 2410
191846, 2411
191888, 2412
191915, 2413
191957, 2414
191994, 2415
192022, 2416
192050, 2417
192075, 2418
192126, 2419
192155, 2420
192188, 2421
192233, 2422
192263, 2423
192287, 2424
192329, 2425
192352, 2426
192393, 2427
192433, 2428
192465, 2429
192490, 2430
192530, 2431
192558, 2432
192602, 2433
192630, 2434
192659, 2435
192687, 2436
192743, 2437
192782, 2438
192810, 2439
192837, 2440
192863, 2441
192909, 2442
192939, 2443
192967, 2444
193013, 2445
193039, 2446
193067, 2447
193111, 2448
193146, 2449
193179, 2450
193214, 2451
193265, 2452
193293, 2453
193333, 2454
193357, 2455
193409, 2456
193439, 2457
193466, 2458
193496, 2459
193533, 2460
193565, 2461
193588, 2462
193635, 2463
193669, 2464
193698, 2465
193778, 2466
193800, 2467
193845, 2468
193868, 2469
193909, 2470
193937, 2471
193965, 2472
194013, 2473
194047, 2474
194075, 2475
194102, 2476
194132, 2477
194182, 2478
194231, 2479
194265, 2480
194290, 2481
194319, 2482
194361, 2483
194390, 2484
194425, 2485
194451, 2486
194493, 2487
194524, 2488
194558, 2489
194597, 2490
194651, 2491
194685, 2492
194715, 2493
194750, 2494
194786, 2495
194836, 2496
194865, 2497
194900, 2498
194928, 2499
194955, 2500
194982, 2501
195063, 2502
195095, 2503
195126, 2504
195162, 2505
195195, 2506
195226, 2507
195253, 2508
195304, 2509
195332, 2510
195362, 2511
195398, 2512
195452, 2513
195484, 2514
195522, 2515
195551, 2516
195583, 2517
195616, 2518
195650, 2519
195699, 2520
195724, 2521
195757, 2522
195789, 2523
195840, 2524
195875, 2525
195904, 2526
195943, 2527
195979, 2528
196007, 2529
196043, 2530
196073, 2531
196124, 2532
196153, 2533
196230, 2534
196256, 2535
196301, 2536
196328, 2537
196361, 2538
196399, 2539
196440, 2540
196477, 2541
196512, 2542
196545, 2543
196615, 2544
196647, 2545
196679, 2546
196711, 2547
196768, 2548
196810, 2549
196848, 2550
196887, 2551
196923, 2552
196977, 2553
197009, 2554
197038, 2555
197065, 2556
197092, 2557
197134, 2558
197161, 2559
197208, 2560
197237, 2561
197266, 2562
197317, 2563
197345, 2564
197388, 2565
197417, 2566
197468, 2567
197502, 2568
197533, 2569
197568, 2570
197598, 2571
197628, 2572
197679, 2573
197701, 2574
197761, 2575
197795, 2576
197832, 2577
197855, 2578
197898, 2579
197925, 2580
197955, 2581
197992, 2582
198031, 2583
198089, 2584
198117, 2585
198173, 2586
198202, 2587
198235, 2588
198266, 2589
198300, 2590
198333, 2591
198360, 2592
198457, 2593
198486, 2594
198515, 2595
198548, 2596
198583, 2597
198612, 2598
198639, 2599
198696, 2600
198737, 2601
198767, 2602
198823, 2603
198848, 2604
198874, 2605
198915, 2606
198941, 2607
198976, 2608
199008, 2609
199035, 2610
199079, 2611
199110, 2612
199162, 2613
199191, 2614
199228, 2615
199258, 2616
199281, 2617
199335, 2618
199364, 2619
199395, 2620
199429, 2621
199484, 2622
199514, 2623
199540, 2624
199577, 2625
199621, 2626
199662, 2627
199698, 2628
199730, 2629
199768, 2630
199807, 2631
199851, 2632
199884, 2633
199913, 2634
199938, 2635
199994, 2636
200019, 2637
200051, 2638
200085, 2639
200113, 2640
200169, 2641
200204, 2642
200239, 2643
200280, 2644
200317, 2645
200343, 2646
200370, 2647
200422, 2648
200447, 2649
200500, 2650
200550, 2651
200593, 2652
200618, 2653
200663, 2654
200704, 2655
200746, 2656
200785, 2657
200842, 2658
200877, 2659
200912, 2660
200941, 2661
200982, 2662
201010, 2663
201044, 2664
201076, 2665
201134, 2666
201160, 2667
201208, 2668
201235, 2669
201263, 2670
201305, 2671
201336, 2672
201373, 2673
201411, 2674
201441, 2675
201489, 2676
201514, 2677
201565, 2678
201594, 2679
201624, 2680
201653, 2681
201689, 2682
201719, 2683
201824, 2684
201858, 2685
201893, 2686
201935, 2687
201965, 2688
202025, 2689
202059, 2690
202086, 2691
202113, 2692
202163, 2693
202199, 2694
202231, 2695
202262, 2696
202314, 2697
202339, 2698
202370, 2699
202403, 2700
202431, 2701
202517, 2702
202552, 2703
202578, 2704
202606, 2705
202633, 2706
202660, 2707
202696, 2708
202724, 2709
202800, 2710
202828, 2711
202873, 2712
202901, 2713
202941, 2714
202978, 2715
203004, 2716
203055, 2717
203100, 2718
203128, 2719
203165, 2720
203192, 2721
203221, 2722
203267, 2723
203303, 2724
203336, 2725
203386, 2726
203428, 2727
203459, 2728
203486, 2729
203531, 2730
203558, 2731
203585, 2732
203626, 2733
203675, 2734
203711, 2735
203740, 2736
203787, 2737
203812, 2738
203839, 2739
203882, 2740
203909, 2741
203936, 2742
203984, 2743
204050, 2744
204084, 2745
204126, 2746
204153, 2747
204179, 2748
204229, 2749
204256, 2750
204287, 2751
204378, 2752
204410, 2753
204442, 2754
204468, 2755
204507, 2756
204538, 2757
204573, 2758
204620, 2759
204657, 2760
204683, 2761
204734, 2762
204772, 2763
204803, 2764
204836, 2765
204864, 2766
204914, 2767
204953, 2768
204979, 2769
205005, 2770
205046, 2771
205087, 2772
205113, 2773
205163, 2774
205202, 2775
205236, 2776
205267, 2777
205300, 2778
205326, 2779
205388, 2780
205420, 2781
205473, 2782
205512, 2783
205548, 2784
205586, 2785
205611, 2786
205638, 2787
205689, 2788
205714, 2789
205769, 2790
205802, 2791
205842, 2792
205879, 2793
205909, 2794
205940, 2795
205994, 2796
206029, 2797
206091, 2798
206124, 2799
206154, 2800
206192, 2801
206226, 2802
206254, 2803
206290, 2804
206337, 2805
206365, 2806
206391, 2807
206450, 2808
206487, 2809
206524, 2810
206551, 2811
206583, 2812
206636, 2813
206669, 2814
206711, 2815
206747, 2816
206775, 2817
206802, 2818
206858, 2819
206916, 2820
206950, 2821
206984, 2822
207013, 2823
207054, 2824
207089, 2825
207123, 2826
207155, 2827
207214, 2828
207247, 2829
207277, 2830
207312, 2831
207339, 2832
207378, 2833
207409, 2834
207452, 2835
207478, 2836
207519, 2837
207546, 2838
207599, 2839
207636, 2840
207664, 2841
207742, 2842
207781, 2843
207807, 2844
207834, 2845
207889, 2846
207914, 2847
207954, 2848
208000, 2849
208022, 2850
208063, 2851
208092, 2852
208128, 2853
208167, 2854
208196, 2855
208238, 2856
208285, 2857
208313, 2858
208335, 2859
208380, 2860
208417, 2861
208457, 2862
208483, 2863
208535, 2864
208562, 2865
208594, 2866
208620, 2867
208669, 2868
208697, 2869
208728, 2870
208787, 2871
208812, 2872
208854, 2873
208881, 2874
208923, 2875
208956, 2876
208985, 2877
209037, 2878
209072, 2879
209105, 2880
209149, 2881
209175, 2882
209199, 2883
209241, 2884
209279, 2885
209352, 2886
209385, 2887
209417, 2888
209446, 2889
209490, 2890
209525, 2891
209600, 2892
209632, 2893
209664, 2894
209699, 2895
209731, 2896
209764, 2897
209788, 2898
209863, 2899
209900, 2900
209936, 2901
209963, 2902
209992, 2903
210027, 2904
210055, 2905
210117, 2906
210149, 2907
210177, 2908
210212, 2909
210239, 2910
210283, 2911
210312, 2912
210366, 2913
210403, 2914
210429, 2915
210469, 2916
210505, 2917
210536, 2918
210583, 2919
210640, 2920
210699, 2921
210744, 2922
210773, 2923
210812, 2924
210843, 2925
210891, 2926
210926, 2927
210958, 2928
210996, 2929
211028, 2930
211053, 2931
211112, 2932
211141, 2933
211168, 2934
211196, 2935
211236, 2936
211263, 2937
211300, 2938
211351, 2939
211379, 2940
211424, 2941
211451, 2942
211483, 2943
211522, 2944
211553, 2945
211601, 2946
211653, 2947
211684, 2948
211715, 2949
211746, 2950
211772, 2951
211835, 2952
211866, 2953
211910, 2954
211945, 2955
211968, 2956
212014, 2957
212100, 2958
212126, 2959
212170, 2960
212202, 2961
212231, 2962
212262, 2963
212314, 2964
212339, 2965
212381, 2966
212406, 2967
212463, 2968
212496, 2969
212544, 2970
212575, 2971
212604, 2972
212625, 2973
212664, 2974
212710, 2975
212736, 2976
212785, 2977
212817, 2978
212852, 2979
212878, 2980
212917, 2981
212957, 2982
212985, 2983
213032, 2984
213063, 2985
213111, 2986
213151, 2987
213182, 2988
213209, 2989
213300, 2990
213334, 2991
213372, 2992
213406, 2993
213437, 2994
213468, 2995
213514, 2996
213547, 2997
213592, 2998
213632, 2999
213667, 3000
213693, 3001
213748, 3002
213790, 3003
213818, 3004
213851, 3005
213882, 3006
213935, 3007
213959, 3008
213986, 3009
214012, 3010
214054, 3011
214086, 3012
214110, 3013
214162, 3014
214197, 3015
214233, 3016
214261, 3017
214301, 3018
214356, 3019
214416, 3020
214445, 3021
214474, 3022
214503, 3023
214557, 3024
214618, 3025
214655, 3026
214682, 3027
214710, 3028
214753, 3029
214782, 3030
214831, 3031
214858, 3032
214901, 3033
214941, 3034
214981, 3035
215017, 3036
215067, 3037
215093, 3038
215134, 3039
215158, 3040
215206, 3041
215237, 3042
215289, 3043
215324, 3044
215358, 3045
215388, 3046
215422, 3047
215473, 3048
215502, 3049
215534, 3050
215562, 3051
215612, 3052
215641, 3053
215712, 3054
215736, 3055
215777, 3056
215804, 3057
215856, 3058
215906, 3059
215935, 3060
215962, 3061
216003, 3062
216034, 3063
216082, 3064
216108, 3065
216137, 3066
216173, 3067
216212, 3068
216261, 3069
216292, 3070
216327, 3071
216360, 3072
216397, 3073
216435, 3074
216485, 3075
216517, 3076
216544, 3077
216586, 3078
216605, 3079
216640, 3080
216692, 3081
216704, 3082
216745, 3083
216826, 3084
216850, 3085
216864, 3086
216906, 3087
216936, 3088
216975, 3089
217012, 3090
217037, 3091
217078, 3092
217105, 3093
217146, 3094
217173, 3095
217203, 3096
217241, 3097
217268, 3098
217310, 3099
217352, 3100
217380, 3101
217405, 3102
217445, 3103
217471, 3104
217510, 3105
217539, 3106
217577, 3107
217604, 3108
217646, 3109
217674, 3110
217705, 3111
217743, 3112
217772, 3113
217813, 3114
217828, 3115
217884, 3116
217925, 3117
217953, 3118
217995, 3119
218024, 3120
218052, 3121
218093, 3122
218122, 3123
218151, 3124
218190, 3125
218220, 3126
218259, 3127
218288, 3128
218329, 3129
218359, 3130
218387, 3131
218427, 3132
218496, 3133
218529, 3134
218541, 3135
218580, 3136
218608, 3137
218637, 3138
218678, 3139
218706, 3140
218747, 3141
218776, 3142
218805, 3143
218845, 3144
218875, 3145
218915, 3146
218930, 3147
218972, 3148
219009, 3149
219038, 3150
219080, 3151
219109, 3152
219151, 3153
219180, 3154
219208, 3155
219237, 3156
219279, 3157
219318, 3158
219333, 3159
219374, 3160
219414, 3161
219443, 3162
219473, 3163
219513, 3164
219541, 3165
219572, 3166
219612, 3167
219641, 3168
219681, 3169
219725, 3170
219738, 3171
219778, 3172
219808, 3173
219848, 3174
219878, 3175
219906, 3176
219945, 3177
219974, 3178
220015, 3179
220044, 3180
220072, 3181
220112, 3182
220142, 3183
220182, 3184
220197, 3185
220239, 3186
220279, 3187
220353, 3188
220375, 3189
220403, 3190
220445, 3191
220460, 3192
220516, 3193
220530, 3194
220571, 3195
220613, 3196
220641, 3197
220670, 3198
220712, 3199
220739, 3200
220782, 3201
220808, 3202
220838, 3203
220877, 3204
220906, 3205
220945, 3206
220973, 3207
221015, 3208
221044, 3209
221072, 3210
221114, 3211
221141, 3212
221183, 3213
221212, 3214
221241, 3215
221279, 3216
221309, 3217
221338, 3218
221380, 3219
221410, 3220
221448, 3221
221476, 3222
221532, 3223
221546, 3224
221575, 3225
221616, 3226
221644, 3227
221672, 3228
221715, 3229
221743, 3230
221783, 3231
221797, 3232
221839, 3233
221881, 3234
221910, 3235
221951, 3236
221966, 3237
222007, 3238
222037, 3239
222077, 3240
222122, 3241
222155, 3242
222191, 3243
222217, 3244
222258, 3245
222285, 3246
222327, 3247
222355, 3248
222397, 3249
222422, 3250
222453, 3251
222493, 3252
222520, 3253
222563, 3254
222591, 3255
222618, 3256
222661, 3257
222689, 3258
222716, 3259
222758, 3260
222786, 3261
222815, 3262
222856, 3263
222889, 3264
222923, 3265
222952, 3266
222993, 3267
223022, 3268
223051, 3269
223091, 3270
223120, 3271
223162, 3272
223191, 3273
223218, 3274
223258, 3275
223286, 3276
223328, 3277
223358, 3278
223385, 3279
223426, 3280
223453, 3281
223483, 3282
223523, 3283
223573, 3284
223590, 3285
223619, 3286
223661, 3287
223677, 3288
223718, 3289
223760, 3290
223788, 3291
223830, 3292
223858, 3293
223886, 3294
223928, 3295
223956, 3296
223999, 3297
224012, 3298
224055, 3299
224095, 3300
224109, 3301
224151, 3302
224192, 3303
224221, 3304
224306, 3305
224328, 3306
224344, 3307
224385, 3308
224414, 3309
224456, 3310
224471, 3311
224512, 3312
224554, 3313
224582, 3314
224610, 3315
224652, 3316
224680, 3317
224711, 3318
224750, 3319
224780, 3320
224818, 3321
224846, 3322
224888, 3323
224917, 3324
224945, 3325
224983, 3326
225014, 3327
225055, 3328
225082, 3329
225125, 3330
225138, 3331
225181, 3332
225221, 3333
225250, 3334
225279, 3335
225320, 3336
225348, 3337
225390, 3338
225405, 3339
225446, 3340
225486, 3341
225529, 3342
225544, 3343
225585, 3344
225618, 3345
225657, 3346
225684, 3347
225726, 3348
225753, 3349
225793, 3350
225821, 3351
225850, 3352
225890, 3353
225932, 3354
225946, 3355
225988, 3356
226018, 3357
226058, 3358
226085, 3359
226114, 3360
226154, 3361
226184, 3362
226224, 3363
226252, 3364
226293, 3365
226323, 3366
226350, 3367
226392, 3368
226420, 3369
226492, 3370
226521, 3371
226559, 3372
226586, 3373
226627, 3374
226656, 3375
226687, 3376
226726, 3377
226753, 3378
226795, 3379
226823, 3380
226852, 3381
226893, 3382
226920, 3383
226962, 3384
226977, 3385
227020, 3386
227059, 3387
227088, 3388
227130, 3389
227144, 3390
227213, 3391
227227, 3392
227255, 3393
227297, 3394
227324, 3395
227354, 3396
227394, 3397
227423, 3398
227465, 3399
227493, 3400
227521, 3401
227561, 3402
227590, 3403
227631, 3404
227659, 3405
227690, 3406
227730, 3407
227759, 3408
227799, 3409
227828, 3410
227869, 3411
227883, 3412
227926, 3413
227966, 3414
227994, 3415
228035, 3416
228063, 3417
228093, 3418
228134, 3419
228148, 3420
228190, 3421
228230, 3422
228260, 3423
228291, 3424
228328, 3425
228356, 3426
228399, 3427
228427, 3428
228457, 3429
228496, 3430
228524, 3431
228565, 3432
228594, 3433
228621, 3434
228663, 3435
228692, 3436
228733, 3437
228760, 3438
228789, 3439
228831, 3440
228877, 3441
228931, 3442
228942, 3443
228984, 3444
229012, 3445
229041, 3446
229082, 3447
229109, 3448
229149, 3449
229191, 3450
229249, 3451
229289, 3452
229304, 3453
229359, 3454
229418, 3455
229447, 3456
229475, 3457
229519, 3458
229547, 3459
229570, 3460
229627, 3461
229685, 3462
229719, 3463
229758, 3464
229789, 3465
229813, 3466
229856, 3467
229897, 3468
229950, 3469
229978, 3470
230006, 3471
230053, 3472
230085, 3473
230124, 3474
230154, 3475
230186, 3476
230232, 3477
230260, 3478
230287, 3479
230317, 3480
230373, 3481
230399, 3482
230434, 3483
230467, 3484
230547, 3485
230575, 3486
230612, 3487
230640, 3488
230686, 3489
230718, 3490
230746, 3491
230796, 3492
230828, 3493
230860, 3494
230897, 3495
230928, 3496
230966, 3497
231002, 3498
231047, 3499
231087, 3500
231119, 3501
231150, 3502
231189, 3503
231218, 3504
231269, 3505
231317, 3506
231340, 3507
231364, 3508
231403, 3509
231431, 3510
231490, 3511
231533, 3512
231590, 3513
231623, 3514
231651, 3515
231679, 3516
231721, 3517
231749, 3518
231779, 3519
231851, 3520
231889, 3521
231926, 3522
231951, 3523
232001, 3524
232032, 3525
232066, 3526
232113, 3527
232148, 3528
232176, 3529
232212, 3530
232242, 3531
232274, 3532
232316, 3533
232360, 3534
232390, 3535
232419, 3536
232452, 3537
232485, 3538
232539, 3539
232592, 3540
232617, 3541
232647, 3542
232678, 3543
232707, 3544
232753, 3545
232796, 3546
232830, 3547
232878, 3548
232910, 3549
232946, 3550
232973, 3551
233006, 3552
233031, 3553
233090, 3554
233149, 3555
233186, 3556
233221, 3557
233256, 3558
233295, 3559
233332, 3560
233371, 3561
233440, 3562
233472, 3563
233501, 3564
233531, 3565
233568, 3566
233593, 3567
233661, 3568
233688, 3569
233716, 3570
233755, 3571
233793, 3572
233818, 3573
233889, 3574
233919, 3575
233950, 3576
233987, 3577
234011, 3578
234036, 3579
234078, 3580
234111, 3581
234159, 3582
234196, 3583
234222, 3584
234274, 3585
234299, 3586
234326, 3587
234378, 3588
234403, 3589
234460, 3590
234498, 3591
234523, 3592
234554, 3593
234588, 3594
234660, 3595
234696, 3596
234722, 3597
234771, 3598
234804, 3599
234839, 3600
234897, 3601
234938, 3602
234973, 3603
234998, 3604
235025, 3605
235066, 3606
235117, 3607
235149, 3608
235175, 3609
235225, 3610
235250, 3611
235277, 3612
235314, 3613
235362, 3614
235395, 3615
235424, 3616
235476, 3617
235500, 3618
235538, 3619
235588, 3620
235614, 3621
235653, 3622
235679, 3623
235710, 3624
235743, 3625
235804, 3626
235841, 3627
235872, 3628
235908, 3629
235942, 3630
235979, 3631
236018, 3632
236100, 3633
236130, 3634
236157, 3635
236200, 3636
236232, 3637
236262, 3638
236306, 3639
236339, 3640
236364, 3641
236391, 3642
236443, 3643
236471, 3644
236520, 3645
236546, 3646
236588, 3647
236613, 3648
236659, 3649
236693, 3650
236741, 3651
236770, 3652
236814, 3653
236839, 3654
236879, 3655
236903, 3656
236970, 3657
237006, 3658
237040, 3659
237071, 3660
237115, 3661
237155, 3662
237214, 3663
237235, 3664
237289, 3665
237314, 3666
237338, 3667
237425, 3668
237454, 3669
237486, 3670
237525, 3671
237551, 3672
237580, 3673
237650, 3674
237677, 3675
237707, 3676
237736, 3677
237776, 3678
237823, 3679
237856, 3680
237885, 3681
237920, 3682
237947, 3683
237988, 3684
238036, 3685
238070, 3686
238103, 3687
238134, 3688
238183, 3689
238237, 3690
238270, 3691
238309, 3692
238341, 3693
238376, 3694
238412, 3695
238458, 3696
238495, 3697
238528, 3698
238560, 3699
238599, 3700
238664, 3701
238732, 3702
238762, 3703
238796, 3704
238824, 3705
238850, 3706
238909, 3707
238945, 3708
238971, 3709
238997, 3710
239022, 3711
239084, 3712
239118, 3713
239146, 3714
239174, 3715
239211, 3716
239260, 3717
239287, 3718
239326, 3719
239354, 3720
239382, 3721
239418, 3722
239475, 3723
239505, 3724
239561, 3725
239600, 3726
239639, 3727
239719, 3728
239754, 3729
239787, 3730
239824, 3731
239886, 3732
239919, 3733
239951, 3734
239979, 3735
240010, 3736
240045, 3737
240103, 3738
240129, 3739
240173, 3740
240209, 3741
240263, 3742
240283, 3743
240323, 3744
240348, 3745
240406, 3746
240456, 3747
240490, 3748
240515, 3749
240554, 3750
240645, 3751
240678, 3752
240713, 3753
240738, 3754
240766, 3755
240850, 3756
240884, 3757
240917, 3758
240947, 3759
240986, 3760
241035, 3761
241066, 3762
241094, 3763
241120, 3764
241147, 3765
241213, 3766
241248, 3767
241282, 3768
241307, 3769
241379, 3770
241408, 3771
241435, 3772
241459, 3773
241499, 3774
241527, 3775
241600, 3776
241644, 3777
241679, 3778
241715, 3779
241831, 3780
241867, 3781
241904, 3782
241935, 3783
241995, 3784
242029, 3785
242065, 3786
242101, 3787
242137, 3788
242183, 3789
242234, 3790
242278, 3791
242317, 3792
242376, 3793
242406, 3794
242440, 3795
242466, 3796
242502, 3797
242597, 3798
242631, 3799
242668, 3800
242707, 3801
242753, 3802
242803, 3803
242829, 3804
242869, 3805
242918, 3806
242948, 3807
242980, 3808
243015, 3809
243073, 3810
243105, 3811
243134, 3812
243186, 3813
243241, 3814
243271, 3815
243297, 3816
243323, 3817
243379, 3818
243434, 3819
243465, 3820
243496, 3821
243539, 3822
243596, 3823
243628, 3824
243670, 3825
243708, 3826
243752, 3827
243789, 3828
243813, 3829
243851, 3830
243898, 3831
243931, 3832
243955, 3833
244011, 3834
244067, 3835
244104, 3836
244132, 3837
244163, 3838
244247, 3839
244276, 3840
244314, 3841
244339, 3842
244420, 3843
244461, 3844
244500, 3845
244546, 3846
244591, 3847
244636, 3848
244669, 3849
244719, 3850
244793, 3851
244828, 3852
244852, 3853
244884, 3854
244953, 3855
244999, 3856
245034, 3857
245062, 3858
245142, 3859
245181, 3860
245222, 3861
245264, 3862
245322, 3863
245354, 3864
245388, 3865
245420, 3866
245470, 3867
245519, 3868
245564, 3869
245618, 3870
245645, 3871
245674, 3872
245726, 3873
245757, 3874
245795, 3875
245826, 3876
245920, 3877
245959, 3878
245995, 3879
246037, 3880
246091, 3881
246125, 3882
246162, 3883
246188, 3884
246256, 3885
246282, 3886
246309, 3887
246353, 3888
246389, 3889
246419, 3890
246453, 3891
246508, 3892
246545, 3893
246582, 3894
246613, 3895
246698, 3896
246740, 3897
246768, 3898
246811, 3899
246837, 3900
246887, 3901
246935, 3902
246964, 3903
246988, 3904
247029, 3905
247079, 3906
247106, 3907
247150, 3908
247178, 3909
247208, 3910
247255, 3911
247283, 3912
247330, 3913
247408, 3914
247441, 3915
247468, 3916
247502, 3917
247553, 3918
247587, 3919
247625, 3920
247650, 3921
247722, 3922
247745, 3923
247772, 3924
247812, 3925
247855, 3926
247883, 3927
247921, 3928
247948, 3929
248013, 3930
248037, 3931
248075, 3932
248117, 3933
248139, 3934
248180, 3935
248209, 3936
248254, 3937
248283, 3938
248321, 3939
248350, 3940
248432, 3941
248453, 3942
248478, 3943
248528, 3944
248559, 3945
248588, 3946
248623, 3947
248676, 3948
248700, 3949
248750, 3950
248777, 3951
248827, 3952
248859, 3953
248889, 3954
248937, 3955
248978, 3956
249006, 3957
249046, 3958
249109, 3959
249139, 3960
249180, 3961
249208, 3962
249274, 3963
249309, 3964
249333, 3965
249372, 3966
249416, 3967
249440, 3968
249466, 3969
249517, 3970
249592, 3971
249620, 3972
249650, 3973
249706, 3974
249736, 3975
249766, 3976
249802, 3977
249869, 3978
249907, 3979
249933, 3980
250004, 3981
250037, 3982
250073, 3983
250100, 3984
250146, 3985
250184, 3986
250224, 3987
250284, 3988
250314, 3989
250367, 3990
250397, 3991
250460, 3992
250500, 3993
250536, 3994
250580, 3995
250611, 3996
250636, 3997
250676, 3998
250744, 3999
250778, 4000
250806, 4001
250857, 4002
250908, 4003
250940, 4004
250974, 4005
251022, 4006
251053, 4007
251081, 4008
251126, 4009
251155, 4010
251194, 4011
251238, 4012
251266, 4013
251307, 4014
251348, 4015
251383, 4016
251423, 4017
251477, 4018
251508, 4019
251541, 4020
251590, 4021
251619, 4022
251658, 4023
251706, 4024
251755, 4025
251778, 4026
251831, 4027
251879, 4028
251907, 4029
251957, 4030
251990, 4031
252021, 4032
252064, 4033
252093, 4034
252167, 4035
252200, 4036
252227, 4037
252268, 4038
252286, 4039
252314, 4040
252385, 4041
252407, 4042
252437, 4043
252527, 4044
252557, 4045
252588, 4046
252643, 4047
252673, 4048
252722, 4049
252749, 4050
252809, 4051
252830, 4052
252854, 4053
252913, 4054
252937, 4055
252962, 4056
253003, 4057
253029, 4058
253103, 4059
253125, 4060
253200, 4061
253226, 4062
253282, 4063
253305, 4064
253334, 4065
253382, 4066
253443, 4067
253473, 4068
253504, 4069
253584, 4070
253605, 4071
253662, 4072
253712, 4073
253742, 4074
253792, 4075
253818, 4076
253868, 4077
253900, 4078
253975, 4079
254002, 4080
254058, 4081
254082, 4082
254127, 4083
254147, 4084
254202, 4085
254221, 4086
254266, 4087
254315, 4088
254343, 4089
254422, 4090
254445, 4091
254503, 4092
254520, 4093
254576, 4094
254597, 4095
254653, 4096
254678, 4097
254755, 4098
254772, 4099
254835, 4100
254853, 4101
254886, 4102
254932, 4103
254991, 4104
255012, 4105
255041, 4106
255134, 4107
255177, 4108
255203, 4109
255247, 4110
255272, 4111
255298, 4112
255348, 4113
255363, 4114
255459, 4115
255483, 4116
255529, 4117
255550, 4118
255598, 4119
255617, 4120
255655, 4121
255706, 4122
255730, 4123
255800, 4124
255821, 4125
255861, 4126
255899, 4127
255958, 4128
255974, 4129
256013, 4130
256054, 4131
256077, 4132
256103, 4133
256194, 4134
256214, 4135
256237, 4136
256277, 4137
256303, 4138
256370, 4139
256394, 4140
256447, 4141
256463, 4142
256501, 4143
256583, 4144
256602, 4145
256652, 4146
256671, 4147
256696, 4148
256743, 4149
256769, 4150
256820, 4151
256836, 4152
256874, 4153
256954, 4154
256977, 4155
256991, 4156
257046, 4157
257061, 4158
257127, 4159
257149, 4160
257177, 4161
257229, 4162
257255, 4163
257269, 4164
257364, 4165
257381, 4166
257411, 4167
257475, 4168
257496, 4169
257538, 4170
257561, 4171
257590, 4172
257672, 4173
257686, 4174
257713, 4175
257766, 4176
257796, 4177
257851, 4178
257864, 4179
257904, 4180
257982, 4181
258005, 4182
258020, 4183
258088, 4184
258104, 4185
258128, 4186
258181, 4187
258194, 4188
258231, 4189
258259, 4190
258337, 4191
258348, 4192
258389, 4193
258414, 4194
258480, 4195
258493, 4196
258522, 4197
258549, 4198
258589, 4199
258631, 4200
258657, 4201
258695, 4202
258723, 4203
258760, 4204
258830, 4205
258854, 4206
258881, 4207
258920, 4208
258947, 4209
258996, 4210
259010, 4211
259049, 4212
259078, 4213
259118, 4214
259171, 4215
259194, 4216
259208, 4217
259248, 4218
259332, 4219
259356, 4220
259384, 4221
259413, 4222
259454, 4223
259498, 4224
259511, 4225
259552, 4226
259593, 4227
259620, 4228
259676, 4229
259691, 4230
259732, 4231
259747, 4232
259788, 4233
259829, 4234
259901, 4235
259927, 4236
259956, 4237
260009, 4238
260024, 4239
260066, 4240
260081, 4241
260157, 4242
260173, 4243
260198, 4244
260239, 4245
260265, 4246
260351, 4247
260372, 4248
260398, 4249
260438, 4250
260475, 4251
260510, 4252
260525, 4253
260573, 4254
260607, 4255
260644, 4256
260671, 4257
260712, 4258
260738, 4259
260820, 4260
260859, 4261
260887, 4262
260933, 4263
260969, 4264
260995, 4265
261034, 4266
261061, 4267
261112, 4268
261126, 4269
261167, 4270
261197, 4271
261293, 4272
261307, 4273
261347, 4274
261371, 4275
261411, 4276
261438, 4277
261463, 4278
261502, 4279
261545, 4280
261572, 4281
261625, 4282
261636, 4283
261678, 4284
261705, 4285
261740, 4286
261782, 4287
261794, 4288
261865, 4289
261904, 4290
261918, 4291
261973, 4292
262000, 4293
262036, 4294
262076, 4295
262101, 4296
262143, 4297
262170, 4298
262225, 4299
262240, 4300
262269, 4301
262305, 4302
262332, 4303
262370, 4304
262438, 4305
262479, 4306
262504, 4307
262545, 4308
262575, 4309
262614, 4310
262653, 4311
262679, 4312
262718, 4313
262743, 4314
262805, 4315
262821, 4316
262852, 4317
262890, 4318
262917, 4319
262957, 4320
263023, 4321
263060, 4322
263087, 4323
263128, 4324
263157, 4325
263198, 4326
263221, 4327
263261, 4328
263287, 4329
263326, 4330
263355, 4331
263395, 4332
263409, 4333
263463, 4334
263477, 4335
263535, 4336
263548, 4337
263588, 4338
263628, 4339
263653, 4340
263693, 4341
263718, 4342
263801, 4343
263813, 4344
263843, 4345
263882, 4346
263911, 4347
263951, 4348
263965, 4349
264031, 4350
264044, 4351
264084, 4352
264098, 4353
264150, 4354
264176, 4355
264217, 4356
264266, 4357
264285, 4358
264312, 4359
264342, 4360
264381, 4361
264423, 4362
264448, 4363
264541, 4364
264555, 4365
264595, 4366
264635, 4367
264661, 4368
264689, 4369
264730, 4370
264773, 4371
264798, 4372
264824, 4373
264863, 4374
264888, 4375
264930, 4376
264956, 4377
264998, 4378
265013, 4379
265067, 4380
265120, 4381
265134, 4382
265174, 4383
265213, 4384
265251, 4385
265276, 4386
265305, 4387
265343, 4388
265373, 4389
265413, 4390
265441, 4391
265511, 4392
265524, 4393
265567, 4394
265582, 4395
265636, 4396
265650, 4397
265693, 4398
265733, 4399
265761, 4400
265802, 4401
265830, 4402
265872, 4403
265900, 4404
265929, 4405
265971, 4406
265998, 4407
266040, 4408
266084, 4409
266122, 4410
266136, 4411
266179, 4412
266207, 4413
266248, 4414
266277, 4415
266317, 4416
266331, 4417
266374, 4418
266456, 4419
266472, 4420
266512, 4421
266541, 4422
266572, 4423
266610, 4424
266638, 4425
266681, 4426
266706, 4427
266749, 4428
266764, 4429
266813, 4430
266854, 4431
266892, 4432
266919, 4433
266960, 4434
266988, 4435
267030, 4436
267058, 4437
267086, 4438
267125, 4439
267154, 4440
267209, 4441
267223, 4442
267251, 4443
267294, 4444
267321, 4445
267362, 4446
267377, 4447
267420, 4448
267459, 4449
267489, 4450
267539, 4451
267595, 4452
267621, 4453
267660, 4454
267700, 4455
267714, 4456
267754, 4457
267795, 4458
267811, 4459
267865, 4460
267879, 4461
267934, 4462
267949, 4463
267990, 4464
268032, 4465
268047, 4466
268089, 4467
268129, 4468
268145, 4469
268186, 4470
268228, 4471
268256, 4472
268297, 4473
268325, 4474
268353, 4475
268395, 4476
268437, 4477
268451, 4478
268493, 4479
268533, 4480
268561, 4481
268592, 4482
268631, 4483
268659, 4484
268701, 4485
268730, 4486
268800, 4487
268814, 4488
268857, 4489
268882, 4490
268924, 4491
268951, 4492
268993, 4493
269008, 4494
269048, 4495
269078, 4496
269118, 4497
269145, 4498
269188, 4499
269220, 4500
269260, 4501
269272, 4502
269314, 4503
269357, 4504
269384, 4505
269415, 4506
269454, 4507
269481, 4508
269523, 4509
269552, 4510
269579, 4511
269620, 4512
269649, 4513
269719, 4514
269733, 4515
269748, 4516
269787, 4517
269818, 4518
269857, 4519
269885, 4520
269916, 4521
269955, 4522
269984, 4523
270023, 4524
270053, 4525
270093, 4526
270165, 4527
270179, 4528
270220, 4529
270261, 4530
270292, 4531
270329, 4532
270357, 4533
270389, 4534
270429, 4535
270458, 4536
270496, 4537
270550, 4538
270571, 4539
270612, 4540
270638, 4541
270665, 4542
270706, 4543
270725, 4544
270796, 4545
270812, 4546
270840, 4547
270879, 4548
270922, 4549
270949, 4550
270974, 4551
271013, 4552
271039, 4553
271079, 4554
271161, 4555
271179, 4556
271219, 4557
271246, 4558
271273, 4559
271314, 4560
271357, 4561
271370, 4562
271411, 4563
271449, 4564
271477, 4565
271529, 4566
271545, 4567
271584, 4568
271611, 4569
271651, 4570
271678, 4571
271720, 4572
271748, 4573
271812, 4574
271828, 4575
271868, 4576
271893, 4577
271932, 4578
271948, 4579
272000, 4580
272027, 4581
272070, 4582
272087, 4583
272145, 4584
272163, 4585
272192, 4586
272234, 4587
272275, 4588
272302, 4589
272321, 4590
272370, 4591
272394, 4592
272479, 4593
272500, 4594
272527, 4595
272569, 4596
272596, 4597
272624, 4598
272666, 4599
272707, 4600
272724, 4601
272776, 4602
272799, 4603
272839, 4604
272864, 4605
272908, 4606
272932, 4607
272958, 4608
272999, 4609
273061, 4610
273082, 4611
273109, 4612
273150, 4613
273172, 4614
273212, 4615
273240, 4616
273278, 4617
273309, 4618
273375, 4619
273393, 4620
273417, 4621
273444, 4622
273474, 4623
273515, 4624
273557, 4625
273623, 4626
273636, 4627
273675, 4628
273716, 4629
273729, 4630
273770, 4631
273808, 4632
273838, 4633
273877, 4634
273905, 4635
273945, 4636
273990, 4637
274010, 4638
274037, 4639
274079, 4640
274103, 4641
274144, 4642
274171, 4643
274198, 4644
274239, 4645
274281, 4646
274296, 4647
274338, 4648
274393, 4649
274410, 4650
274449, 4651
274465, 4652
274506, 4653
274547, 4654
274574, 4655
274604, 4656
274667, 4657
274684, 4658
274724, 4659
274746, 4660
274789, 4661
274815, 4662
274854, 4663
274884, 4664
274924, 4665
274951, 4666
275034, 4667
275063, 4668
275088, 4669
275143, 4670
275159, 4671
275199, 4672
275229, 4673
275268, 4674
275312, 4675
275352, 4676
275375, 4677
275401, 4678
275442, 4679
275467, 4680
275495, 4681
275538, 4682
275576, 4683
275623, 4684
275645, 4685
275688, 4686
275713, 4687
275757, 4688
275784, 4689
275811, 4690
275854, 4691
275901, 4692
275921, 4693
275962, 4694
276001, 4695
276025, 4696
276067, 4697
276095, 4698
276184, 4699
276211, 4700
276237, 4701
276262, 4702
276304, 4703
276331, 4704
276370, 4705
276399, 4706
276456, 4707
276481, 4708
276498, 4709
276551, 4710
276579, 4711
276610, 4712
276632, 4713
276693, 4714
276714, 4715
276747, 4716
276773, 4717
276815, 4718
276837, 4719
276881, 4720
276928, 4721
276949, 4722
276991, 4723
277029, 4724
277054, 4725
277096, 4726
277145, 4727
277169, 4728
277222, 4729
277248, 4730
277274, 4731
277315, 4732
277404, 4733
277433, 4734
277460, 4735
277498, 4736
277541, 4737
277558, 4738
277610, 4739
277660, 4740
277697, 4741
277723, 4742
277749, 4743
277791, 4744
277818, 4745
277886, 4746
277916, 4747
277940, 4748
277979, 4749
278006, 4750
278054, 4751
278082, 4752
278107, 4753
278163, 4754
278192, 4755
278236, 4756
278268, 4757
278290, 4758
278322, 4759
278364, 4760
278446, 4761
278470, 4762
278510, 4763
278538, 4764
278589, 4765
278617, 4766
278659, 4767
278685, 4768
278723, 4769
278769, 4770
278803, 4771
278830, 4772
278879, 4773
278938, 4774
278974, 4775
279010, 4776
279038, 4777
279072, 4778
279150, 4779
279176, 4780
279216, 4781
279243, 4782
279319, 4783
279345, 4784
279370, 4785
279431, 4786
279461, 4787
279490, 4788
279516, 4789
279555, 4790
279579, 4791
279635, 4792
279660, 4793
279688, 4794
279711, 4795
279754, 4796
279819, 4797
279846, 4798
279888, 4799
279921, 4800
280010, 4801
280041, 4802
280065, 4803
280113, 4804
280159, 4805
280186, 4806
280225, 4807
280283, 4808
280320, 4809
280347, 4810
280401, 4811
280433, 4812
280457, 4813
280502, 4814
280548, 4815
280567, 4816
280617, 4817
280652, 4818
280757, 4819
280793, 4820
280823, 4821
280872, 4822
280907, 4823
280941, 4824
280994, 4825
281023, 4826
281072, 4827
281119, 4828
281158, 4829
281197, 4830
281244, 4831
281277, 4832
281315, 4833
281405, 4834
281445, 4835
281516, 4836
281549, 4837
281579, 4838
281628, 4839
281661, 4840
281699, 4841
281752, 4842
281787, 4843
281840, 4844
281873, 4845
281965, 4846
281991, 4847
282042, 4848
282082, 4849
282128, 4850
282153, 4851
282196, 4852
282221, 4853
282270, 4854
282317, 4855
282356, 4856
282409, 4857
282451, 4858
282539, 4859
282571, 4860
282617, 4861
282676, 4862
282705, 4863
282751, 4864
282789, 4865
282841, 4866
282880, 4867
282916, 4868
282971, 4869
283009, 4870
283100, 4871
283145, 4872
283197, 4873
283229, 4874
283299, 4875
283340, 4876
283393, 4877
283425, 4878
283508, 4879
283541, 4880
283591, 4881
283633, 4882
283657, 4883
283717, 4884
283754, 4885
283796, 4886
283861, 4887
283921, 4888
283962, 4889
284007, 4890
284061, 4891
284089, 4892
284159, 4893
284190, 4894
284259, 4895
284293, 4896
284344, 4897
284389, 4898
284449, 4899
284482, 4900
284570, 4901
284601, 4902
284658, 4903
284688, 4904
284741, 4905
284769, 4906
284826, 4907
284858, 4908
284941, 4909
284973, 4910
285026, 4911
285053, 4912
285097, 4913
285150, 4914
285203, 4915
285237, 4916
285290, 4917
285378, 4918
285408, 4919
285440, 4920
285488, 4921
285535, 4922
285575, 4923
285636, 4924
285673, 4925
285730, 4926
285768, 4927
285856, 4928
285887, 4929
285935, 4930
285984, 4931
286013, 4932
286082, 4933
286176, 4934
286213, 4935
286274, 4936
286321, 4937
286380, 4938
286440, 4939
286523, 4940
286548, 4941
286577, 4942
286614, 4943
286687, 4944
286746, 4945
286783, 4946
286867, 4947
286899, 4948
286972, 4949
287037, 4950
287076, 4951
287136, 4952
287188, 4953
287259, 4954
287283, 4955
287330, 4956
287369, 4957
287431, 4958
287486, 4959
287562, 4960
287615, 4961
287669, 4962
287702, 4963
287752, 4964
287810, 4965
287846, 4966
287918, 4967
287965, 4968
288023, 4969
288057, 4970
288100, 4971
288188, 4972
288221, 4973
288281, 4974
288337, 4975
288375, 4976
288420, 4977
288487, 4978
288515, 4979
288560, 4980
288617, 4981
288705, 4982
288744, 4983
288803, 4984
288851, 4985
288901, 4986
288961, 4987
289043, 4988
289084, 4989
289128, 4990
289178, 4991
289259, 4992
289317, 4993
289342, 4994
289404, 4995
289452, 4996
289540, 4997
289596, 4998
289652, 4999
289729, 5000
289774, 5001
289824, 5002
289879, 5003
289934, 5004
290039, 5005
290080, 5006
290139, 5007
290192, 5008
290250, 5009
290307, 5010
290401, 5011
290443, 5012
290509, 5013
290587, 5014
290616, 5015
290685, 5016
290738, 5017
290819, 5018
290882, 5019
290953, 5020
290991, 5021
291047, 5022
291147, 5023
291173, 5024
291244, 5025
291333, 5026
291385, 5027
291415, 5028
291468, 5029
291584, 5030
291671, 5031
291701, 5032
291769, 5033
291821, 5034
291875, 5035
291945, 5036
292034, 5037
292092, 5038
292204, 5039
292250, 5040
292313, 5041
292381, 5042
292435, 5043
292533, 5044
292591, 5045
292659, 5046
292730, 5047
292778, 5048
292830, 5049
292952, 5050
293007, 5051
293105, 5052
293198, 5053
293258, 5054
293290, 5055
293360, 5056
293486, 5057
293584, 5058
293693, 5059
293749, 5060
293867, 5061
293953, 5062
294008, 5063
294080, 5064
294177, 5065
294252, 5066
294359, 5067
294426, 5068
294510, 5069
294562, 5070
294657, 5071
294759, 5072
294822, 5073
294923, 5074
294971, 5075
295056, 5076
295120, 5077
295222, 5078
295362, 5079
295462, 5080
295511, 5081
295573, 5082
295643, 5083
295738, 5084
295816, 5085
295924, 5086
296013, 5087
296058, 5088
296120, 5089
296214, 5090
296270, 5091
296394, 5092
296502, 5093
296551, 5094
296603, 5095
296697, 5096
296800, 5097
296899, 5098
296994, 5099
297075, 5100
297117, 5101
297196, 5102
297275, 5103
297394, 5104
297525, 5105
297627, 5106
297745, 5107
297806, 5108
