75129, 1
75194, 2
75253, 3
75285, 4
75319, 5
75345, 6
75377, 7
75436, 8
75459, 9
75508, 10
75541, 11
75572, 12
75604, 13
75636, 14
75666, 15
75692, 16
75733, 17
75770, 18
75788, 19
75839, 20
75868, 21
75897, 22
75936, 23
75972, 24
76033, 25
76060, 26
76093, 27
76127, 28
76153, 29
76204, 30
76230, 31
76272, 32
76296, 33
76348, 34
76387, 35
76416, 36
76446, 37
76477, 38
76515, 39
76542, 40
76577, 41
76605, 42
76643, 43
76683, 44
76728, 45
76755, 46
76798, 47
76826, 48
76868, 49
76902, 50
76933, 51
76958, 52
76988, 53
77038, 54
77067, 55
77091, 56
77132, 57
77159, 58
77197, 59
77241, 60
77274, 61
77309, 62
77369, 63
77406, 64
77442, 65
77473, 66
77504, 67
77539, 68
77565, 69
77602, 70
77645, 71
77675, 72
77700, 73
77741, 74
77769, 75
77795, 76
77840, 77
77865, 78
77906, 79
77941, 80
77989, 81
78015, 82
78044, 83
78085, 84
78108, 85
78148, 86
78190, 87
78218, 88
78260, 89
78291, 90
78317, 91
78359, 92
78384, 93
78425, 94
78454, 95
78484, 96
78535, 97
78612, 98
78639, 99
78665, 100
78709, 101
78744, 102
78773, 103
78799, 104
78838, 105
78868, 106
78899, 107
78933, 108
78958, 109
79009, 110
79038, 111
79067, 112
79098, 113
79173, 114
79203, 115
79230, 116
79258, 117
79297, 118
79329, 119
79357, 120
79405, 121
79428, 122
79469, 123
79485, 124
79539, 125
79568, 126
79595, 127
79622, 128
79674, 129
79703, 130
79758, 131
79788, 132
79813, 133
79852, 134
79879, 135
79914, 136
79942, 137
79982, 138
80009, 139
80052, 140
80083, 141
80118, 142
80151, 143
80174, 144
80224, 145
80255, 146
80309, 147
80339, 148
80375, 149
80408, 150
80434, 151
80490, 152
80529, 153
80556, 154
80588, 155
80616, 156
80642, 157
80694, 158
80722, 159
80749, 160
80778, 161
80803, 162
80883, 163
80909, 164
80933, 165
80972, 166
81005, 167
81040, 168
81065, 169
81104, 170
81144, 171
81170, 172
81221, 173
81248, 174
81276, 175
81305, 176
81335, 177
81362, 178
81419, 179
81487, 180
81524, 181
81552, 182
81576, 183
81612, 184
81651, 185
81670, 186
81714, 187
81748, 188
81780, 189
81815, 190
81845, 191
81885, 192
81911, 193
81954, 194
81976, 195
82014, 196
82103, 197
82138, 198
82169, 199
82202, 200
82229, 201
82259, 202
82300, 203
82331, 204
82364, 205
82394, 206
82424, 207
82464, 208
82490, 209
82531, 210
82559, 211
82609, 212
82637, 213
82680, 214
82712, 215
82740, 216
82776, 217
82812, 218
82853, 219
82881, 220
82920, 221
82950, 222
82976, 223
83003, 224
83052, 225
83078, 226
83107, 227
83156, 228
83193, 229
83228, 230
83260, 231
83309, 232
83335, 233
83367, 234
83392, 235
83442, 236
83467, 237
83493, 238
83535, 239
83566, 240
83603, 241
83657, 242
83685, 243
83713, 244
83755, 245
83784, 246
83825, 247
83859, 248
83885, 249
83927, 250
83962, 251
83990, 252
84018, 253
84059, 254
84089, 255
84126, 256
84187, 257
84212, 258
84251, 259
84290, 260
84314, 261
84357, 262
84383, 263
84426, 264
84458, 265
84493, 266
84523, 267
84548, 268
84602, 269
84629, 270
84657, 271
84698, 272
84755, 273
84782, 274
84818, 275
84846, 276
84882, 277
84910, 278
84939, 279
84982, 280
85008, 281
85049, 282
85086, 283
85116, 284
85144, 285
85168, 286
85244, 287
85279, 288
85314, 289
85344, 290
85369, 291
85409, 292
85436, 293
85469, 294
85497, 295
85534, 296
85562, 297
85607, 298
85636, 299
85664, 300
85712, 301
85738, 302
85782, 303
85865, 304
85913, 305
85941, 306
85967, 307
86010, 308
86038, 309
86066, 310
86108, 311
86136, 312
86162, 313
86205, 314
86234, 315
86266, 316
86300, 317
86357, 318
86394, 319
86417, 320
86472, 321
86498, 322
86524, 323
86566, 324
86595, 325
86627, 326
86656, 327
86703, 328
86728, 329
86757, 330
86818, 331
86847, 332
86878, 333
86905, 334
86954, 335
86985, 336
87019, 337
87045, 338
87097, 339
87129, 340
87165, 341
87193, 342
87230, 343
87266, 344
87307, 345
87347, 346
87375, 347
87418, 348
87447, 349
87482, 350
87510, 351
87537, 352
87585, 353
87610, 354
87638, 355
87680, 356
87720, 357
87783, 358
87819, 359
87847, 360
87885, 361
87912, 362
87950, 363
87979, 364
88013, 365
88047, 366
88079, 367
88109, 368
88152, 369
88178, 370
88242, 371
88268, 372
88297, 373
88335, 374
88362, 375
88408, 376
88444, 377
88472, 378
88501, 379
88539, 380
88566, 381
88605, 382
88642, 383
88699, 384
88729, 385
88763, 386
88787, 387
88840, 388
88867, 389
88893, 390
88939, 391
88972, 392
89002, 393
89030, 394
89055, 395
89099, 396
89137, 397
89219, 398
89249, 399
89271, 400
89311, 401
89340, 402
89378, 403
89409, 404
89444, 405
89471, 406
89508, 407
89550, 408
89584, 409
89613, 410
89659, 411
89689, 412
89715, 413
89758, 414
89785, 415
89825, 416
89861, 417
89895, 418
89921, 419
89966, 420
90000, 421
90028, 422
90077, 423
90104, 424
90131, 425
90172, 426
90202, 427
90231, 428
90264, 429
90297, 430
90355, 431
90390, 432
90422, 433
90471, 434
90500, 435
90524, 436
90564, 437
90605, 438
90637, 439
90669, 440
90703, 441
90735, 442
90766, 443
90799, 444
90828, 445
90903, 446
90932, 447
90959, 448
90983, 449
91023, 450
91064, 451
91094, 452
91126, 453
91158, 454
91187, 455
91215, 456
91253, 457
91305, 458
91330, 459
91391, 460
91422, 461
91450, 462
91482, 463
91518, 464
91545, 465
91587, 466
91618, 467
91647, 468
91677, 469
91742, 470
91769, 471
91791, 472
91835, 473
91871, 474
91909, 475
91939, 476
91967, 477
91994, 478
92048, 479
92091, 480
92130, 481
92159, 482
92251, 483
92277, 484
92309, 485
92354, 486
92382, 487
92406, 488
92446, 489
92477, 490
92512, 491
92555, 492
92615, 493
92642, 494
92687, 495
92715, 496
92744, 497
92783, 498
92819, 499
92851, 500
92877, 501
92928, 502
92954, 503
92982, 504
93047, 505
93078, 506
93112, 507
93146, 508
93186, 509
93214, 510
93241, 511
93262, 512
93316, 513
93346, 514
93374, 515
93403, 516
93467, 517
93494, 518
93523, 519
93556, 520
93584, 521
93623, 522
93663, 523
93690, 524
93725, 525
93766, 526
93794, 527
93837, 528
93892, 529
93923, 530
93950, 531
93980, 532
94017, 533
94053, 534
94091, 535
94120, 536
94148, 537
94197, 538
94224, 539
94286, 540
94319, 541
94355, 542
94385, 543
94418, 544
94445, 545
94477, 546
94502, 547
94552, 548
94576, 549
94616, 550
94644, 551
94742, 552
94775, 553
94802, 554
94852, 555
94881, 556
94907, 557
94947, 558
94973, 559
95015, 560
95067, 561
95095, 562
95128, 563
95168, 564
95200, 565
95242, 566
95281, 567
95308, 568
95347, 569
95376, 570
95404, 571
95454, 572
95508, 573
95539, 574
95576, 575
95604, 576
95638, 577
95664, 578
95696, 579
95731, 580
95757, 581
95800, 582
95851, 583
95895, 584
95932, 585
95958, 586
96007, 587
96034, 588
96078, 589
96112, 590
96140, 591
96168, 592
96224, 593
96255, 594
96295, 595
96327, 596
96352, 597
96404, 598
96430, 599
96457, 600
96489, 601
96559, 602
96589, 603
96616, 604
96643, 605
96685, 606
96715, 607
96742, 608
96780, 609
96817, 610
96847, 611
96944, 612
96981, 613
97015, 614
97044, 615
97094, 616
97122, 617
97151, 618
97185, 619
97217, 620
97271, 621
97303, 622
97338, 623
97385, 624
97414, 625
97448, 626
97486, 627
97525, 628
97561, 629
97622, 630
97655, 631
97683, 632
97731, 633
97761, 634
97787, 635
97816, 636
97853, 637
97878, 638
97955, 639
97986, 640
98018, 641
98054, 642
98091, 643
98119, 644
98152, 645
98187, 646
98216, 647
98267, 648
98296, 649
98343, 650
98368, 651
98396, 652
98439, 653
98475, 654
98504, 655
98532, 656
98570, 657
98633, 658
98666, 659
98718, 660
98745, 661
98772, 662
98809, 663
98833, 664
98877, 665
98909, 666
98964, 667
98994, 668
99029, 669
99072, 670
99106, 671
99131, 672
99181, 673
99210, 674
99235, 675
99264, 676
99374, 677
99403, 678
99442, 679
99473, 680
99506, 681
99537, 682
99573, 683
99603, 684
99649, 685
99679, 686
99717, 687
99743, 688
99781, 689
99824, 690
99854, 691
99893, 692
99946, 693
99981, 694
100009, 695
100044, 696
100073, 697
100109, 698
100151, 699
100176, 700
100240, 701
100270, 702
100294, 703
100325, 704
100360, 705
100392, 706
100426, 707
100454, 708
100499, 709
100547, 710
100581, 711
100620, 712
100649, 713
100682, 714
100711, 715
100752, 716
100788, 717
100837, 718
100864, 719
100913, 720
100941, 721
100966, 722
101006, 723
101042, 724
101072, 725
101136, 726
101169, 727
101201, 728
101230, 729
101262, 730
101292, 731
101332, 732
101359, 733
101417, 734
101492, 735
101529, 736
101561, 737
101600, 738
101631, 739
101681, 740
101729, 741
101757, 742
101786, 743
101824, 744
101865, 745
101893, 746
101921, 747
101951, 748
102007, 749
102039, 750
102069, 751
102123, 752
102165, 753
102208, 754
102242, 755
102270, 756
102320, 757
102346, 758
102381, 759
102426, 760
102453, 761
102484, 762
102522, 763
102578, 764
102599, 765
102652, 766
102681, 767
102703, 768
102746, 769
102777, 770
102818, 771
102882, 772
102916, 773
102948, 774
102970, 775
103019, 776
103047, 777
103075, 778
103114, 779
103193, 780
103219, 781
103254, 782
103300, 783
103335, 784
103365, 785
103398, 786
103452, 787
103482, 788
103511, 789
103545, 790
103572, 791
103623, 792
103652, 793
103713, 794
103741, 795
103768, 796
103801, 797
103831, 798
103874, 799
103907, 800
103955, 801
103989, 802
104017, 803
104066, 804
104100, 805
104136, 806
104165, 807
104227, 808
104256, 809
104281, 810
104332, 811
104361, 812
104388, 813
104425, 814
104479, 815
104507, 816
104541, 817
104567, 818
104623, 819
104651, 820
104678, 821
104720, 822
104800, 823
104833, 824
104869, 825
104894, 826
104923, 827
104971, 828
105003, 829
105054, 830
105092, 831
105122, 832
105146, 833
105196, 834
105224, 835
105253, 836
105307, 837
105332, 838
105386, 839
105415, 840
105443, 841
105469, 842
105522, 843
105572, 844
105601, 845
105639, 846
105671, 847
105707, 848
105737, 849
105768, 850
105823, 851
105850, 852
105878, 853
105927, 854
105964, 855
105996, 856
106035, 857
106084, 858
106125, 859
106153, 860
106184, 861
106208, 862
106263, 863
106352, 864
106385, 865
106417, 866
106451, 867
106476, 868
106517, 869
106545, 870
106597, 871
106624, 872
106678, 873
106719, 874
106757, 875
106789, 876
106836, 877
106856, 878
106896, 879
106924, 880
106961, 881
106990, 882
107019, 883
107086, 884
107115, 885
107146, 886
107185, 887
107219, 888
107249, 889
107306, 890
107336, 891
107369, 892
107409, 893
107444, 894
107473, 895
107532, 896
107561, 897
107590, 898
107627, 899
107654, 900
107691, 901
107720, 902
107752, 903
107800, 904
107838, 905
107875, 906
107912, 907
107951, 908
108039, 909
108069, 910
108110, 911
108135, 912
108190, 913
108223, 914
108275, 915
108309, 916
108355, 917
108395, 918
108431, 919
108481, 920
108510, 921
108536, 922
108575, 923
108609, 924
108647, 925
108682, 926
108737, 927
108774, 928
108802, 929
108842, 930
108870, 931
108909, 932
108959, 933
108990, 934
109031, 935
109058, 936
109105, 937
109134, 938
109161, 939
109230, 940
109259, 941
109287, 942
109317, 943
109355, 944
109383, 945
109444, 946
109485, 947
109523, 948
109561, 949
109594, 950
109621, 951
109708, 952
109742, 953
109767, 954
109791, 955
109830, 956
109865, 957
109928, 958
109953, 959
109997, 960
110023, 961
110064, 962
110117, 963
110147, 964
110170, 965
110221, 966
110247, 967
110275, 968
110334, 969
110360, 970
110393, 971
110422, 972
110448, 973
110488, 974
110551, 975
110582, 976
110613, 977
110646, 978
110674, 979
110697, 980
110742, 981
110793, 982
110822, 983
110850, 984
110888, 985
110915, 986
111023, 987
111044, 988
111097, 989
111123, 990
111152, 991
111190, 992
111237, 993
111263, 994
111295, 995
111328, 996
111365, 997
111425, 998
111455, 999
111505, 1000
111533, 1001
111567, 1002
111619, 1003
111636, 1004
111684, 1005
111714, 1006
111743, 1007
111790, 1008
111848, 1009
111890, 1010
111919, 1011
111946, 1012
112000, 1013
112046, 1014
112075, 1015
112104, 1016
112131, 1017
112158, 1018
112269, 1019
112297, 1020
112332, 1021
112361, 1022
112419, 1023
112453, 1024
112491, 1025
112517, 1026
112557, 1027
112596, 1028
112651, 1029
112683, 1030
112720, 1031
112750, 1032
112810, 1033
112841, 1034
112875, 1035
112903, 1036
112927, 1037
113002, 1038
113031, 1039
113064, 1040
113105, 1041
113135, 1042
113214, 1043
113243, 1044
113270, 1045
113310, 1046
113342, 1047
113389, 1048
113449, 1049
113488, 1050
113522, 1051
113571, 1052
113590, 1053
113628, 1054
113660, 1055
113685, 1056
113746, 1057
113783, 1058
113818, 1059
113848, 1060
113914, 1061
113946, 1062
113973, 1063
114006, 1064
114037, 1065
114110, 1066
114140, 1067
114188, 1068
114229, 1069
114275, 1070
114331, 1071
114354, 1072
114381, 1073
114445, 1074
114474, 1075
114500, 1076
114527, 1077
114567, 1078
114620, 1079
114650, 1080
114688, 1081
114746, 1082
114779, 1083
114814, 1084
114842, 1085
114883, 1086
114908, 1087
114989, 1088
115025, 1089
115070, 1090
115101, 1091
115153, 1092
115182, 1093
115215, 1094
115268, 1095
115294, 1096
115321, 1097
115346, 1098
115384, 1099
115419, 1100
115464, 1101
115498, 1102
115534, 1103
115590, 1104
115623, 1105
115652, 1106
115690, 1107
115732, 1108
115781, 1109
115805, 1110
115835, 1111
115862, 1112
115911, 1113
115991, 1114
116029, 1115
116062, 1116
116091, 1117
116140, 1118
116178, 1119
116208, 1120
116259, 1121
116284, 1122
116319, 1123
116346, 1124
116390, 1125
116412, 1126
116467, 1127
116503, 1128
116563, 1129
116602, 1130
116636, 1131
116664, 1132
116714, 1133
116742, 1134
116775, 1135
116819, 1136
116900, 1137
116925, 1138
116953, 1139
117008, 1140
117042, 1141
117083, 1142
117133, 1143
117160, 1144
117210, 1145
117239, 1146
117289, 1147
117316, 1148
117354, 1149
117418, 1150
117448, 1151
117485, 1152
117511, 1153
117605, 1154
117631, 1155
117666, 1156
117697, 1157
117752, 1158
117784, 1159
117822, 1160
117856, 1161
117908, 1162
117943, 1163
117968, 1164
118022, 1165
118062, 1166
118100, 1167
118144, 1168
118177, 1169
118203, 1170
118232, 1171
118279, 1172
118309, 1173
118336, 1174
118397, 1175
118462, 1176
118494, 1177
118535, 1178
118594, 1179
118627, 1180
118652, 1181
118685, 1182
118746, 1183
118782, 1184
118845, 1185
118873, 1186
118914, 1187
118937, 1188
119003, 1189
119036, 1190
119070, 1191
119121, 1192
119152, 1193
119186, 1194
119271, 1195
119295, 1196
119325, 1197
119354, 1198
119404, 1199
119432, 1200
119473, 1201
119522, 1202
119550, 1203
119579, 1204
119636, 1205
119667, 1206
119722, 1207
119773, 1208
119809, 1209
119838, 1210
119926, 1211
119952, 1212
119980, 1213
120063, 1214
120101, 1215
120154, 1216
120185, 1217
120221, 1218
120274, 1219
120300, 1220
120348, 1221
120423, 1222
120452, 1223
120484, 1224
120547, 1225
120590, 1226
120637, 1227
120666, 1228
120694, 1229
120752, 1230
120804, 1231
120842, 1232
120892, 1233
120924, 1234
121003, 1235
121053, 1236
121104, 1237
121139, 1238
121175, 1239
121236, 1240
121271, 1241
121326, 1242
121366, 1243
121454, 1244
121480, 1245
121513, 1246
121573, 1247
121608, 1248
121655, 1249
121705, 1250
121756, 1251
121778, 1252
121820, 1253
121907, 1254
121937, 1255
121968, 1256
122016, 1257
122056, 1258
122111, 1259
122165, 1260
122231, 1261
122261, 1262
122291, 1263
122388, 1264
122414, 1265
122478, 1266
122506, 1267
122563, 1268
122593, 1269
122628, 1270
122685, 1271
122709, 1272
122804, 1273
122830, 1274
122858, 1275
122913, 1276
122943, 1277
123005, 1278
123132, 1279
123164, 1280
123252, 1281
123278, 1282
123331, 1283
123358, 1284
123421, 1285
123458, 1286
123490, 1287
123546, 1288
123630, 1289
123657, 1290
123685, 1291
123742, 1292
123793, 1293
123822, 1294
123852, 1295
123899, 1296
123930, 1297
124004, 1298
124035, 1299
124084, 1300
124117, 1301
124175, 1302
124265, 1303
124291, 1304
124347, 1305
124376, 1306
124403, 1307
124460, 1308
124484, 1309
124528, 1310
124561, 1311
124624, 1312
124660, 1313
124745, 1314
124779, 1315
124837, 1316
124879, 1317
124904, 1318
124997, 1319
125030, 1320
125083, 1321
125116, 1322
125166, 1323
125206, 1324
125287, 1325
125323, 1326
125390, 1327
125451, 1328
125489, 1329
125564, 1330
125598, 1331
125644, 1332
125676, 1333
125739, 1334
125774, 1335
125820, 1336
125850, 1337
125921, 1338
125955, 1339
125981, 1340
126030, 1341
126087, 1342
126116, 1343
126155, 1344
126212, 1345
126293, 1346
126322, 1347
126384, 1348
126418, 1349
126484, 1350
126518, 1351
126569, 1352
126602, 1353
126692, 1354
126744, 1355
126769, 1356
126832, 1357
126870, 1358
126914, 1359
126965, 1360
127026, 1361
127067, 1362
127124, 1363
127149, 1364
127199, 1365
127233, 1366
127291, 1367
127367, 1368
127404, 1369
127452, 1370
127512, 1371
127545, 1372
127612, 1373
127641, 1374
127720, 1375
127776, 1376
127867, 1377
127892, 1378
127966, 1379
127995, 1380
128051, 1381
128083, 1382
128136, 1383
128172, 1384
128255, 1385
128289, 1386
128330, 1387
128390, 1388
128423, 1389
128459, 1390
128512, 1391
128542, 1392
128596, 1393
128683, 1394
128722, 1395
128776, 1396
128815, 1397
128862, 1398
128898, 1399
128946, 1400
129033, 1401
129069, 1402
129136, 1403
129189, 1404
129220, 1405
129302, 1406
129382, 1407
129416, 1408
129463, 1409
129497, 1410
129548, 1411
129619, 1412
129653, 1413
129708, 1414
129762, 1415
129866, 1416
129899, 1417
129948, 1418
129977, 1419
130030, 1420
130067, 1421
130141, 1422
130175, 1423
130283, 1424
130320, 1425
130395, 1426
130423, 1427
130478, 1428
130525, 1429
130578, 1430
130608, 1431
130729, 1432
130761, 1433
130822, 1434
130866, 1435
130908, 1436
130968, 1437
131020, 1438
131118, 1439
131198, 1440
131247, 1441
131299, 1442
131348, 1443
131405, 1444
131490, 1445
131527, 1446
131578, 1447
131631, 1448
131683, 1449
131716, 1450
131791, 1451
131848, 1452
131902, 1453
131943, 1454
132041, 1455
132091, 1456
132146, 1457
132194, 1458
132304, 1459
132337, 1460
132407, 1461
132489, 1462
132539, 1463
132589, 1464
132697, 1465
132742, 1466
132855, 1467
132971, 1468
133019, 1469
133068, 1470
133172, 1471
133222, 1472
133329, 1473
133386, 1474
133494, 1475
133633, 1476
133688, 1477
133762, 1478
133858, 1479
133924, 1480
134011, 1481
134062, 1482
134177, 1483
134248, 1484
134332, 1485
134389, 1486
