84712, 1
84777, 2
84829, 3
84874, 4
84921, 5
84967, 6
84997, 7
85037, 8
85064, 9
85095, 10
85136, 11
85173, 12
85205, 13
85232, 14
85273, 15
85332, 16
85366, 17
85409, 18
85446, 19
85474, 20
85500, 21
85556, 22
85581, 23
85608, 24
85647, 25
85672, 26
85710, 27
85753, 28
85781, 29
85806, 30
85850, 31
85877, 32
85903, 33
85962, 34
86009, 35
86037, 36
86064, 37
86103, 38
86128, 39
86169, 40
86197, 41
86227, 42
86264, 43
86302, 44
86344, 45
86375, 46
86403, 47
86441, 48
86469, 49
86495, 50
86546, 51
86579, 52
86609, 53
86647, 54
86709, 55
86747, 56
86779, 57
86801, 58
86854, 59
86878, 60
86905, 61
86947, 62
86974, 63
87014, 64
87039, 65
87078, 66
87106, 67
87148, 68
87177, 69
87205, 70
87251, 71
87276, 72
87319, 73
87352, 74
87395, 75
87421, 76
87451, 77
87490, 78
87516, 79
87551, 80
87591, 81
87621, 82
87648, 83
87693, 84
87720, 85
87759, 86
87787, 87
87829, 88
87862, 89
87903, 90
87941, 91
87980, 92
88004, 93
88042, 94
88101, 95
88122, 96
88149, 97
88181, 98
88228, 99
88254, 100
88281, 101
88319, 102
88360, 103
88388, 104
88414, 105
88455, 106
88482, 107
88524, 108
88552, 109
88586, 110
88628, 111
88652, 112
88714, 113
88777, 114
88809, 115
88840, 116
88873, 117
88905, 118
88930, 119
88975, 120
89005, 121
89036, 122
89064, 123
89105, 124
89145, 125
89174, 126
89201, 127
89244, 128
89277, 129
89304, 130
89332, 131
89385, 132
89414, 133
89462, 134
89491, 135
89518, 136
89558, 137
89584, 138
89623, 139
89664, 140
89692, 141
89723, 142
89747, 143
89802, 144
89828, 145
89856, 146
89887, 147
89923, 148
89964, 149
89997, 150
90033, 151
90061, 152
90101, 153
90166, 154
90186, 155
90228, 156
90267, 157
90292, 158
90337, 159
90376, 160
90401, 161
90440, 162
90470, 163
90506, 164
90531, 165
90570, 166
90596, 167
90637, 168
90663, 169
90706, 170
90736, 171
90761, 172
90824, 173
90855, 174
90882, 175
90910, 176
90942, 177
90980, 178
91007, 179
91052, 180
91079, 181
91105, 182
91156, 183
91180, 184
91219, 185
91249, 186
91281, 187
91306, 188
91359, 189
91384, 190
91415, 191
91464, 192
91493, 193
91518, 194
91569, 195
91597, 196
91624, 197
91668, 198
91692, 199
91735, 200
91760, 201
91792, 202
91832, 203
91855, 204
91898, 205
91924, 206
91971, 207
91996, 208
92039, 209
92062, 210
92121, 211
92143, 212
92180, 213
92208, 214
92236, 215
92280, 216
92313, 217
92343, 218
92370, 219
92411, 220
92440, 221
92468, 222
92507, 223
92551, 224
92574, 225
92603, 226
92649, 227
92692, 228
92714, 229
92758, 230
92785, 231
92813, 232
92852, 233
92894, 234
92918, 235
92941, 236
92994, 237
93016, 238
93058, 239
93086, 240
93118, 241
93151, 242
93181, 243
93225, 244
93260, 245
93286, 246
93327, 247
93376, 248
93410, 249
93436, 250
93464, 251
93505, 252
93531, 253
93563, 254
93612, 255
93640, 256
93678, 257
93704, 258
93730, 259
93772, 260
93799, 261
93830, 262
93856, 263
93906, 264
93931, 265
93977, 266
94011, 267
94040, 268
94069, 269
94105, 270
94137, 271
94167, 272
94215, 273
94238, 274
94277, 275
94302, 276
94344, 277
94371, 278
94415, 279
94445, 280
94474, 281
94505, 282
94546, 283
94573, 284
94648, 285
94676, 286
94702, 287
94747, 288
94774, 289
94802, 290
94831, 291
94870, 292
94899, 293
94934, 294
94961, 295
95006, 296
95030, 297
95071, 298
95096, 299
95145, 300
95170, 301
95197, 302
95256, 303
95282, 304
95314, 305
95352, 306
95380, 307
95403, 308
95452, 309
95480, 310
95508, 311
95550, 312
95579, 313
95606, 314
95648, 315
95683, 316
95718, 317
95749, 318
95802, 319
95823, 320
95876, 321
95906, 322
95929, 323
95972, 324
96000, 325
96033, 326
96060, 327
96101, 328
96123, 329
96179, 330
96204, 331
96231, 332
96278, 333
96323, 334
96351, 335
96381, 336
96417, 337
96449, 338
96486, 339
96512, 340
96567, 341
96595, 342
96635, 343
96664, 344
96689, 345
96731, 346
96758, 347
96786, 348
96841, 349
96868, 350
96897, 351
96927, 352
96967, 353
97000, 354
97032, 355
97060, 356
97109, 357
97138, 358
97166, 359
97194, 360
97235, 361
97261, 362
97308, 363
97357, 364
97381, 365
97411, 366
97452, 367
97478, 368
97515, 369
97554, 370
97582, 371
97609, 372
97648, 373
97687, 374
97717, 375
97743, 376
97788, 377
97815, 378
97870, 379
97898, 380
97929, 381
97962, 382
97988, 383
98029, 384
98054, 385
98096, 386
98123, 387
98150, 388
98201, 389
98229, 390
98258, 391
98286, 392
98326, 393
98365, 394
98429, 395
98460, 396
98487, 397
98526, 398
98555, 399
98591, 400
98621, 401
98651, 402
98702, 403
98731, 404
98755, 405
98796, 406
98821, 407
98869, 408
98916, 409
98942, 410
98967, 411
99009, 412
99039, 413
99065, 414
99105, 415
99147, 416
99174, 417
99206, 418
99232, 419
99285, 420
99312, 421
99360, 422
99391, 423
99418, 424
99442, 425
99484, 426
99525, 427
99550, 428
99592, 429
99620, 430
99649, 431
99679, 432
99730, 433
99762, 434
99787, 435
99814, 436
99865, 437
99890, 438
99916, 439
99959, 440
99983, 441
100023, 442
100054, 443
100084, 444
100129, 445
100159, 446
100192, 447
100224, 448
100248, 449
100302, 450
100346, 451
100370, 452
100413, 453
100457, 454
100491, 455
100515, 456
100554, 457
100581, 458
100623, 459
100649, 460
100676, 461
100721, 462
100758, 463
100789, 464
100843, 465
100863, 466
100917, 467
100942, 468
100967, 469
101009, 470
101037, 471
101064, 472
101106, 473
101135, 474
101161, 475
101204, 476
101228, 477
101285, 478
101311, 479
101341, 480
101379, 481
101404, 482
101455, 483
101484, 484
101513, 485
101537, 486
101590, 487
101624, 488
101657, 489
101683, 490
101708, 491
101759, 492
101784, 493
101815, 494
101855, 495
101884, 496
101931, 497
101971, 498
101999, 499
102038, 500
102068, 501
102106, 502
102142, 503
102172, 504
102212, 505
102238, 506
102261, 507
102320, 508
102374, 509
102407, 510
102434, 511
102459, 512
102499, 513
102529, 514
102552, 515
102610, 516
102646, 517
102670, 518
102704, 519
102725, 520
102777, 521
102827, 522
102847, 523
102884, 524
102913, 525
102939, 526
102991, 527
103018, 528
103048, 529
103075, 530
103114, 531
103153, 532
103179, 533
103220, 534
103245, 535
103289, 536
103332, 537
103364, 538
103395, 539
103433, 540
103461, 541
103502, 542
103526, 543
103554, 544
103606, 545
103632, 546
103666, 547
103689, 548
103734, 549
103774, 550
103807, 551
103834, 552
103882, 553
103916, 554
103943, 555
103977, 556
104004, 557
104046, 558
104074, 559
104102, 560
104145, 561
104172, 562
104232, 563
104266, 564
104290, 565
104316, 566
104358, 567
104384, 568
104426, 569
104451, 570
104491, 571
104522, 572
104559, 573
104606, 574
104640, 575
104708, 576
104737, 577
104776, 578
104810, 579
104867, 580
104894, 581
104921, 582
104969, 583
105004, 584
105044, 585
105077, 586
105115, 587
105155, 588
105181, 589
105206, 590
105249, 591
105276, 592
105314, 593
105342, 594
105370, 595
105421, 596
105453, 597
105477, 598
105519, 599
105552, 600
105572, 601
105624, 602
105651, 603
105683, 604
105715, 605
105747, 606
105777, 607
105802, 608
105855, 609
105888, 610
105941, 611
105978, 612
106014, 613
106040, 614
106072, 615
106110, 616
106142, 617
106173, 618
106206, 619
106237, 620
106277, 621
106305, 622
106355, 623
106382, 624
106429, 625
106464, 626
106496, 627
106528, 628
106553, 629
106598, 630
106625, 631
106663, 632
106689, 633
106742, 634
106769, 635
106798, 636
106831, 637
106863, 638
106894, 639
106934, 640
106971, 641
106997, 642
107047, 643
107078, 644
107109, 645
107155, 646
107190, 647
107223, 648
107254, 649
107299, 650
107326, 651
107355, 652
107397, 653
107424, 654
107476, 655
107533, 656
107561, 657
107598, 658
107624, 659
107656, 660
107687, 661
107721, 662
107753, 663
107789, 664
107824, 665
107869, 666
107913, 667
107950, 668
107982, 669
108021, 670
108057, 671
108092, 672
108119, 673
108158, 674
108184, 675
108224, 676
108276, 677
108301, 678
108331, 679
108367, 680
108396, 681
108422, 682
108466, 683
108502, 684
108527, 685
108579, 686
108625, 687
108655, 688
108686, 689
108710, 690
108751, 691
108778, 692
108825, 693
108859, 694
108901, 695
108936, 696
108963, 697
109014, 698
109045, 699
109082, 700
109118, 701
109147, 702
109171, 703
109214, 704
109239, 705
109280, 706
109305, 707
109374, 708
109397, 709
109426, 710
109456, 711
109501, 712
109528, 713
109558, 714
109596, 715
109621, 716
109665, 717
109700, 718
109760, 719
109794, 720
109823, 721
109856, 722
109895, 723
109929, 724
109968, 725
110003, 726
110037, 727
110075, 728
110107, 729
110188, 730
110226, 731
110260, 732
110291, 733
110331, 734
110356, 735
110396, 736
110423, 737
110465, 738
110511, 739
110549, 740
110586, 741
110613, 742
110651, 743
110681, 744
110705, 745
110755, 746
110782, 747
110809, 748
110878, 749
110911, 750
110952, 751
110980, 752
111015, 753
111039, 754
111076, 755
111105, 756
111130, 757
111187, 758
111225, 759
111258, 760
111296, 761
111326, 762
111365, 763
111393, 764
111435, 765
111472, 766
111512, 767
111553, 768
111579, 769
111605, 770
111658, 771
111688, 772
111724, 773
111754, 774
111796, 775
111827, 776
111865, 777
111924, 778
111956, 779
111984, 780
112034, 781
112063, 782
112088, 783
112128, 784
112154, 785
112195, 786
112236, 787
112273, 788
112298, 789
112335, 790
112368, 791
112403, 792
112430, 793
112480, 794
112508, 795
112548, 796
112601, 797
112628, 798
112678, 799
112712, 800
112737, 801
112778, 802
112805, 803
112838, 804
112882, 805
112907, 806
112968, 807
113003, 808
113036, 809
113073, 810
113108, 811
113133, 812
113162, 813
113212, 814
113239, 815
113283, 816
113310, 817
113338, 818
113371, 819
113405, 820
113440, 821
113481, 822
113526, 823
113575, 824
113603, 825
113648, 826
113691, 827
113722, 828
113746, 829
113788, 830
113813, 831
113854, 832
113882, 833
113935, 834
113960, 835
113986, 836
114016, 837
114060, 838
114083, 839
114128, 840
114170, 841
114193, 842
114220, 843
114277, 844
114300, 845
114325, 846
114367, 847
114391, 848
114439, 849
114469, 850
114518, 851
114548, 852
114584, 853
114616, 854
114652, 855
114684, 856
114721, 857
114755, 858
114781, 859
114856, 860
114887, 861
114925, 862
114952, 863
114986, 864
115024, 865
115057, 866
115089, 867
115142, 868
115179, 869
115203, 870
115226, 871
115287, 872
115320, 873
115350, 874
115385, 875
115427, 876
115456, 877
115482, 878
115535, 879
115566, 880
115599, 881
115625, 882
115651, 883
115720, 884
115743, 885
115777, 886
115809, 887
115835, 888
115879, 889
115904, 890
115932, 891
115988, 892
116015, 893
116048, 894
116072, 895
116124, 896
116152, 897
116179, 898
116219, 899
116257, 900
116308, 901
116336, 902
116364, 903
116392, 904
116433, 905
116460, 906
116511, 907
116537, 908
116600, 909
116633, 910
116673, 911
116699, 912
116754, 913
116783, 914
116820, 915
116853, 916
116905, 917
116932, 918
116960, 919
116996, 920
117027, 921
117059, 922
117085, 923
117142, 924
117188, 925
117224, 926
117251, 927
117278, 928
117307, 929
117362, 930
117395, 931
117441, 932
117466, 933
117492, 934
117518, 935
117570, 936
117595, 937
117621, 938
117663, 939
117706, 940
117739, 941
117780, 942
117808, 943
117845, 944
117868, 945
117913, 946
117947, 947
117975, 948
118035, 949
118058, 950
118085, 951
118126, 952
118157, 953
118195, 954
118222, 955
118293, 956
118332, 957
118362, 958
118398, 959
118425, 960
118475, 961
118504, 962
118547, 963
118571, 964
118613, 965
118645, 966
118684, 967
118721, 968
118758, 969
118798, 970
118837, 971
118865, 972
118914, 973
118938, 974
118966, 975
119006, 976
119048, 977
119077, 978
119118, 979
119157, 980
119192, 981
119217, 982
119255, 983
119292, 984
119336, 985
119360, 986
119404, 987
119434, 988
119503, 989
119543, 990
119578, 991
119602, 992
119644, 993
119675, 994
119732, 995
119766, 996
119790, 997
119843, 998
119882, 999
119913, 1000
119968, 1001
119997, 1002
120024, 1003
120049, 1004
120100, 1005
120126, 1006
120152, 1007
120206, 1008
120237, 1009
120267, 1010
120299, 1011
120325, 1012
120354, 1013
120438, 1014
120469, 1015
120496, 1016
120537, 1017
120563, 1018
120606, 1019
120652, 1020
120680, 1021
120721, 1022
120749, 1023
120793, 1024
120819, 1025
120874, 1026
120902, 1027
120942, 1028
120969, 1029
121003, 1030
121033, 1031
121071, 1032
121096, 1033
121138, 1034
121165, 1035
121203, 1036
121248, 1037
121288, 1038
121321, 1039
121352, 1040
121383, 1041
121416, 1042
121451, 1043
121506, 1044
121530, 1045
121588, 1046
121622, 1047
121655, 1048
121691, 1049
121741, 1050
121774, 1051
121808, 1052
121835, 1053
121865, 1054
121895, 1055
121967, 1056
122004, 1057
122048, 1058
122072, 1059
122099, 1060
122128, 1061
122184, 1062
122221, 1063
122248, 1064
122280, 1065
122315, 1066
122358, 1067
122406, 1068
122432, 1069
122471, 1070
122498, 1071
122552, 1072
122588, 1073
122643, 1074
122681, 1075
122718, 1076
122750, 1077
122786, 1078
122812, 1079
122857, 1080
122887, 1081
122915, 1082
122969, 1083
123003, 1084
123030, 1085
123060, 1086
123097, 1087
123126, 1088
123170, 1089
123206, 1090
123231, 1091
123285, 1092
123321, 1093
123349, 1094
123374, 1095
123415, 1096
123444, 1097
123472, 1098
123531, 1099
123569, 1100
123599, 1101
123639, 1102
123669, 1103
123706, 1104
123772, 1105
123806, 1106
123835, 1107
123861, 1108
123914, 1109
123957, 1110
124000, 1111
124035, 1112
124064, 1113
124100, 1114
124127, 1115
124164, 1116
124197, 1117
124247, 1118
124270, 1119
124311, 1120
124410, 1121
124432, 1122
124459, 1123
124511, 1124
124541, 1125
124593, 1126
124626, 1127
124655, 1128
124692, 1129
124718, 1130
124745, 1131
124827, 1132
124859, 1133
124891, 1134
124920, 1135
124961, 1136
124996, 1137
125036, 1138
125061, 1139
125099, 1140
125134, 1141
125165, 1142
125223, 1143
125261, 1144
125297, 1145
125333, 1146
125361, 1147
125403, 1148
125432, 1149
125471, 1150
125500, 1151
125527, 1152
125579, 1153
125613, 1154
125650, 1155
125708, 1156
125743, 1157
125769, 1158
125793, 1159
125837, 1160
125860, 1161
125917, 1162
125952, 1163
125984, 1164
126013, 1165
126048, 1166
126084, 1167
126157, 1168
126187, 1169
126223, 1170
126248, 1171
126293, 1172
126330, 1173
126362, 1174
126402, 1175
126440, 1176
126467, 1177
126496, 1178
126542, 1179
126587, 1180
126613, 1181
126652, 1182
126683, 1183
126721, 1184
126747, 1185
126807, 1186
126844, 1187
126881, 1188
126908, 1189
126934, 1190
126974, 1191
127018, 1192
127055, 1193
127094, 1194
127127, 1195
127156, 1196
127191, 1197
127232, 1198
127266, 1199
127291, 1200
127344, 1201
127368, 1202
127409, 1203
127442, 1204
127510, 1205
127537, 1206
127578, 1207
127602, 1208
127642, 1209
127672, 1210
127714, 1211
127746, 1212
127776, 1213
127816, 1214
127841, 1215
127888, 1216
127933, 1217
127970, 1218
128000, 1219
128024, 1220
128074, 1221
128120, 1222
128157, 1223
128198, 1224
128233, 1225
128262, 1226
128304, 1227
128332, 1228
128358, 1229
128409, 1230
128432, 1231
128477, 1232
128508, 1233
128574, 1234
128609, 1235
128648, 1236
128687, 1237
128727, 1238
128779, 1239
128803, 1240
128832, 1241
128882, 1242
128914, 1243
128945, 1244
128991, 1245
129018, 1246
129053, 1247
129083, 1248
129112, 1249
129155, 1250
129181, 1251
129240, 1252
129279, 1253
129309, 1254
129359, 1255
129398, 1256
129426, 1257
129461, 1258
129487, 1259
129515, 1260
129589, 1261
129619, 1262
129646, 1263
129680, 1264
129721, 1265
129771, 1266
129809, 1267
129836, 1268
129863, 1269
129901, 1270
129943, 1271
129970, 1272
130019, 1273
130052, 1274
130081, 1275
130126, 1276
130165, 1277
130194, 1278
130220, 1279
130272, 1280
130313, 1281
130348, 1282
130377, 1283
130405, 1284
130441, 1285
130467, 1286
130550, 1287
130583, 1288
130608, 1289
130637, 1290
130666, 1291
130708, 1292
130734, 1293
130761, 1294
130807, 1295
130856, 1296
130885, 1297
130923, 1298
130953, 1299
130988, 1300
131027, 1301
131057, 1302
131092, 1303
131121, 1304
131161, 1305
131188, 1306
131241, 1307
131263, 1308
131290, 1309
131323, 1310
131379, 1311
131410, 1312
131462, 1313
131487, 1314
131515, 1315
131554, 1316
131616, 1317
131642, 1318
131683, 1319
131723, 1320
131778, 1321
131817, 1322
131843, 1323
131881, 1324
131925, 1325
131957, 1326
131983, 1327
132037, 1328
132082, 1329
132117, 1330
132144, 1331
132173, 1332
132209, 1333
132274, 1334
132330, 1335
132359, 1336
132395, 1337
132426, 1338
132462, 1339
132500, 1340
132540, 1341
132569, 1342
132621, 1343
132662, 1344
132692, 1345
132730, 1346
132808, 1347
132843, 1348
132875, 1349
132919, 1350
132952, 1351
132976, 1352
133039, 1353
133089, 1354
133124, 1355
133152, 1356
133195, 1357
133235, 1358
133270, 1359
133303, 1360
133339, 1361
133390, 1362
133442, 1363
133473, 1364
133495, 1365
133543, 1366
133579, 1367
133621, 1368
133648, 1369
133676, 1370
133732, 1371
133768, 1372
133793, 1373
133834, 1374
133873, 1375
133915, 1376
133943, 1377
134002, 1378
134036, 1379
134076, 1380
134101, 1381
134129, 1382
134202, 1383
134232, 1384
134262, 1385
134301, 1386
134343, 1387
134368, 1388
134420, 1389
134457, 1390
134494, 1391
134522, 1392
134548, 1393
134590, 1394
134640, 1395
134670, 1396
134710, 1397
134754, 1398
134795, 1399
134823, 1400
134861, 1401
134904, 1402
134976, 1403
135009, 1404
135037, 1405
135104, 1406
135140, 1407
135187, 1408
135238, 1409
135274, 1410
135316, 1411
135369, 1412
135409, 1413
135449, 1414
135500, 1415
135535, 1416
135563, 1417
135612, 1418
135644, 1419
135678, 1420
135720, 1421
135745, 1422
135824, 1423
135850, 1424
135884, 1425
135911, 1426
135953, 1427
135986, 1428
136021, 1429
136072, 1430
136108, 1431
136137, 1432
136203, 1433
136236, 1434
136267, 1435
136316, 1436
136347, 1437
136377, 1438
136422, 1439
136471, 1440
136505, 1441
136555, 1442
136585, 1443
136609, 1444
136670, 1445
136705, 1446
136743, 1447
136776, 1448
136822, 1449
136851, 1450
136905, 1451
136941, 1452
136979, 1453
137037, 1454
137067, 1455
137104, 1456
137157, 1457
137189, 1458
137236, 1459
137268, 1460
137294, 1461
137338, 1462
137384, 1463
137411, 1464
137440, 1465
137494, 1466
137522, 1467
137589, 1468
137629, 1469
137676, 1470
137701, 1471
137730, 1472
137780, 1473
137808, 1474
137858, 1475
137899, 1476
137928, 1477
138026, 1478
138072, 1479
138114, 1480
138162, 1481
138192, 1482
138233, 1483
138257, 1484
138309, 1485
138347, 1486
138374, 1487
138402, 1488
138443, 1489
138471, 1490
138547, 1491
138577, 1492
138625, 1493
138656, 1494
138700, 1495
138727, 1496
138762, 1497
138818, 1498
138844, 1499
138872, 1500
138909, 1501
138965, 1502
139034, 1503
139076, 1504
139124, 1505
139155, 1506
139209, 1507
139240, 1508
139279, 1509
139306, 1510
139331, 1511
139401, 1512
139429, 1513
139497, 1514
139529, 1515
139580, 1516
139614, 1517
139655, 1518
139691, 1519
139719, 1520
139758, 1521
139787, 1522
139832, 1523
139858, 1524
139920, 1525
139979, 1526
140018, 1527
140049, 1528
140076, 1529
140130, 1530
140157, 1531
140197, 1532
140241, 1533
140287, 1534
140315, 1535
140372, 1536
140398, 1537
140437, 1538
140464, 1539
140523, 1540
140560, 1541
140608, 1542
140641, 1543
140675, 1544
140708, 1545
140765, 1546
140816, 1547
140858, 1548
140930, 1549
141001, 1550
141026, 1551
141078, 1552
141106, 1553
141145, 1554
141170, 1555
141234, 1556
141261, 1557
141298, 1558
141336, 1559
141391, 1560
141415, 1561
141497, 1562
141536, 1563
141566, 1564
141612, 1565
141652, 1566
141684, 1567
141746, 1568
141777, 1569
141824, 1570
141876, 1571
141908, 1572
141967, 1573
141999, 1574
142043, 1575
142091, 1576
142139, 1577
142165, 1578
142215, 1579
142251, 1580
142317, 1581
142356, 1582
142405, 1583
142431, 1584
142470, 1585
142527, 1586
142580, 1587
142664, 1588
142711, 1589
142734, 1590
142771, 1591
142804, 1592
142845, 1593
142909, 1594
142950, 1595
142988, 1596
143047, 1597
143076, 1598
143127, 1599
143162, 1600
143215, 1601
143277, 1602
143314, 1603
143350, 1604
143391, 1605
143440, 1606
143480, 1607
143509, 1608
143545, 1609
143588, 1610
143643, 1611
143686, 1612
143753, 1613
143813, 1614
143864, 1615
143895, 1616
143936, 1617
143969, 1618
144042, 1619
144102, 1620
144147, 1621
144187, 1622
144251, 1623
144277, 1624
144319, 1625
144346, 1626
144391, 1627
144419, 1628
144458, 1629
144520, 1630
144561, 1631
144640, 1632
144682, 1633
144718, 1634
144756, 1635
144805, 1636
144834, 1637
144886, 1638
144945, 1639
145058, 1640
145100, 1641
145167, 1642
145199, 1643
145250, 1644
145309, 1645
145347, 1646
145399, 1647
145460, 1648
145504, 1649
145576, 1650
145620, 1651
145686, 1652
145734, 1653
145769, 1654
145809, 1655
145899, 1656
145948, 1657
146054, 1658
146086, 1659
146142, 1660
146205, 1661
146246, 1662
146285, 1663
146351, 1664
146426, 1665
146482, 1666
146562, 1667
146625, 1668
146669, 1669
146725, 1670
146824, 1671
146871, 1672
146936, 1673
147010, 1674
147101, 1675
147155, 1676
147228, 1677
147269, 1678
147332, 1679
147405, 1680
147487, 1681
147519, 1682
147574, 1683
147643, 1684
147731, 1685
147795, 1686
147834, 1687
147908, 1688
147981, 1689
148056, 1690
148108, 1691
148194, 1692
148295, 1693
148374, 1694
148439, 1695
148503, 1696
148572, 1697
148670, 1698
148751, 1699
148813, 1700
148893, 1701
148986, 1702
149087, 1703
149193, 1704
149251, 1705
149323, 1706
149396, 1707
149483, 1708
