71721, 1
71787, 2
71839, 3
71891, 4
71921, 5
71958, 6
71992, 7
72025, 8
72059, 9
72091, 10
72130, 11
72181, 12
72222, 13
72251, 14
72275, 15
72326, 16
72356, 17
72385, 18
72431, 19
72468, 20
72493, 21
72531, 22
72559, 23
72587, 24
72640, 25
72674, 26
72712, 27
72757, 28
72801, 29
72823, 30
72851, 31
72892, 32
72917, 33
72958, 34
72988, 35
73019, 36
73048, 37
73081, 38
73125, 39
73152, 40
73189, 41
73234, 42
73264, 43
73298, 44
73329, 45
73355, 46
73403, 47
73458, 48
73511, 49
73547, 50
73579, 51
73608, 52
73642, 53
73672, 54
73701, 55
73728, 56
73779, 57
73807, 58
73836, 59
73862, 60
73917, 61
73953, 62
73989, 63
74025, 64
74054, 65
74081, 66
74106, 67
74144, 68
74173, 69
74201, 70
74253, 71
74281, 72
74310, 73
74338, 74
74377, 75
74406, 76
74446, 77
74475, 78
74504, 79
74572, 80
74597, 81
74622, 82
74679, 83
74706, 84
74737, 85
74764, 86
74794, 87
74848, 88
74875, 89
74907, 90
74934, 91
74972, 92
74998, 93
75046, 94
75077, 95
75106, 96
75148, 97
75176, 98
75213, 99
75238, 100
75279, 101
75307, 102
75355, 103
75385, 104
75423, 105
75449, 106
75481, 107
75507, 108
75546, 109
75584, 110
75616, 111
75640, 112
75680, 113
75741, 114
75762, 115
75798, 116
75837, 117
75865, 118
75891, 119
75935, 120
75961, 121
75989, 122
76024, 123
76070, 124
76098, 125
76122, 126
76160, 127
76201, 128
76232, 129
76261, 130
76290, 131
76345, 132
76375, 133
76408, 134
76437, 135
76467, 136
76491, 137
76542, 138
76574, 139
76608, 140
76641, 141
76683, 142
76706, 143
76742, 144
76778, 145
76818, 146
76836, 147
76880, 148
76910, 149
76959, 150
76984, 151
77031, 152
77067, 153
77107, 154
77137, 155
77166, 156
77193, 157
77235, 158
77263, 159
77293, 160
77341, 161
77373, 162
77399, 163
77428, 164
77470, 165
77496, 166
77571, 167
77604, 168
77630, 169
77657, 170
77686, 171
77723, 172
77757, 173
77799, 174
77825, 175
77852, 176
77903, 177
77932, 178
77957, 179
77997, 180
78032, 181
78071, 182
78122, 183
78157, 184
78185, 185
78213, 186
78259, 187
78289, 188
78315, 189
78368, 190
78397, 191
78423, 192
78447, 193
78499, 194
78530, 195
78558, 196
78609, 197
78634, 198
78672, 199
78701, 200
78726, 201
78779, 202
78810, 203
78836, 204
78868, 205
78900, 206
78927, 207
78983, 208
79010, 209
79037, 210
79063, 211
79121, 212
79151, 213
79175, 214
79203, 215
79254, 216
79282, 217
79309, 218
79339, 219
79388, 220
79415, 221
79450, 222
79491, 223
79520, 224
79546, 225
79591, 226
79620, 227
79669, 228
79696, 229
79721, 230
79774, 231
79803, 232
79841, 233
79867, 234
79894, 235
79937, 236
79964, 237
79991, 238
80042, 239
80071, 240
80099, 241
80127, 242
80185, 243
80215, 244
80250, 245
80283, 246
80307, 247
80346, 248
80376, 249
80404, 250
80458, 251
80487, 252
80508, 253
80553, 254
80581, 255
80618, 256
80659, 257
80703, 258
80761, 259
80787, 260
80825, 261
80865, 262
80897, 263
80926, 264
80953, 265
81001, 266
81030, 267
81051, 268
81098, 269
81118, 270
81167, 271
81197, 272
81242, 273
81272, 274
81312, 275
81344, 276
81374, 277
81404, 278
81449, 279
81475, 280
81503, 281
81542, 282
81581, 283
81609, 284
81636, 285
81695, 286
81735, 287
81771, 288
81795, 289
81824, 290
81849, 291
81888, 292
81927, 293
81954, 294
81982, 295
82016, 296
82043, 297
82092, 298
82120, 299
82144, 300
82195, 301
82223, 302
82263, 303
82293, 304
82333, 305
82364, 306
82387, 307
82439, 308
82472, 309
82507, 310
82547, 311
82573, 312
82611, 313
82639, 314
82679, 315
82708, 316
82757, 317
82789, 318
82816, 319
82853, 320
82895, 321
82921, 322
82955, 323
82984, 324
83026, 325
83057, 326
83087, 327
83124, 328
83161, 329
83190, 330
83231, 331
83273, 332
83302, 333
83328, 334
83382, 335
83416, 336
83454, 337
83488, 338
83521, 339
83547, 340
83571, 341
83618, 342
83647, 343
83672, 344
83728, 345
83758, 346
83790, 347
83832, 348
83864, 349
83906, 350
83938, 351
83967, 352
83993, 353
84031, 354
84058, 355
84099, 356
84140, 357
84172, 358
84230, 359
84264, 360
84293, 361
84325, 362
84360, 363
84391, 364
84427, 365
84466, 366
84496, 367
84544, 368
84571, 369
84616, 370
84643, 371
84683, 372
84717, 373
84751, 374
84784, 375
84811, 376
84856, 377
84884, 378
84922, 379
84953, 380
84983, 381
85029, 382
85081, 383
85114, 384
85148, 385
85185, 386
85217, 387
85243, 388
85281, 389
85320, 390
85350, 391
85379, 392
85420, 393
85450, 394
85484, 395
85530, 396
85558, 397
85614, 398
85642, 399
85671, 400
85704, 401
85733, 402
85786, 403
85818, 404
85852, 405
85880, 406
85928, 407
85962, 408
85992, 409
86025, 410
86060, 411
86086, 412
86137, 413
86166, 414
86207, 415
86232, 416
86282, 417
86322, 418
86350, 419
86389, 420
86421, 421
86458, 422
86486, 423
86519, 424
86547, 425
86587, 426
86622, 427
86656, 428
86697, 429
86759, 430
86790, 431
86826, 432
86854, 433
86884, 434
86936, 435
86965, 436
86997, 437
87030, 438
87061, 439
87108, 440
87141, 441
87175, 442
87201, 443
87251, 444
87278, 445
87303, 446
87341, 447
87383, 448
87411, 449
87442, 450
87483, 451
87536, 452
87563, 453
87613, 454
87641, 455
87676, 456
87704, 457
87731, 458
87771, 459
87799, 460
87841, 461
87873, 462
87927, 463
87952, 464
88001, 465
88031, 466
88067, 467
88099, 468
88144, 469
88176, 470
88198, 471
88236, 472
88270, 473
88304, 474
88343, 475
88389, 476
88427, 477
88463, 478
88495, 479
88527, 480
88554, 481
88582, 482
88636, 483
88661, 484
88694, 485
88744, 486
88788, 487
88812, 488
88867, 489
88896, 490
88927, 491
88956, 492
88991, 493
89021, 494
89046, 495
89097, 496
89172, 497
89207, 498
89243, 499
89276, 500
89309, 501
89334, 502
89360, 503
89402, 504
89441, 505
89469, 506
89500, 507
89539, 508
89569, 509
89609, 510
89641, 511
89674, 512
89724, 513
89751, 514
89777, 515
89817, 516
89844, 517
89877, 518
89924, 519
89973, 520
90001, 521
90033, 522
90058, 523
90094, 524
90123, 525
90165, 526
90192, 527
90231, 528
90278, 529
90320, 530
90359, 531
90385, 532
90409, 533
90464, 534
90488, 535
90524, 536
90553, 537
90584, 538
90634, 539
90662, 540
90700, 541
90736, 542
90778, 543
90819, 544
90847, 545
90875, 546
90915, 547
90943, 548
90971, 549
91035, 550
91066, 551
91102, 552
91136, 553
91170, 554
91202, 555
91236, 556
91264, 557
91299, 558
91338, 559
91368, 560
91426, 561
91458, 562
91497, 563
91533, 564
91560, 565
91590, 566
91638, 567
91672, 568
91707, 569
91746, 570
91774, 571
91810, 572
91846, 573
91881, 574
91911, 575
91954, 576
91989, 577
92021, 578
92077, 579
92115, 580
92146, 581
92168, 582
92224, 583
92255, 584
92291, 585
92322, 586
92349, 587
92397, 588
92439, 589
92477, 590
92501, 591
92532, 592
92561, 593
92609, 594
92636, 595
92665, 596
92694, 597
92740, 598
92781, 599
92817, 600
92845, 601
92876, 602
92921, 603
92951, 604
92979, 605
93018, 606
93047, 607
93093, 608
93128, 609
93157, 610
93193, 611
93228, 612
93261, 613
93300, 614
93330, 615
93359, 616
93422, 617
93451, 618
93481, 619
93520, 620
93556, 621
93594, 622
93626, 623
93657, 624
93694, 625
93758, 626
93784, 627
93827, 628
93861, 629
93897, 630
93942, 631
93980, 632
94027, 633
94054, 634
94082, 635
94113, 636
94148, 637
94201, 638
94230, 639
94266, 640
94295, 641
94335, 642
94372, 643
94402, 644
94432, 645
94468, 646
94498, 647
94553, 648
94585, 649
94623, 650
94652, 651
94680, 652
94706, 653
94752, 654
94783, 655
94817, 656
94848, 657
94890, 658
94932, 659
94962, 660
95003, 661
95030, 662
95071, 663
95095, 664
95134, 665
95175, 666
95206, 667
95251, 668
95286, 669
95316, 670
95348, 671
95382, 672
95427, 673
95462, 674
95488, 675
95554, 676
95582, 677
95609, 678
95637, 679
95680, 680
95710, 681
95745, 682
95782, 683
95824, 684
95889, 685
95921, 686
95954, 687
95985, 688
96018, 689
96059, 690
96094, 691
96124, 692
96169, 693
96204, 694
96230, 695
96268, 696
96296, 697
96348, 698
96378, 699
96408, 700
96458, 701
96494, 702
96520, 703
96560, 704
96587, 705
96626, 706
96652, 707
96684, 708
96748, 709
96775, 710
96800, 711
96855, 712
96890, 713
96931, 714
96958, 715
96989, 716
97033, 717
97061, 718
97088, 719
97117, 720
97169, 721
97198, 722
97230, 723
97265, 724
97310, 725
97351, 726
97383, 727
97410, 728
97439, 729
97490, 730
97523, 731
97564, 732
97628, 733
97657, 734
97696, 735
97724, 736
97762, 737
97794, 738
97832, 739
97872, 740
97908, 741
97933, 742
97965, 743
98000, 744
98034, 745
98069, 746
98112, 747
98142, 748
98176, 749
98216, 750
98251, 751
98278, 752
98325, 753
98372, 754
98408, 755
98432, 756
98472, 757
98500, 758
98548, 759
98581, 760
98620, 761
98669, 762
98697, 763
98724, 764
98746, 765
98798, 766
98829, 767
98868, 768
98924, 769
98952, 770
98988, 771
99020, 772
99052, 773
99080, 774
99131, 775
99191, 776
99221, 777
99258, 778
99293, 779
99327, 780
99361, 781
99407, 782
99438, 783
99466, 784
99504, 785
99533, 786
99557, 787
99608, 788
99637, 789
99680, 790
99720, 791
99756, 792
99787, 793
99827, 794
99865, 795
99907, 796
99940, 797
99968, 798
100009, 799
100037, 800
100076, 801
100106, 802
100137, 803
100181, 804
100215, 805
100249, 806
100283, 807
100314, 808
100351, 809
100415, 810
100446, 811
100478, 812
100504, 813
100529, 814
100579, 815
100608, 816
100672, 817
100710, 818
100749, 819
100780, 820
100805, 821
100857, 822
100890, 823
100928, 824
100963, 825
100994, 826
101045, 827
101080, 828
101111, 829
101153, 830
101179, 831
101221, 832
101248, 833
101291, 834
101325, 835
101368, 836
101395, 837
101429, 838
101468, 839
101507, 840
101537, 841
101576, 842
101618, 843
101656, 844
101685, 845
101720, 846
101746, 847
101794, 848
101823, 849
101866, 850
101893, 851
101936, 852
101974, 853
102006, 854
102049, 855
102105, 856
102140, 857
102168, 858
102194, 859
102247, 860
102275, 861
102315, 862
102353, 863
102389, 864
102416, 865
102448, 866
102482, 867
102526, 868
102561, 869
102588, 870
102639, 871
102669, 872
102697, 873
102756, 874
102790, 875
102816, 876
102846, 877
102872, 878
102906, 879
102961, 880
102989, 881
103018, 882
103046, 883
103083, 884
103124, 885
103167, 886
103195, 887
103231, 888
103262, 889
103295, 890
103321, 891
103375, 892
103429, 893
103457, 894
103495, 895
103532, 896
103574, 897
103611, 898
103648, 899
103686, 900
103715, 901
103743, 902
103791, 903
103835, 904
103869, 905
103903, 906
103941, 907
103969, 908
104007, 909
104047, 910
104086, 911
104120, 912
104147, 913
104183, 914
104224, 915
104253, 916
104286, 917
104313, 918
104365, 919
104393, 920
104421, 921
104462, 922
104530, 923
104554, 924
104602, 925
104635, 926
104667, 927
104719, 928
104751, 929
104782, 930
104815, 931
104861, 932
104894, 933
104922, 934
104970, 935
105001, 936
105029, 937
105074, 938
105108, 939
105139, 940
105176, 941
105213, 942
105253, 943
105281, 944
105335, 945
105364, 946
105397, 947
105424, 948
105485, 949
105520, 950
105568, 951
105598, 952
105650, 953
105678, 954
105724, 955
105755, 956
105779, 957
105842, 958
105874, 959
105901, 960
105938, 961
105967, 962
106015, 963
106046, 964
106074, 965
106109, 966
106150, 967
106191, 968
106219, 969
106274, 970
106310, 971
106338, 972
106405, 973
106430, 974
106460, 975
106495, 976
106527, 977
106573, 978
106605, 979
106658, 980
106693, 981
106719, 982
106759, 983
106790, 984
106826, 985
106853, 986
106881, 987
106938, 988
106972, 989
107006, 990
107041, 991
107072, 992
107105, 993
107130, 994
107171, 995
107200, 996
107228, 997
107307, 998
107333, 999
107384, 1000
107416, 1001
107450, 1002
107506, 1003
107533, 1004
107559, 1005
107593, 1006
107628, 1007
107674, 1008
107710, 1009
107751, 1010
107783, 1011
107835, 1012
107870, 1013
107898, 1014
107939, 1015
107965, 1016
108004, 1017
108027, 1018
108082, 1019
108120, 1020
108165, 1021
108191, 1022
108220, 1023
108252, 1024
108284, 1025
108361, 1026
108396, 1027
108429, 1028
108472, 1029
108525, 1030
108559, 1031
108588, 1032
108641, 1033
108683, 1034
108712, 1035
108753, 1036
108790, 1037
108819, 1038
108864, 1039
108894, 1040
108924, 1041
108965, 1042
109013, 1043
109044, 1044
109080, 1045
109110, 1046
109151, 1047
109212, 1048
109249, 1049
109277, 1050
109326, 1051
109361, 1052
109393, 1053
109426, 1054
109462, 1055
109509, 1056
109537, 1057
109570, 1058
109609, 1059
109655, 1060
109682, 1061
109736, 1062
109765, 1063
109811, 1064
109842, 1065
109870, 1066
109921, 1067
109948, 1068
109986, 1069
110016, 1070
110066, 1071
110117, 1072
110146, 1073
110175, 1074
110227, 1075
110274, 1076
110304, 1077
110344, 1078
110380, 1079
110437, 1080
110479, 1081
110511, 1082
110548, 1083
110576, 1084
110621, 1085
110648, 1086
110688, 1087
110729, 1088
110761, 1089
110797, 1090
110840, 1091
110880, 1092
110920, 1093
110969, 1094
111026, 1095
111079, 1096
111114, 1097
111154, 1098
111185, 1099
111211, 1100
111247, 1101
111302, 1102
111334, 1103
111369, 1104
111401, 1105
111450, 1106
111480, 1107
111508, 1108
111548, 1109
111582, 1110
111618, 1111
111648, 1112
111698, 1113
111733, 1114
111772, 1115
111845, 1116
111875, 1117
111910, 1118
111945, 1119
111990, 1120
112017, 1121
112055, 1122
112096, 1123
112125, 1124
112153, 1125
112204, 1126
112236, 1127
112277, 1128
112312, 1129
112357, 1130
112389, 1131
112418, 1132
112445, 1133
112515, 1134
112554, 1135
112589, 1136
112634, 1137
112668, 1138
112715, 1139
112743, 1140
112787, 1141
112818, 1142
112866, 1143
112902, 1144
112934, 1145
112975, 1146
113018, 1147
113052, 1148
113117, 1149
113147, 1150
113182, 1151
113236, 1152
113269, 1153
113305, 1154
113335, 1155
113373, 1156
113405, 1157
113468, 1158
113498, 1159
113531, 1160
113562, 1161
113599, 1162
113638, 1163
113708, 1164
113740, 1165
113772, 1166
113819, 1167
113851, 1168
113881, 1169
113945, 1170
113973, 1171
114000, 1172
114045, 1173
114070, 1174
114121, 1175
114183, 1176
114212, 1177
114239, 1178
114269, 1179
114308, 1180
114349, 1181
114387, 1182
114415, 1183
114444, 1184
114495, 1185
114532, 1186
114582, 1187
114620, 1188
114647, 1189
114675, 1190
114732, 1191
114756, 1192
114805, 1193
114845, 1194
114875, 1195
114921, 1196
114951, 1197
114986, 1198
115033, 1199
115072, 1200
115105, 1201
115166, 1202
115193, 1203
115240, 1204
115271, 1205
115305, 1206
115351, 1207
115385, 1208
115413, 1209
115455, 1210
115501, 1211
115549, 1212
115586, 1213
115627, 1214
115694, 1215
115732, 1216
115786, 1217
115821, 1218
115860, 1219
115909, 1220
115937, 1221
115979, 1222
116004, 1223
116035, 1224
116086, 1225
116121, 1226
116182, 1227
116220, 1228
116271, 1229
116303, 1230
116340, 1231
116380, 1232
116425, 1233
116452, 1234
116500, 1235
116532, 1236
116596, 1237
116625, 1238
116654, 1239
116719, 1240
116753, 1241
116792, 1242
116817, 1243
116858, 1244
116900, 1245
116943, 1246
116992, 1247
117022, 1248
117055, 1249
117105, 1250
117132, 1251
117201, 1252
117251, 1253
117291, 1254
117321, 1255
117360, 1256
117399, 1257
117442, 1258
117486, 1259
117534, 1260
117562, 1261
117605, 1262
117652, 1263
117688, 1264
117727, 1265
117761, 1266
117802, 1267
117847, 1268
117891, 1269
117919, 1270
117970, 1271
118008, 1272
118063, 1273
118133, 1274
118164, 1275
118207, 1276
118236, 1277
118271, 1278
118316, 1279
118380, 1280
118414, 1281
118461, 1282
118491, 1283
118540, 1284
118568, 1285
118602, 1286
118645, 1287
118678, 1288
118725, 1289
118767, 1290
118819, 1291
118863, 1292
118899, 1293
118936, 1294
118968, 1295
119025, 1296
119059, 1297
119133, 1298
119175, 1299
119210, 1300
119242, 1301
119288, 1302
119330, 1303
119375, 1304
119427, 1305
119477, 1306
119519, 1307
119556, 1308
119607, 1309
119636, 1310
119703, 1311
119743, 1312
119788, 1313
119815, 1314
119878, 1315
119925, 1316
119963, 1317
120011, 1318
120054, 1319
120101, 1320
120151, 1321
120175, 1322
120224, 1323
120247, 1324
120314, 1325
120356, 1326
120392, 1327
120439, 1328
120489, 1329
120603, 1330
120633, 1331
120690, 1332
120758, 1333
120804, 1334
120842, 1335
120891, 1336
120944, 1337
120973, 1338
121005, 1339
121042, 1340
121113, 1341
121140, 1342
121200, 1343
121253, 1344
121307, 1345
121385, 1346
121425, 1347
121458, 1348
121506, 1349
121565, 1350
121608, 1351
121642, 1352
121718, 1353
121768, 1354
121813, 1355
121848, 1356
121892, 1357
121945, 1358
122016, 1359
122051, 1360
122098, 1361
122172, 1362
122210, 1363
122247, 1364
122277, 1365
122325, 1366
122383, 1367
122422, 1368
122463, 1369
122528, 1370
122567, 1371
122635, 1372
122691, 1373
122729, 1374
122818, 1375
122857, 1376
122928, 1377
122985, 1378
123015, 1379
123054, 1380
123114, 1381
123148, 1382
123209, 1383
123276, 1384
123316, 1385
123353, 1386
123407, 1387
123468, 1388
123518, 1389
123548, 1390
123595, 1391
123648, 1392
123698, 1393
123748, 1394
123780, 1395
123837, 1396
123878, 1397
123904, 1398
123941, 1399
124018, 1400
124059, 1401
124136, 1402
124183, 1403
124250, 1404
124307, 1405
124355, 1406
124387, 1407
124430, 1408
124494, 1409
124532, 1410
124599, 1411
124671, 1412
124710, 1413
