86330, 1
86392, 2
86455, 3
86516, 4
86570, 5
86621, 6
86664, 7
86708, 8
86754, 9
86793, 10
86828, 11
86856, 12
86900, 13
86942, 14
86980, 15
87022, 16
87055, 17
87093, 18
87135, 19
87164, 20
87189, 21
87229, 22
87258, 23
87296, 24
87347, 25
87379, 26
87422, 27
87461, 28
87501, 29
87540, 30
87577, 31
87622, 32
87667, 33
87708, 34
87747, 35
87785, 36
87822, 37
87855, 38
87894, 39
87950, 40
87989, 41
88022, 42
88056, 43
88091, 44
88123, 45
88156, 46
88197, 47
88234, 48
88273, 49
88300, 50
88354, 51
88385, 52
88428, 53
88471, 54
88512, 55
88564, 56
88601, 57
88641, 58
88676, 59
88718, 60
88753, 61
88781, 62
88807, 63
88843, 64
88877, 65
88916, 66
88960, 67
88998, 68
89031, 69
89069, 70
89097, 71
89164, 72
89191, 73
89226, 74
89255, 75
89292, 76
89321, 77
89351, 78
89390, 79
89421, 80
89473, 81
89505, 82
89545, 83
89587, 84
89632, 85
89668, 86
89713, 87
89800, 88
89843, 89
89870, 90
89898, 91
89929, 92
89966, 93
90000, 94
90027, 95
90075, 96
90103, 97
90131, 98
90172, 99
90200, 100
90228, 101
90273, 102
90317, 103
90360, 104
90409, 105
90441, 106
90476, 107
90504, 108
90548, 109
90585, 110
90617, 111
90660, 112
90699, 113
90736, 114
90777, 115
90815, 116
90846, 117
90881, 118
90925, 119
90963, 120
91002, 121
91038, 122
91070, 123
91108, 124
91137, 125
91173, 126
91211, 127
91236, 128
91289, 129
91315, 130
91341, 131
91395, 132
91438, 133
91463, 134
91491, 135
91518, 136
91548, 137
91591, 138
91636, 139
91675, 140
91720, 141
91756, 142
91793, 143
91836, 144
91876, 145
91914, 146
91972, 147
92005, 148
92044, 149
92076, 150
92111, 151
92139, 152
92176, 153
92202, 154
92239, 155
92269, 156
92326, 157
92353, 158
92380, 159
92407, 160
92448, 161
92480, 162
92531, 163
92557, 164
92610, 165
92642, 166
92682, 167
92721, 168
92752, 169
92780, 170
92805, 171
92844, 172
92887, 173
92916, 174
92945, 175
92984, 176
93014, 177
93048, 178
93078, 179
93136, 180
93186, 181
93214, 182
93239, 183
93267, 184
93307, 185
93341, 186
93378, 187
93419, 188
93458, 189
93499, 190
93540, 191
93575, 192
93616, 193
93647, 194
93680, 195
93736, 196
93764, 197
93793, 198
93824, 199
93858, 200
93886, 201
93935, 202
93978, 203
94014, 204
94050, 205
94087, 206
94111, 207
94137, 208
94165, 209
94221, 210
94266, 211
94309, 212
94341, 213
94370, 214
94410, 215
94446, 216
94484, 217
94526, 218
94566, 219
94608, 220
94650, 221
94690, 222
94754, 223
94795, 224
94830, 225
94871, 226
94900, 227
94937, 228
94970, 229
95009, 230
95050, 231
95089, 232
95130, 233
95173, 234
95219, 235
95243, 236
95291, 237
95318, 238
95355, 239
95387, 240
95412, 241
95452, 242
95490, 243
95519, 244
95550, 245
95589, 246
95627, 247
95669, 248
95701, 249
95751, 250
95779, 251
95805, 252
95841, 253
95884, 254
95911, 255
95941, 256
95968, 257
96022, 258
96050, 259
96088, 260
96150, 261
96182, 262
96222, 263
96258, 264
96284, 265
96321, 266
96349, 267
96394, 268
96422, 269
96466, 270
96495, 271
96522, 272
96566, 273
96597, 274
96647, 275
96680, 276
96713, 277
96755, 278
96795, 279
96835, 280
96872, 281
96899, 282
96922, 283
96973, 284
97007, 285
97034, 286
97060, 287
97102, 288
97148, 289
97187, 290
97224, 291
97263, 292
97302, 293
97335, 294
97368, 295
97394, 296
97442, 297
97474, 298
97503, 299
97538, 300
97565, 301
97639, 302
97671, 303
97710, 304
97744, 305
97773, 306
97812, 307
97842, 308
97898, 309
97934, 310
97974, 311
98004, 312
98056, 313
98092, 314
98125, 315
98162, 316
98190, 317
98227, 318
98270, 319
98296, 320
98332, 321
98361, 322
98409, 323
98438, 324
98486, 325
98525, 326
98566, 327
98601, 328
98629, 329
98658, 330
98699, 331
98737, 332
98772, 333
98807, 334
98860, 335
98894, 336
98936, 337
98975, 338
99010, 339
99049, 340
99079, 341
99109, 342
99148, 343
99185, 344
99234, 345
99267, 346
99296, 347
99335, 348
99372, 349
99427, 350
99454, 351
99485, 352
99518, 353
99550, 354
99588, 355
99688, 356
99725, 357
99762, 358
99801, 359
99838, 360
99868, 361
99911, 362
99950, 363
99986, 364
100019, 365
100069, 366
100121, 367
100149, 368
100174, 369
100208, 370
100251, 371
100282, 372
100321, 373
100363, 374
100402, 375
100444, 376
100483, 377
100529, 378
100559, 379
100585, 380
100631, 381
100668, 382
100705, 383
100732, 384
100760, 385
100811, 386
100836, 387
100871, 388
100938, 389
100971, 390
101008, 391
101049, 392
101085, 393
101124, 394
101151, 395
101202, 396
101252, 397
101294, 398
101324, 399
101350, 400
101388, 401
101426, 402
101455, 403
101486, 404
101526, 405
101566, 406
101604, 407
101661, 408
101700, 409
101738, 410
101775, 411
101810, 412
101838, 413
101877, 414
101907, 415
101946, 416
101990, 417
102028, 418
102070, 419
102114, 420
102155, 421
102194, 422
102232, 423
102277, 424
102330, 425
102361, 426
102399, 427
102429, 428
102455, 429
102506, 430
102537, 431
102577, 432
102614, 433
102654, 434
102717, 435
102754, 436
102794, 437
102837, 438
102872, 439
102899, 440
102930, 441
102969, 442
103007, 443
103061, 444
103099, 445
103141, 446
103174, 447
103214, 448
103255, 449
103299, 450
103340, 451
103383, 452
103435, 453
103472, 454
103512, 455
103552, 456
103586, 457
103616, 458
103655, 459
103693, 460
103731, 461
103791, 462
103839, 463
103877, 464
103907, 465
103952, 466
103979, 467
104005, 468
104046, 469
104075, 470
104133, 471
104162, 472
104190, 473
104218, 474
104259, 475
104289, 476
104326, 477
104363, 478
104403, 479
104457, 480
104497, 481
104531, 482
104561, 483
104593, 484
104622, 485
104662, 486
104692, 487
104745, 488
104776, 489
104810, 490
104839, 491
104878, 492
104903, 493
104952, 494
104988, 495
105037, 496
105064, 497
105091, 498
105132, 499
105158, 500
105200, 501
105226, 502
105262, 503
105293, 504
105369, 505
105404, 506
105443, 507
105483, 508
105512, 509
105542, 510
105576, 511
105603, 512
105651, 513
105684, 514
105725, 515
105762, 516
105806, 517
105845, 518
105887, 519
105923, 520
105961, 521
106002, 522
106053, 523
106079, 524
106116, 525
106146, 526
106182, 527
106211, 528
106238, 529
106288, 530
106318, 531
106348, 532
106427, 533
106465, 534
106502, 535
106529, 536
106565, 537
106598, 538
106630, 539
106663, 540
106710, 541
106738, 542
106782, 543
106813, 544
106854, 545
106889, 546
106931, 547
106963, 548
107018, 549
107052, 550
107082, 551
107114, 552
107154, 553
107185, 554
107220, 555
107246, 556
107311, 557
107355, 558
107392, 559
107429, 560
107459, 561
107488, 562
107517, 563
107640, 564
107663, 565
107696, 566
107726, 567
107764, 568
107790, 569
107817, 570
107855, 571
107905, 572
107936, 573
107973, 574
108003, 575
108056, 576
108092, 577
108121, 578
108151, 579
108201, 580
108232, 581
108271, 582
108313, 583
108356, 584
108393, 585
108459, 586
108492, 587
108527, 588
108562, 589
108587, 590
108615, 591
108667, 592
108698, 593
108764, 594
108806, 595
108849, 596
108882, 597
108926, 598
108972, 599
108998, 600
109038, 601
109065, 602
109091, 603
109146, 604
109175, 605
109226, 606
109271, 607
109310, 608
109350, 609
109386, 610
109448, 611
109499, 612
109538, 613
109575, 614
109617, 615
109667, 616
109707, 617
109742, 618
109776, 619
109815, 620
109848, 621
109898, 622
109945, 623
109984, 624
110021, 625
110061, 626
110112, 627
110186, 628
110226, 629
110269, 630
110302, 631
110362, 632
110398, 633
110439, 634
110483, 635
110523, 636
110567, 637
110608, 638
110663, 639
110692, 640
110721, 641
110759, 642
110796, 643
110830, 644
110876, 645
110910, 646
110947, 647
110986, 648
111035, 649
111077, 650
111114, 651
111144, 652
111180, 653
111223, 654
111264, 655
111319, 656
111360, 657
111410, 658
111448, 659
111485, 660
111529, 661
111559, 662
111600, 663
111635, 664
111660, 665
111687, 666
111727, 667
111788, 668
111838, 669
111875, 670
111915, 671
111955, 672
112003, 673
112046, 674
112077, 675
112111, 676
112142, 677
112193, 678
112225, 679
112268, 680
112306, 681
112343, 682
112383, 683
112434, 684
112472, 685
112510, 686
112537, 687
112590, 688
112635, 689
112668, 690
112708, 691
112743, 692
112779, 693
112822, 694
112871, 695
112901, 696
112937, 697
112965, 698
113003, 699
113032, 700
113092, 701
113129, 702
113169, 703
113210, 704
113274, 705
113317, 706
113356, 707
113401, 708
113448, 709
113511, 710
113538, 711
113579, 712
113610, 713
113646, 714
113701, 715
113741, 716
113782, 717
113850, 718
113890, 719
113925, 720
113959, 721
113992, 722
114035, 723
114065, 724
114109, 725
114146, 726
114193, 727
114220, 728
114258, 729
114287, 730
114464, 731
114507, 732
114542, 733
114592, 734
114620, 735
114658, 736
114711, 737
114748, 738
114781, 739
114823, 740
114875, 741
114909, 742
114943, 743
114999, 744
115039, 745
115076, 746
115104, 747
115130, 748
115182, 749
115221, 750
115248, 751
115276, 752
115306, 753
115344, 754
115400, 755
115440, 756
115480, 757
115517, 758
115573, 759
115612, 760
115646, 761
115682, 762
115724, 763
115781, 764
115814, 765
115862, 766
115894, 767
115946, 768
115988, 769
116023, 770
116061, 771
116114, 772
116145, 773
116184, 774
116221, 775
116279, 776
116321, 777
116356, 778
116408, 779
116449, 780
116489, 781
116528, 782
116565, 783
116602, 784
116640, 785
116681, 786
116721, 787
116771, 788
116817, 789
116849, 790
116928, 791
116972, 792
117011, 793
117049, 794
117098, 795
117127, 796
117154, 797
117196, 798
117237, 799
117264, 800
117302, 801
117351, 802
117396, 803
117442, 804
117494, 805
117558, 806
117601, 807
117637, 808
117684, 809
117711, 810
117769, 811
117825, 812
117863, 813
117898, 814
117941, 815
118014, 816
118051, 817
118101, 818
118144, 819
118179, 820
118237, 821
118275, 822
118309, 823
118348, 824
118401, 825
118438, 826
118480, 827
118546, 828
118592, 829
118625, 830
118695, 831
118731, 832
118770, 833
118814, 834
118853, 835
118888, 836
118937, 837
118974, 838
119017, 839
119046, 840
119088, 841
119130, 842
119175, 843
119225, 844
119262, 845
119287, 846
119379, 847
119412, 848
119450, 849
119502, 850
119541, 851
119584, 852
119631, 853
119662, 854
119711, 855
119744, 856
119774, 857
119813, 858
119858, 859
119889, 860
119925, 861
119983, 862
120011, 863
120050, 864
120099, 865
120126, 866
120166, 867
120210, 868
120248, 869
120294, 870
120330, 871
120382, 872
120425, 873
120465, 874
120554, 875
120596, 876
120636, 877
120682, 878
120713, 879
120762, 880
120797, 881
120852, 882
120883, 883
120934, 884
120962, 885
121012, 886
121073, 887
121105, 888
121235, 889
121289, 890
121343, 891
121381, 892
121425, 893
121483, 894
121522, 895
121583, 896
121623, 897
121697, 898
121732, 899
121768, 900
121818, 901
121855, 902
121912, 903
121943, 904
122006, 905
122048, 906
122125, 907
122180, 908
122223, 909
122276, 910
122316, 911
122360, 912
122426, 913
122469, 914
122519, 915
122557, 916
122674, 917
122710, 918
122764, 919
122796, 920
122858, 921
122894, 922
122937, 923
122979, 924
123020, 925
123059, 926
123097, 927
123136, 928
123212, 929
123252, 930
123290, 931
123349, 932
123395, 933
123435, 934
123485, 935
123523, 936
123571, 937
123609, 938
123663, 939
123705, 940
123784, 941
123830, 942
123870, 943
123924, 944
123956, 945
124040, 946
124081, 947
124137, 948
124175, 949
124230, 950
124285, 951
124324, 952
124397, 953
124452, 954
124489, 955
124546, 956
124588, 957
124647, 958
124681, 959
124727, 960
124783, 961
124813, 962
124878, 963
124918, 964
124979, 965
125013, 966
125065, 967
125105, 968
125133, 969
125191, 970
125236, 971
125304, 972
125355, 973
125411, 974
125478, 975
125526, 976
125578, 977
125626, 978
125679, 979
125717, 980
125792, 981
125832, 982
125859, 983
125910, 984
125941, 985
125989, 986
126030, 987
126092, 988
126145, 989
126201, 990
126283, 991
126334, 992
126485, 993
126534, 994
126579, 995
126632, 996
126699, 997
126753, 998
126805, 999
126835, 1000
126902, 1001
126942, 1002
127015, 1003
127057, 1004
127109, 1005
127143, 1006
127192, 1007
127264, 1008
127311, 1009
127367, 1010
127436, 1011
127488, 1012
127556, 1013
127625, 1014
127674, 1015
127732, 1016
127815, 1017
127873, 1018
127927, 1019
128004, 1020
128209, 1021
128265, 1022
128346, 1023
128417, 1024
128457, 1025
128524, 1026
128574, 1027
128648, 1028
128735, 1029
