72594, 1
72643, 2
72716, 3
72792, 4
72825, 5
72861, 6
72888, 7
72915, 8
72954, 9
72994, 10
73022, 11
73058, 12
73095, 13
73135, 14
73164, 15
73192, 16
73246, 17
73279, 18
73314, 19
73343, 20
73386, 21
73412, 22
73451, 23
73479, 24
73521, 25
73555, 26
73579, 27
73619, 28
73648, 29
73679, 30
73720, 31
73749, 32
73779, 33
73814, 34
73839, 35
73881, 36
73919, 37
73960, 38
74000, 39
74032, 40
74056, 41
74108, 42
74138, 43
74167, 44
74190, 45
74236, 46
74264, 47
74290, 48
74348, 49
74389, 50
74422, 51
74452, 52
74484, 53
74525, 54
74565, 55
74589, 56
74629, 57
74655, 58
74695, 59
74726, 60
74755, 61
74788, 62
74828, 63
74865, 64
74884, 65
74927, 66
74966, 67
74991, 68
75032, 69
75057, 70
75100, 71
75127, 72
75159, 73
75191, 74
75242, 75
75270, 76
75297, 77
75339, 78
75364, 79
75404, 80
75433, 81
75475, 82
75503, 83
75528, 84
75579, 85
75614, 86
75654, 87
75680, 88
75709, 89
75755, 90
75796, 91
75817, 92
75853, 93
75891, 94
75920, 95
75950, 96
75981, 97
76029, 98
76061, 99
76085, 100
76122, 101
76161, 102
76190, 103
76215, 104
76266, 105
76298, 106
76329, 107
76366, 108
76432, 109
76457, 110
76490, 111
76522, 112
76570, 113
76594, 114
76624, 115
76666, 116
76705, 117
76732, 118
76756, 119
76808, 120
76836, 121
76863, 122
76889, 123
76943, 124
76990, 125
77019, 126
77049, 127
77078, 128
77111, 129
77142, 130
77194, 131
77216, 132
77254, 133
77282, 134
77310, 135
77338, 136
77396, 137
77424, 138
77459, 139
77486, 140
77525, 141
77551, 142
77605, 143
77637, 144
77669, 145
77700, 146
77727, 147
77765, 148
77794, 149
77821, 150
77876, 151
77906, 152
77934, 153
77967, 154
77997, 155
78024, 156
78083, 157
78106, 158
78132, 159
78168, 160
78197, 161
78240, 162
78270, 163
78296, 164
78342, 165
78374, 166
78399, 167
78442, 168
78467, 169
78506, 170
78538, 171
78562, 172
78610, 173
78640, 174
78682, 175
78707, 176
78746, 177
78774, 178
78817, 179
78839, 180
78880, 181
78909, 182
78940, 183
78983, 184
79005, 185
79047, 186
79074, 187
79113, 188
79140, 189
79180, 190
79218, 191
79246, 192
79272, 193
79326, 194
79359, 195
79392, 196
79418, 197
79448, 198
79473, 199
79523, 200
79557, 201
79587, 202
79616, 203
79651, 204
79678, 205
79720, 206
79770, 207
79801, 208
79827, 209
79853, 210
79897, 211
79926, 212
79952, 213
79979, 214
80022, 215
80051, 216
80081, 217
80120, 218
80162, 219
80191, 220
80223, 221
80248, 222
80311, 223
80339, 224
80379, 225
80410, 226
80438, 227
80490, 228
80514, 229
80539, 230
80582, 231
80615, 232
80647, 233
80674, 234
80720, 235
80769, 236
80799, 237
80825, 238
80851, 239
80890, 240
80928, 241
80958, 242
80988, 243
81024, 244
81064, 245
81094, 246
81122, 247
81153, 248
81190, 249
81226, 250
81271, 251
81310, 252
81346, 253
81374, 254
81416, 255
81447, 256
81474, 257
81511, 258
81545, 259
81580, 260
81610, 261
81666, 262
81693, 263
81716, 264
81757, 265
81802, 266
81829, 267
81882, 268
81912, 269
81938, 270
81971, 271
82003, 272
82042, 273
82072, 274
82104, 275
82137, 276
82163, 277
82207, 278
82235, 279
82278, 280
82315, 281
82342, 282
82370, 283
82421, 284
82453, 285
82485, 286
82513, 287
82548, 288
82571, 289
82612, 290
82638, 291
82677, 292
82703, 293
82745, 294
82775, 295
82822, 296
82851, 297
82898, 298
82934, 299
82959, 300
82987, 301
83028, 302
83069, 303
83098, 304
83126, 305
83154, 306
83198, 307
83225, 308
83253, 309
83313, 310
83337, 311
83365, 312
83404, 313
83444, 314
83468, 315
83513, 316
83542, 317
83566, 318
83606, 319
83636, 320
83671, 321
83698, 322
83744, 323
83770, 324
83805, 325
83863, 326
83906, 327
83935, 328
83963, 329
84017, 330
84046, 331
84076, 332
84113, 333
84143, 334
84172, 335
84205, 336
84255, 337
84281, 338
84333, 339
84363, 340
84396, 341
84426, 342
84450, 343
84497, 344
84530, 345
84560, 346
84587, 347
84630, 348
84679, 349
84712, 350
84742, 351
84768, 352
84822, 353
84851, 354
84879, 355
84908, 356
84933, 357
84987, 358
85012, 359
85038, 360
85093, 361
85120, 362
85151, 363
85188, 364
85216, 365
85241, 366
85284, 367
85314, 368
85343, 369
85378, 370
85422, 371
85450, 372
85481, 373
85524, 374
85548, 375
85589, 376
85617, 377
85657, 378
85686, 379
85711, 380
85767, 381
85800, 382
85830, 383
85856, 384
85883, 385
85941, 386
85965, 387
86009, 388
86037, 389
86064, 390
86091, 391
86133, 392
86158, 393
86197, 394
86236, 395
86263, 396
86306, 397
86333, 398
86360, 399
86442, 400
86472, 401
86499, 402
86538, 403
86566, 404
86607, 405
86639, 406
86665, 407
86704, 408
86737, 409
86772, 410
86803, 411
86855, 412
86885, 413
86922, 414
86963, 415
86987, 416
87026, 417
87056, 418
87093, 419
87131, 420
87164, 421
87193, 422
87236, 423
87273, 424
87299, 425
87346, 426
87381, 427
87407, 428
87434, 429
87460, 430
87506, 431
87538, 432
87567, 433
87596, 434
87656, 435
87676, 436
87716, 437
87748, 438
87771, 439
87810, 440
87843, 441
87875, 442
87906, 443
87945, 444
87976, 445
88012, 446
88055, 447
88085, 448
88107, 449
88146, 450
88186, 451
88214, 452
88240, 453
88283, 454
88310, 455
88350, 456
88378, 457
88413, 458
88452, 459
88495, 460
88520, 461
88552, 462
88604, 463
88629, 464
88656, 465
88683, 466
88733, 467
88759, 468
88799, 469
88826, 470
88854, 471
88911, 472
88934, 473
88969, 474
89006, 475
89030, 476
89072, 477
89102, 478
89130, 479
89158, 480
89210, 481
89241, 482
89266, 483
89314, 484
89372, 485
89401, 486
89439, 487
89471, 488
89505, 489
89532, 490
89560, 491
89592, 492
89617, 493
89668, 494
89711, 495
89730, 496
89777, 497
89810, 498
89842, 499
89879, 500
89908, 501
89936, 502
89976, 503
90024, 504
90046, 505
90076, 506
90125, 507
90150, 508
90179, 509
90206, 510
90248, 511
90287, 512
90318, 513
90356, 514
90382, 515
90408, 516
90449, 517
90494, 518
90518, 519
90558, 520
90583, 521
90623, 522
90653, 523
90688, 524
90729, 525
90763, 526
90786, 527
90827, 528
90856, 529
90885, 530
90934, 531
90962, 532
90994, 533
91030, 534
91060, 535
91110, 536
91137, 537
91161, 538
91204, 539
91233, 540
91258, 541
91332, 542
91355, 543
91385, 544
91416, 545
91450, 546
91477, 547
91530, 548
91556, 549
91582, 550
91622, 551
91648, 552
91690, 553
91739, 554
91773, 555
91803, 556
91841, 557
91883, 558
91911, 559
91939, 560
91975, 561
92006, 562
92032, 563
92093, 564
92159, 565
92181, 566
92216, 567
92245, 568
92271, 569
92310, 570
92350, 571
92381, 572
92407, 573
92448, 574
92506, 575
92535, 576
92573, 577
92598, 578
92635, 579
92671, 580
92711, 581
92738, 582
92770, 583
92808, 584
92837, 585
92887, 586
92925, 587
92960, 588
92997, 589
93021, 590
93068, 591
93095, 592
93139, 593
93168, 594
93204, 595
93252, 596
93279, 597
93321, 598
93352, 599
93382, 600
93411, 601
93448, 602
93488, 603
93518, 604
93549, 605
93597, 606
93626, 607
93664, 608
93692, 609
93732, 610
93757, 611
93808, 612
93837, 613
93863, 614
93917, 615
93946, 616
93980, 617
94011, 618
94038, 619
94079, 620
94105, 621
94140, 622
94168, 623
94210, 624
94257, 625
94292, 626
94319, 627
94367, 628
94399, 629
94423, 630
94477, 631
94506, 632
94533, 633
94596, 634
94620, 635
94666, 636
94697, 637
94729, 638
94761, 639
94800, 640
94835, 641
94878, 642
94900, 643
94940, 644
94966, 645
94994, 646
95049, 647
95077, 648
95113, 649
95147, 650
95194, 651
95233, 652
95277, 653
95307, 654
95335, 655
95363, 656
95405, 657
95433, 658
95480, 659
95515, 660
95543, 661
95595, 662
95624, 663
95661, 664
95691, 665
95725, 666
95760, 667
95812, 668
95835, 669
95876, 670
95909, 671
95945, 672
95976, 673
96005, 674
96061, 675
96105, 676
96142, 677
96174, 678
96217, 679
96252, 680
96293, 681
96328, 682
96359, 683
96415, 684
96446, 685
96473, 686
96512, 687
96539, 688
96591, 689
96619, 690
96647, 691
96686, 692
96716, 693
96755, 694
96780, 695
96832, 696
96860, 697
96892, 698
96929, 699
96978, 700
97001, 701
97050, 702
97084, 703
97130, 704
97168, 705
97202, 706
97240, 707
97281, 708
97315, 709
97342, 710
97369, 711
97397, 712
97442, 713
97479, 714
97508, 715
97552, 716
97578, 717
97615, 718
97642, 719
97693, 720
97726, 721
97760, 722
97788, 723
97833, 724
97857, 725
97898, 726
97927, 727
97955, 728
98004, 729
98035, 730
98062, 731
98134, 732
98167, 733
98204, 734
98243, 735
98271, 736
98302, 737
98333, 738
98363, 739
98409, 740
98435, 741
98491, 742
98519, 743
98554, 744
98585, 745
98620, 746
98664, 747
98708, 748
98745, 749
98774, 750
98799, 751
98844, 752
98872, 753
98911, 754
98957, 755
98994, 756
99021, 757
99044, 758
99099, 759
99123, 760
99151, 761
99197, 762
99246, 763
99271, 764
99307, 765
99335, 766
99364, 767
99395, 768
99426, 769
99468, 770
99508, 771
99539, 772
99570, 773
99606, 774
99628, 775
99691, 776
99731, 777
99805, 778
99834, 779
99863, 780
99891, 781
99919, 782
99971, 783
100001, 784
100047, 785
100077, 786
100104, 787
100138, 788
100166, 789
100207, 790
100248, 791
100275, 792
100316, 793
100352, 794
100376, 795
100434, 796
100470, 797
100502, 798
100548, 799
100575, 800
100602, 801
100634, 802
100667, 803
100698, 804
100741, 805
100774, 806
100822, 807
100859, 808
100888, 809
100924, 810
100952, 811
100996, 812
101029, 813
101070, 814
101111, 815
101145, 816
101180, 817
101215, 818
101250, 819
101312, 820
101342, 821
101370, 822
101409, 823
101445, 824
101475, 825
101504, 826
101576, 827
101612, 828
101640, 829
101665, 830
101694, 831
101727, 832
101772, 833
101800, 834
101823, 835
101863, 836
101894, 837
101926, 838
101960, 839
102023, 840
102049, 841
102078, 842
102107, 843
102146, 844
102172, 845
102231, 846
102255, 847
102283, 848
102325, 849
102354, 850
102390, 851
102418, 852
102457, 853
102486, 854
102540, 855
102573, 856
102600, 857
102625, 858
102670, 859
102731, 860
102771, 861
102807, 862
102842, 863
102871, 864
102918, 865
102944, 866
102987, 867
103014, 868
103055, 869
103091, 870
103121, 871
103172, 872
103215, 873
103248, 874
103277, 875
103312, 876
103344, 877
103372, 878
103424, 879
103447, 880
103476, 881
103513, 882
103539, 883
103592, 884
103637, 885
103674, 886
103713, 887
103740, 888
103778, 889
103805, 890
103829, 891
103867, 892
103909, 893
103946, 894
103975, 895
104007, 896
104039, 897
104103, 898
104135, 899
104170, 900
104225, 901
104249, 902
104277, 903
104307, 904
104357, 905
104388, 906
104413, 907
104455, 908
104491, 909
104534, 910
104562, 911
104605, 912
104635, 913
104662, 914
104706, 915
104748, 916
104775, 917
104802, 918
104847, 919
104877, 920
104913, 921
104996, 922
105023, 923
105061, 924
105094, 925
105124, 926
105169, 927
105216, 928
105244, 929
105280, 930
105307, 931
105336, 932
105377, 933
105439, 934
105466, 935
105496, 936
105546, 937
105575, 938
105612, 939
105651, 940
105690, 941
105719, 942
105751, 943
105777, 944
105834, 945
105857, 946
105890, 947
105924, 948
105950, 949
105993, 950
106038, 951
106069, 952
106100, 953
106133, 954
106160, 955
106217, 956
106241, 957
106269, 958
106308, 959
106340, 960
106373, 961
106421, 962
106454, 963
106482, 964
106508, 965
106563, 966
106603, 967
106669, 968
106695, 969
106724, 970
106759, 971
106789, 972
106843, 973
106873, 974
106920, 975
106952, 976
106990, 977
107031, 978
107067, 979
107098, 980
107122, 981
107185, 982
107213, 983
107242, 984
107276, 985
107308, 986
107336, 987
107379, 988
107414, 989
107452, 990
107495, 991
107520, 992
107549, 993
107591, 994
107630, 995
107660, 996
107697, 997
107731, 998
107781, 999
107811, 1000
107839, 1001
107893, 1002
107923, 1003
107964, 1004
107991, 1005
108031, 1006
108057, 1007
108086, 1008
108153, 1009
108178, 1010
108214, 1011
108244, 1012
108284, 1013
108324, 1014
108357, 1015
108395, 1016
108424, 1017
108460, 1018
108510, 1019
108544, 1020
108575, 1021
108607, 1022
108637, 1023
108702, 1024
108727, 1025
108751, 1026
108791, 1027
108830, 1028
108874, 1029
108902, 1030
108944, 1031
108975, 1032
109015, 1033
109043, 1034
109069, 1035
109124, 1036
109159, 1037
109197, 1038
109225, 1039
109261, 1040
109289, 1041
109321, 1042
109365, 1043
109392, 1044
109432, 1045
109459, 1046
109498, 1047
109537, 1048
109578, 1049
109606, 1050
109636, 1051
109685, 1052
109724, 1053
109751, 1054
109789, 1055
109818, 1056
109883, 1057
109915, 1058
109952, 1059
109990, 1060
110036, 1061
110062, 1062
110084, 1063
110125, 1064
110167, 1065
110208, 1066
110239, 1067
110277, 1068
110319, 1069
110366, 1070
110394, 1071
110417, 1072
110470, 1073
110498, 1074
110538, 1075
110576, 1076
110609, 1077
110636, 1078
110701, 1079
110732, 1080
110766, 1081
110795, 1082
110836, 1083
110881, 1084
110912, 1085
110948, 1086
110986, 1087
111022, 1088
111047, 1089
111073, 1090
111125, 1091
111163, 1092
111191, 1093
111219, 1094
111256, 1095
111300, 1096
111334, 1097
111361, 1098
111414, 1099
111442, 1100
111494, 1101
111528, 1102
111555, 1103
111587, 1104
111643, 1105
111665, 1106
111719, 1107
111765, 1108
111811, 1109
111845, 1110
111874, 1111
111932, 1112
111966, 1113
111993, 1114
112031, 1115
112064, 1116
112108, 1117
112136, 1118
112191, 1119
112232, 1120
112267, 1121
112296, 1122
112319, 1123
112361, 1124
112415, 1125
112444, 1126
112480, 1127
112544, 1128
112577, 1129
112616, 1130
112644, 1131
112681, 1132
112712, 1133
112747, 1134
112775, 1135
112826, 1136
112851, 1137
112903, 1138
112943, 1139
112967, 1140
112994, 1141
113036, 1142
113073, 1143
113114, 1144
113143, 1145
113219, 1146
113255, 1147
113289, 1148
113328, 1149
113353, 1150
113392, 1151
113423, 1152
113468, 1153
113501, 1154
113532, 1155
113566, 1156
113604, 1157
113632, 1158
113673, 1159
113727, 1160
113761, 1161
113802, 1162
113835, 1163
113874, 1164
113915, 1165
113942, 1166
113979, 1167
114034, 1168
114061, 1169
114087, 1170
114122, 1171
114205, 1172
114236, 1173
114271, 1174
114321, 1175
114360, 1176
114393, 1177
114446, 1178
114478, 1179
114526, 1180
114544, 1181
114607, 1182
114663, 1183
114690, 1184
114733, 1185
114771, 1186
114809, 1187
114852, 1188
114881, 1189
114915, 1190
114942, 1191
114985, 1192
115014, 1193
115070, 1194
115117, 1195
115149, 1196
115177, 1197
115239, 1198
115269, 1199
115295, 1200
115346, 1201
115375, 1202
115404, 1203
115430, 1204
115482, 1205
115510, 1206
115550, 1207
115576, 1208
115614, 1209
115641, 1210
115690, 1211
115719, 1212
115747, 1213
115789, 1214
115817, 1215
115844, 1216
115932, 1217
115965, 1218
115991, 1219
116030, 1220
116074, 1221
116111, 1222
116151, 1223
116176, 1224
116241, 1225
116284, 1226
116317, 1227
116376, 1228
116407, 1229
116442, 1230
116483, 1231
116506, 1232
116531, 1233
116591, 1234
116621, 1235
116648, 1236
116699, 1237
116726, 1238
116766, 1239
116791, 1240
116844, 1241
116908, 1242
116945, 1243
116975, 1244
117015, 1245
117045, 1246
117081, 1247
117107, 1248
117172, 1249
117200, 1250
117277, 1251
117306, 1252
117332, 1253
117390, 1254
117416, 1255
117454, 1256
117482, 1257
117519, 1258
117565, 1259
117611, 1260
117642, 1261
117682, 1262
117741, 1263
117796, 1264
117818, 1265
117871, 1266
117908, 1267
117934, 1268
117962, 1269
118017, 1270
118067, 1271
118094, 1272
118125, 1273
118191, 1274
118226, 1275
118272, 1276
118305, 1277
118344, 1278
118370, 1279
118438, 1280
118473, 1281
118498, 1282
118551, 1283
118588, 1284
118642, 1285
118668, 1286
118703, 1287
118732, 1288
118764, 1289
118816, 1290
118852, 1291
118892, 1292
118920, 1293
118961, 1294
119026, 1295
119054, 1296
119118, 1297
119143, 1298
119188, 1299
119226, 1300
119270, 1301
119302, 1302
119349, 1303
119390, 1304
119427, 1305
119462, 1306
119489, 1307
119551, 1308
119583, 1309
119618, 1310
119647, 1311
119700, 1312
119746, 1313
119780, 1314
119813, 1315
119878, 1316
119907, 1317
119943, 1318
119983, 1319
120014, 1320
120048, 1321
120073, 1322
120119, 1323
120153, 1324
120179, 1325
120236, 1326
120267, 1327
120320, 1328
120393, 1329
120432, 1330
120463, 1331
120495, 1332
120548, 1333
120569, 1334
120627, 1335
120650, 1336
120706, 1337
120739, 1338
120786, 1339
120838, 1340
120873, 1341
120934, 1342
120967, 1343
121003, 1344
121044, 1345
121081, 1346
121118, 1347
121165, 1348
121223, 1349
121258, 1350
121318, 1351
121363, 1352
121404, 1353
121472, 1354
121508, 1355
121547, 1356
121586, 1357
121612, 1358
121664, 1359
121706, 1360
121774, 1361
121815, 1362
121857, 1363
121900, 1364
121946, 1365
121989, 1366
122023, 1367
122092, 1368
122118, 1369
122158, 1370
122183, 1371
122272, 1372
122316, 1373
122357, 1374
122405, 1375
122459, 1376
122500, 1377
122544, 1378
122598, 1379
122635, 1380
122716, 1381
122748, 1382
122790, 1383
122832, 1384
122872, 1385
122898, 1386
122955, 1387
122985, 1388
123036, 1389
123081, 1390
123149, 1391
123189, 1392
123215, 1393
123257, 1394
123325, 1395
123350, 1396
123392, 1397
123443, 1398
123539, 1399
123565, 1400
123591, 1401
123641, 1402
123694, 1403
123757, 1404
123804, 1405
123850, 1406
123885, 1407
123953, 1408
123984, 1409
124024, 1410
124054, 1411
124091, 1412
124140, 1413
124210, 1414
124248, 1415
124294, 1416
124321, 1417
124386, 1418
124430, 1419
124476, 1420
124516, 1421
124575, 1422
124624, 1423
124673, 1424
124725, 1425
124757, 1426
124830, 1427
124869, 1428
124916, 1429
124945, 1430
125011, 1431
125057, 1432
125100, 1433
125119, 1434
125197, 1435
125241, 1436
125290, 1437
125355, 1438
125428, 1439
125464, 1440
