69747, 1
69786, 2
69809, 3
69848, 4
69875, 5
69914, 6
69957, 7
69974, 8
70011, 9
70050, 10
70068, 11
70108, 12
70148, 13
70177, 14
70217, 15
70246, 16
70275, 17
70316, 18
70345, 19
70386, 20
70414, 21
70441, 22
70481, 23
70510, 24
70552, 25
70568, 26
70622, 27
70639, 28
70678, 29
70720, 30
70747, 31
70811, 32
70830, 33
70870, 34
70910, 35
70941, 36
70982, 37
70998, 38
71037, 39
71080, 40
71097, 41
71151, 42
71179, 43
71206, 44
71232, 45
71274, 46
71303, 47
71345, 48
71372, 49
71413, 50
71429, 51
71470, 52
71511, 53
71539, 54
71581, 55
71599, 56
71649, 57
71682, 58
71720, 59
71738, 60
71789, 61
71805, 62
71848, 63
71887, 64
71903, 65
71959, 66
71987, 67
72012, 68
72058, 69
72086, 70
72111, 71
72152, 72
72179, 73
72210, 74
72251, 75
72279, 76
72319, 77
72349, 78
72376, 79
72415, 80
72478, 81
72500, 82
72517, 83
72555, 84
72595, 85
72613, 86
72667, 87
72694, 88
72712, 89
72763, 90
72792, 91
72822, 92
72862, 93
72890, 94
72919, 95
72959, 96
72986, 97
73028, 98
73058, 99
73087, 100
73127, 101
73169, 102
73197, 103
73223, 104
73264, 105
73280, 106
73344, 107
73363, 108
73387, 109
73429, 110
73466, 111
73493, 112
73531, 113
73572, 114
73591, 115
73628, 116
73670, 117
73698, 118
73724, 119
73765, 120
73795, 121
73839, 122
73865, 123
73892, 124
73933, 125
73963, 126
73992, 127
74032, 128
74059, 129
74100, 130
74119, 131
74170, 132
74210, 133
74241, 134
74281, 135
74300, 136
74338, 137
74378, 138
74408, 139
74433, 140
74474, 141
74518, 142
74535, 143
74575, 144
74616, 145
74633, 146
74674, 147
74713, 148
74739, 149
74782, 150
74809, 151
74838, 152
74879, 153
74908, 154
74952, 155
74979, 156
74995, 157
75047, 158
75103, 159
75117, 160
75160, 161
75202, 162
75221, 163
75269, 164
75285, 165
75327, 166
75357, 167
75395, 168
75423, 169
75465, 170
75493, 171
75534, 172
75551, 173
75592, 174
75632, 175
75662, 176
75701, 177
75719, 178
75759, 179
75801, 180
75829, 181
75868, 182
75884, 183
75950, 184
75968, 185
76004, 186
76020, 187
76062, 188
76099, 189
76127, 190
76165, 191
76191, 192
76232, 193
76275, 194
76292, 195
76330, 196
76370, 197
76386, 198
76429, 199
76469, 200
76495, 201
76536, 202
76553, 203
76608, 204
76624, 205
76662, 206
76703, 207
76721, 208
76773, 209
76813, 210
76829, 211
76874, 212
76913, 213
76930, 214
76968, 215
77011, 216
77028, 217
77081, 218
77098, 219
77135, 220
77178, 221
77195, 222
77236, 223
77275, 224
77302, 225
77343, 226
77370, 227
77402, 228
77443, 229
77468, 230
77501, 231
77537, 232
77571, 233
77607, 234
77635, 235
77690, 236
77704, 237
77734, 238
77777, 239
77794, 240
77847, 241
77874, 242
77903, 243
77934, 244
77970, 245
78000, 246
78040, 247
78071, 248
78110, 249
78127, 250
78169, 251
78207, 252
78238, 253
78281, 254
78307, 255
78346, 256
78363, 257
78403, 258
78433, 259
78472, 260
78501, 261
78566, 262
78586, 263
78608, 264
78650, 265
78677, 266
78718, 267
78746, 268
78772, 269
78810, 270
78851, 271
78867, 272
78918, 273
78934, 274
78976, 275
79015, 276
79044, 277
79084, 278
79113, 279
79143, 280
79183, 281
79209, 282
79253, 283
79268, 284
79321, 285
79337, 286
79378, 287
79462, 288
79478, 289
79516, 290
79544, 291
79587, 292
79605, 293
79655, 294
79684, 295
79709, 296
79749, 297
79787, 298
79806, 299
79843, 300
79880, 301
79909, 302
79949, 303
79989, 304
80006, 305
80048, 306
80086, 307
80109, 308
80141, 309
80193, 310
80225, 311
80254, 312
80293, 313
80337, 314
80352, 315
80392, 316
80419, 317
80462, 318
80479, 319
80532, 320
80560, 321
80577, 322
80627, 323
80657, 324
80686, 325
80727, 326
80756, 327
80797, 328
80814, 329
80852, 330
80893, 331
80921, 332
80964, 333
80981, 334
81020, 335
81062, 336
81078, 337
81120, 338
81160, 339
81215, 340
81230, 341
81258, 342
81285, 343
81327, 344
81355, 345
81396, 346
81424, 347
81453, 348
81493, 349
81521, 350
81563, 351
81581, 352
81620, 353
81661, 354
81690, 355
81717, 356
81759, 357
81786, 358
81829, 359
81856, 360
81883, 361
81925, 362
81955, 363
81996, 364
82012, 365
82065, 366
82093, 367
82123, 368
82162, 369
82189, 370
82221, 371
82260, 372
82288, 373
82329, 374
82348, 375
82389, 376
82427, 377
82444, 378
82497, 379
82524, 380
82566, 381
82583, 382
82623, 383
82664, 384
82692, 385
82721, 386
82758, 387
82787, 388
82831, 389
82857, 390
82887, 391
82955, 392
82969, 393
82983, 394
83026, 395
83056, 396
83084, 397
83126, 398
83165, 399
83191, 400
83222, 401
83264, 402
83289, 403
83319, 404
83360, 405
83387, 406
83430, 407
83457, 408
83485, 409
83529, 410
83559, 411
83584, 412
83624, 413
83651, 414
83693, 415
83722, 416
83763, 417
83783, 418
83820, 419
83880, 420
83905, 421
83932, 422
83959, 423
84007, 424
84035, 425
84072, 426
84099, 427
84142, 428
84168, 429
84209, 430
84223, 431
84266, 432
84305, 433
84334, 434
84376, 435
84402, 436
84429, 437
84472, 438
84501, 439
84541, 440
84557, 441
84613, 442
84639, 443
84656, 444
84708, 445
84766, 446
84781, 447
84808, 448
84834, 449
84876, 450
84891, 451
84934, 452
84974, 453
85001, 454
85028, 455
85070, 456
85113, 457
85131, 458
85169, 459
85198, 460
85236, 461
85267, 462
85305, 463
85334, 464
85378, 465
85406, 466
85433, 467
85475, 468
85493, 469
85544, 470
85560, 471
85621, 472
85642, 473
85668, 474
85710, 475
85739, 476
85779, 477
85796, 478
85839, 479
85863, 480
85904, 481
85944, 482
85962, 483
86005, 484
86043, 485
86071, 486
86112, 487
86128, 488
86179, 489
86197, 490
86245, 491
86261, 492
86313, 493
86331, 494
86369, 495
86408, 496
86436, 497
86485, 498
86521, 499
86545, 500
86584, 501
86602, 502
86650, 503
86692, 504
86707, 505
86744, 506
86785, 507
86802, 508
86853, 509
86869, 510
86924, 511
86951, 512
86967, 513
87021, 514
87038, 515
87077, 516
87117, 517
87150, 518
87187, 519
87203, 520
87244, 521
87284, 522
87314, 523
87355, 524
87383, 525
87427, 526
87451, 527
87482, 528
87522, 529
87550, 530
87590, 531
87608, 532
87647, 533
87688, 534
87730, 535
87747, 536
87788, 537
87827, 538
87845, 539
87897, 540
87913, 541
87954, 542
87984, 543
88023, 544
88039, 545
88093, 546
88107, 547
88152, 548
88192, 549
88219, 550
88259, 551
88275, 552
88372, 553
88386, 554
88429, 555
88445, 556
88482, 557
88527, 558
88552, 559
88592, 560
88607, 561
88661, 562
88689, 563
88719, 564
88760, 565
88778, 566
88818, 567
88857, 568
88885, 569
88926, 570
88943, 571
88999, 572
89027, 573
89051, 574
89091, 575
89109, 576
89162, 577
89178, 578
89218, 579
89256, 580
89294, 581
89336, 582
89363, 583
89390, 584
89429, 585
89459, 586
89484, 587
89523, 588
89564, 589
89588, 590
89631, 591
89657, 592
89695, 593
89735, 594
89761, 595
89789, 596
89833, 597
89847, 598
89887, 599
89928, 600
89957, 601
89997, 602
90014, 603
90068, 604
90096, 605
90144, 606
90163, 607
90204, 608
90232, 609
90269, 610
90308, 611
90335, 612
90364, 613
90403, 614
90432, 615
90474, 616
90490, 617
90532, 618
90568, 619
90598, 620
90639, 621
90656, 622
90709, 623
90736, 624
90765, 625
90806, 626
90823, 627
90864, 628
90903, 629
90932, 630
90974, 631
90991, 632
91051, 633
91071, 634
91099, 635
91126, 636
91167, 637
91208, 638
91226, 639
91267, 640
91306, 641
91334, 642
91376, 643
91393, 644
91432, 645
91475, 646
91493, 647
91544, 648
91562, 649
91600, 650
91631, 651
91669, 652
91698, 653
91728, 654
91768, 655
91797, 656
91837, 657
91865, 658
91906, 659
91936, 660
91988, 661
92006, 662
92037, 663
92073, 664
92103, 665
92146, 666
92173, 667
92211, 668
92230, 669
92282, 670
92298, 671
92339, 672
92380, 673
92399, 674
92436, 675
92477, 676
92507, 677
92548, 678
92565, 679
92606, 680
92644, 681
92662, 682
92702, 683
92742, 684
92770, 685
92814, 686
92839, 687
92919, 688
92935, 689
92975, 690
93002, 691
93019, 692
93076, 693
93103, 694
93131, 695
93174, 696
93200, 697
93243, 698
93270, 699
93287, 700
93339, 701
93368, 702
93398, 703
93439, 704
93465, 705
93508, 706
93525, 707
93577, 708
93594, 709
93635, 710
93673, 711
93704, 712
93731, 713
93799, 714
93813, 715
93830, 716
93870, 717
93900, 718
93940, 719
93967, 720
93996, 721
94037, 722
94068, 723
94107, 724
94125, 725
94174, 726
94204, 727
94235, 728
94274, 729
94291, 730
94344, 731
94361, 732
94400, 733
94440, 734
94457, 735
94499, 736
94538, 737
94567, 738
94609, 739
94635, 740
94700, 741
94720, 742
94747, 743
94785, 744
94803, 745
94857, 746
94884, 747
94914, 748
94954, 749
94971, 750
95012, 751
95053, 752
95070, 753
95123, 754
95150, 755
95179, 756
95223, 757
95249, 758
95277, 759
95319, 760
95346, 761
95388, 762
95405, 763
95444, 764
95485, 765
95515, 766
95565, 767
95584, 768
95623, 769
95640, 770
95679, 771
95721, 772
95749, 773
95790, 774
95806, 775
95851, 776
95887, 777
95915, 778
95957, 779
95975, 780
96014, 781
96055, 782
96084, 783
96114, 784
96153, 785
96184, 786
96223, 787
96241, 788
96281, 789
96319, 790
96350, 791
96391, 792
96418, 793
96459, 794
96496, 795
96518, 796
96560, 797
96586, 798
96626, 799
96655, 800
96697, 801
96713, 802
96767, 803
96782, 804
96823, 805
96863, 806
96892, 807
96933, 808
96951, 809
96990, 810
97031, 811
97047, 812
97099, 813
97116, 814
97159, 815
97196, 816
97214, 817
97253, 818
97297, 819
97323, 820
97366, 821
97433, 822
97449, 823
97491, 824
97518, 825
97560, 826
97579, 827
97629, 828
97657, 829
97675, 830
97724, 831
97753, 832
97784, 833
97823, 834
97852, 835
97894, 836
97909, 837
97962, 838
97979, 839
98019, 840
98061, 841
98088, 842
98129, 843
98146, 844
98186, 845
98228, 846
98245, 847
98298, 848
98314, 849
98373, 850
98396, 851
98421, 852
98464, 853
98491, 854
98523, 855
98563, 856
98589, 857
98629, 858
98658, 859
98699, 860
98715, 861
98758, 862
98788, 863
98825, 864
98867, 865
98884, 866
98924, 867
98953, 868
98995, 869
99036, 870
99062, 871
99091, 872
99134, 873
99163, 874
99190, 875
99230, 876
99260, 877
99314, 878
99330, 879
99369, 880
99385, 881
99425, 882
99467, 883
99494, 884
99535, 885
99553, 886
99593, 887
99634, 888
99660, 889
99704, 890
99730, 891
99759, 892
99800, 893
99817, 894
99869, 895
99887, 896
99925, 897
99967, 898
99996, 899
100024, 900
100066, 901
100094, 902
100135, 903
100153, 904
100223, 905
100248, 906
100275, 907
100302, 908
100340, 909
100384, 910
100411, 911
100438, 912
100481, 913
100499, 914
100539, 915
100580, 916
100596, 917
100649, 918
100678, 919
100694, 920
100747, 921
100774, 922
100792, 923
100846, 924
100872, 925
100914, 926
100932, 927
100970, 928
101013, 929
101028, 930
101069, 931
101113, 932
101154, 933
101189, 934
101219, 935
101248, 936
101289, 937
101320, 938
101358, 939
101386, 940
101426, 941
101444, 942
101481, 943
101520, 944
101561, 945
101578, 946
101618, 947
101654, 948
101683, 949
101722, 950
101753, 951
101791, 952
101821, 953
101861, 954
101877, 955
101921, 956
101958, 957
101986, 958
102027, 959
102044, 960
102125, 961
102144, 962
102168, 963
102196, 964
102237, 965
102268, 966
102293, 967
102334, 968
102377, 969
102404, 970
102434, 971
102471, 972
102486, 973
102532, 974
102568, 975
102596, 976
102640, 977
102657, 978
102696, 979
102737, 980
102766, 981
102799, 982
102835, 983
102865, 984
102905, 985
102934, 986
102962, 987
103004, 988
103032, 989
103090, 990
103104, 991
103143, 992
103161, 993
103211, 994
103241, 995
103269, 996
103309, 997
103339, 998
103367, 999
103407, 1000
103436, 1001
103478, 1002
103494, 1003
103533, 1004
103575, 1005
103603, 1006
103634, 1007
103672, 1008
103702, 1009
103743, 1010
103771, 1011
103799, 1012
103842, 1013
103869, 1014
103911, 1015
103939, 1016
103967, 1017
104011, 1018
104024, 1019
104077, 1020
104106, 1021
104135, 1022
104176, 1023
104205, 1024
104234, 1025
104274, 1026
104302, 1027
104344, 1028
104372, 1029
104401, 1030
104442, 1031
104470, 1032
104513, 1033
104527, 1034
104568, 1035
104607, 1036
104636, 1037
104667, 1038
104708, 1039
104746, 1040
104760, 1041
104804, 1042
104844, 1043
104873, 1044
104901, 1045
104943, 1046
104971, 1047
105001, 1048
105040, 1049
105068, 1050
105110, 1051
105138, 1052
105168, 1053
105208, 1054
105235, 1055
105277, 1056
105306, 1057
105334, 1058
105376, 1059
105404, 1060
105445, 1061
105473, 1062
105502, 1063
105543, 1064
105571, 1065
105611, 1066
105639, 1067
105668, 1068
105708, 1069
105738, 1070
105766, 1071
105805, 1072
105834, 1073
105875, 1074
105905, 1075
105934, 1076
105973, 1077
106001, 1078
106042, 1079
106071, 1080
106100, 1081
106141, 1082
106169, 1083
106210, 1084
106237, 1085
106268, 1086
106307, 1087
106335, 1088
106377, 1089
106405, 1090
106433, 1091
106475, 1092
106503, 1093
106534, 1094
106573, 1095
106599, 1096
106641, 1097
106670, 1098
106712, 1099
106740, 1100
106769, 1101
106813, 1102
106850, 1103
106865, 1104
106907, 1105
106937, 1106
106977, 1107
107005, 1108
107045, 1109
107074, 1110
107115, 1111
107144, 1112
107171, 1113
107214, 1114
107241, 1115
107270, 1116
107310, 1117
107339, 1118
107380, 1119
107409, 1120
107436, 1121
107478, 1122
107506, 1123
107536, 1124
107575, 1125
107605, 1126
107645, 1127
107672, 1128
107715, 1129
107743, 1130
107771, 1131
107814, 1132
107841, 1133
107882, 1134
107910, 1135
107938, 1136
107979, 1137
108009, 1138
108048, 1139
108077, 1140
108107, 1141
108144, 1142
108174, 1143
108214, 1144
108229, 1145
108271, 1146
108312, 1147
108342, 1148
108381, 1149
108413, 1150
108438, 1151
108479, 1152
108507, 1153
108537, 1154
108577, 1155
108607, 1156
108646, 1157
108674, 1158
108703, 1159
108744, 1160
108773, 1161
108814, 1162
108843, 1163
108871, 1164
108915, 1165
108951, 1166
108967, 1167
109010, 1168
109038, 1169
109078, 1170
109107, 1171
109137, 1172
109176, 1173
109217, 1174
109232, 1175
109273, 1176
109314, 1177
109343, 1178
109371, 1179
109413, 1180
109441, 1181
109483, 1182
109511, 1183
109540, 1184
109580, 1185
109608, 1186
109637, 1187
109677, 1188
109705, 1189
109747, 1190
109775, 1191
109804, 1192
109845, 1193
109873, 1194
109914, 1195
109942, 1196
109971, 1197
110012, 1198
110040, 1199
110081, 1200
110110, 1201
110138, 1202
110179, 1203
110213, 1204
110236, 1205
110279, 1206
110306, 1207
110346, 1208
110373, 1209
110414, 1210
110444, 1211
110474, 1212
110512, 1213
110540, 1214
110571, 1215
110609, 1216
110637, 1217
110680, 1218
110708, 1219
110737, 1220
110777, 1221
110805, 1222
110847, 1223
110876, 1224
110920, 1225
110959, 1226
110971, 1227
111014, 1228
111043, 1229
111083, 1230
111112, 1231
111151, 1232
111180, 1233
111222, 1234
111250, 1235
111278, 1236
111318, 1237
111347, 1238
111388, 1239
111416, 1240
111445, 1241
111487, 1242
111502, 1243
111555, 1244
111584, 1245
111612, 1246
111654, 1247
111682, 1248
111710, 1249
111751, 1250
111780, 1251
111820, 1252
111849, 1253
111878, 1254
111918, 1255
111946, 1256
111988, 1257
112015, 1258
112045, 1259
112087, 1260
112114, 1261
112156, 1262
112184, 1263
112212, 1264
112254, 1265
112281, 1266
112310, 1267
112351, 1268
112380, 1269
112420, 1270
112450, 1271
112478, 1272
112517, 1273
112547, 1274
112576, 1275
112615, 1276
112645, 1277
112685, 1278
112713, 1279
112755, 1280
112783, 1281
112811, 1282
112852, 1283
112882, 1284
112915, 1285
112967, 1286
112981, 1287
113010, 1288
113049, 1289
113079, 1290
113117, 1291
113145, 1292
113186, 1293
113214, 1294
113257, 1295
113271, 1296
113312, 1297
113344, 1298
113382, 1299
113409, 1300
113451, 1301
113479, 1302
113510, 1303
113546, 1304
113578, 1305
113617, 1306
113646, 1307
113688, 1308
113715, 1309
113746, 1310
113785, 1311
113813, 1312
113855, 1313
113883, 1314
113912, 1315
113953, 1316
113981, 1317
114010, 1318
114050, 1319
114079, 1320
114120, 1321
114149, 1322
114179, 1323
114217, 1324
114246, 1325
114287, 1326
114315, 1327
114344, 1328
114384, 1329
114413, 1330
114455, 1331
114483, 1332
114511, 1333
114553, 1334
114581, 1335
114622, 1336
114637, 1337
114678, 1338
114718, 1339
114748, 1340
114776, 1341
114817, 1342
114844, 1343
114887, 1344
114914, 1345
114948, 1346
114994, 1347
115011, 1348
115054, 1349
115083, 1350
115110, 1351
115151, 1352
115179, 1353
115220, 1354
115248, 1355
115277, 1356
115317, 1357
115345, 1358
115385, 1359
115414, 1360
115444, 1361
115484, 1362
115512, 1363
115553, 1364
115582, 1365
115610, 1366
115651, 1367
115680, 1368
115721, 1369
115748, 1370
115779, 1371
115818, 1372
115847, 1373
115888, 1374
115916, 1375
115947, 1376
115985, 1377
116013, 1378
116044, 1379
116083, 1380
116111, 1381
116152, 1382
116181, 1383
116209, 1384
116251, 1385
116279, 1386
116320, 1387
116349, 1388
116376, 1389
116418, 1390
116446, 1391
116488, 1392
116515, 1393
116545, 1394
116585, 1395
116614, 1396
116654, 1397
116683, 1398
116711, 1399
116752, 1400
116781, 1401
116810, 1402
116850, 1403
116878, 1404
116919, 1405
116948, 1406
117008, 1407
117020, 1408
117057, 1409
117086, 1410
117127, 1411
117155, 1412
117185, 1413
117223, 1414
117252, 1415
117294, 1416
117309, 1417
117350, 1418
117391, 1419
117419, 1420
117461, 1421
117489, 1422
117518, 1423
117559, 1424
117587, 1425
117616, 1426
117654, 1427
117684, 1428
117725, 1429
117752, 1430
117783, 1431
117821, 1432
117850, 1433
117890, 1434
117920, 1435
117950, 1436
117989, 1437
118016, 1438
118057, 1439
118086, 1440
118127, 1441
118141, 1442
118184, 1443
118225, 1444
118254, 1445
118283, 1446
118323, 1447
118350, 1448
118393, 1449
118421, 1450
118450, 1451
118491, 1452
118519, 1453
118560, 1454
118589, 1455
118616, 1456
118658, 1457
118687, 1458
118714, 1459
118756, 1460
118784, 1461
118813, 1462
118852, 1463
118882, 1464
118922, 1465
118950, 1466
118992, 1467
119024, 1468
119066, 1469
119088, 1470
119117, 1471
119156, 1472
119186, 1473
119227, 1474
119255, 1475
119283, 1476
119326, 1477
119354, 1478
119384, 1479
119423, 1480
119451, 1481
119493, 1482
119521, 1483
119549, 1484
119590, 1485
119618, 1486
119660, 1487
119687, 1488
119716, 1489
119757, 1490
119786, 1491
119815, 1492
119857, 1493
119885, 1494
119925, 1495
119953, 1496
119982, 1497
120022, 1498
120050, 1499
120091, 1500
120120, 1501
120148, 1502
120190, 1503
120217, 1504
120258, 1505
120286, 1506
120328, 1507
120343, 1508
120384, 1509
120415, 1510
120454, 1511
120482, 1512
120522, 1513
120551, 1514
120593, 1515
120621, 1516
120650, 1517
120691, 1518
120719, 1519
120761, 1520
120774, 1521
120817, 1522
120858, 1523
120886, 1524
120917, 1525
120955, 1526
120983, 1527
121025, 1528
121054, 1529
121084, 1530
121134, 1531
121150, 1532
121193, 1533
121220, 1534
121251, 1535
121289, 1536
121317, 1537
121357, 1538
121387, 1539
121414, 1540
121456, 1541
121484, 1542
121525, 1543
121553, 1544
121582, 1545
121622, 1546
121654, 1547
121692, 1548
121707, 1549
121748, 1550
121789, 1551
121818, 1552
121859, 1553
121875, 1554
121916, 1555
121956, 1556
121985, 1557
122015, 1558
122053, 1559
122081, 1560
122122, 1561
122151, 1562
122193, 1563
122222, 1564
122250, 1565
122292, 1566
122320, 1567
122348, 1568
122389, 1569
122417, 1570
122458, 1571
122487, 1572
122515, 1573
122557, 1574
122585, 1575
122626, 1576
122654, 1577
122684, 1578
122724, 1579
122752, 1580
122793, 1581
122822, 1582
122850, 1583
122891, 1584
122920, 1585
122947, 1586
122988, 1587
123017, 1588
123058, 1589
123087, 1590
123115, 1591
123156, 1592
123184, 1593
123244, 1594
123256, 1595
123293, 1596
123322, 1597
123363, 1598
123391, 1599
123432, 1600
123447, 1601
123489, 1602
123530, 1603
123558, 1604
123586, 1605
123627, 1606
123656, 1607
123698, 1608
123726, 1609
123754, 1610
123794, 1611
123824, 1612
123865, 1613
123880, 1614
123920, 1615
123962, 1616
123990, 1617
124020, 1618
124060, 1619
124091, 1620
124128, 1621
124157, 1622
124185, 1623
124227, 1624
124255, 1625
124297, 1626
124325, 1627
124353, 1628
124395, 1629
124424, 1630
124465, 1631
124492, 1632
124521, 1633
124561, 1634
124590, 1635
124620, 1636
124659, 1637
124688, 1638
124729, 1639
124757, 1640
124798, 1641
124827, 1642
124855, 1643
124896, 1644
124926, 1645
124955, 1646
124993, 1647
125022, 1648
125064, 1649
125091, 1650
125133, 1651
125147, 1652
125190, 1653
125231, 1654
125259, 1655
125290, 1656
125339, 1657
125357, 1658
125397, 1659
125424, 1660
125465, 1661
125494, 1662
125521, 1663
125562, 1664
125591, 1665
125632, 1666
125660, 1667
125688, 1668
125730, 1669
125759, 1670
125799, 1671
125828, 1672
125856, 1673
125897, 1674
125926, 1675
125967, 1676
125982, 1677
126023, 1678
126065, 1679
126092, 1680
126123, 1681
126163, 1682
126190, 1683
126232, 1684
126260, 1685
126287, 1686
126330, 1687
126357, 1688
126398, 1689
126427, 1690
126455, 1691
126496, 1692
126525, 1693
126555, 1694
126594, 1695
126622, 1696
126663, 1697
126691, 1698
126734, 1699
126748, 1700
126789, 1701
126831, 1702
126859, 1703
126900, 1704
126930, 1705
126957, 1706
126998, 1707
127027, 1708
127056, 1709
127096, 1710
127123, 1711
127166, 1712
127180, 1713
127223, 1714
127262, 1715
127290, 1716
127332, 1717
127364, 1718
127412, 1719
127430, 1720
127460, 1721
127500, 1722
127528, 1723
127555, 1724
127597, 1725
127624, 1726
127655, 1727
127693, 1728
127722, 1729
127763, 1730
127792, 1731
127832, 1732
127860, 1733
127888, 1734
127930, 1735
127959, 1736
128000, 1737
128028, 1738
128057, 1739
128098, 1740
128127, 1741
128157, 1742
128194, 1743
128222, 1744
128264, 1745
128292, 1746
128335, 1747
128349, 1748
128390, 1749
128430, 1750
128459, 1751
128500, 1752
128529, 1753
128557, 1754
128599, 1755
128615, 1756
128666, 1757
128694, 1758
128724, 1759
128765, 1760
128793, 1761
128821, 1762
128862, 1763
128890, 1764
128932, 1765
128961, 1766
128990, 1767
129030, 1768
129058, 1769
129100, 1770
129114, 1771
129156, 1772
129197, 1773
129225, 1774
129255, 1775
129295, 1776
129323, 1777
129364, 1778
129394, 1779
129437, 1780
129475, 1781
129489, 1782
129531, 1783
129560, 1784
129601, 1785
129629, 1786
129669, 1787
129698, 1788
129726, 1789
129768, 1790
129796, 1791
129837, 1792
129865, 1793
129893, 1794
129935, 1795
129964, 1796
129993, 1797
130032, 1798
130060, 1799
130101, 1800
130130, 1801
130161, 1802
130199, 1803
130228, 1804
130268, 1805
130297, 1806
130327, 1807
130366, 1808
130395, 1809
130436, 1810
130465, 1811
130493, 1812
130534, 1813
130562, 1814
130592, 1815
130632, 1816
130659, 1817
130702, 1818
130730, 1819
130771, 1820
130799, 1821
130830, 1822
130869, 1823
130897, 1824
130926, 1825
130966, 1826
130993, 1827
131036, 1828
131051, 1829
131104, 1830
131132, 1831
131160, 1832
131202, 1833
131231, 1834
131271, 1835
131300, 1836
131328, 1837
131370, 1838
131398, 1839
131439, 1840
131454, 1841
131494, 1842
131536, 1843
131564, 1844
131615, 1845
131634, 1846
131664, 1847
131692, 1848
131732, 1849
131759, 1850
131800, 1851
131828, 1852
131870, 1853
131897, 1854
131926, 1855
131967, 1856
131995, 1857
132036, 1858
132065, 1859
132093, 1860
132135, 1861
132162, 1862
132204, 1863
132232, 1864
132260, 1865
132301, 1866
132328, 1867
132358, 1868
132398, 1869
132426, 1870
132468, 1871
132496, 1872
132526, 1873
132566, 1874
132594, 1875
132635, 1876
132664, 1877
132694, 1878
132732, 1879
132761, 1880
132802, 1881
132832, 1882
132860, 1883
132899, 1884
132928, 1885
132969, 1886
132998, 1887
133027, 1888
133067, 1889
133094, 1890
133135, 1891
133164, 1892
133194, 1893
133233, 1894
133262, 1895
133302, 1896
133331, 1897
133359, 1898
133401, 1899
133429, 1900
133471, 1901
133499, 1902
133528, 1903
133568, 1904
133597, 1905
133638, 1906
133669, 1907
133719, 1908
133735, 1909
133766, 1910
133794, 1911
133833, 1912
133861, 1913
133902, 1914
133929, 1915
133971, 1916
133999, 1917
134030, 1918
134068, 1919
134097, 1920
134137, 1921
134167, 1922
134194, 1923
134236, 1924
134264, 1925
134293, 1926
134334, 1927
134362, 1928
134394, 1929
134430, 1930
134460, 1931
134499, 1932
134528, 1933
134570, 1934
134598, 1935
134627, 1936
134667, 1937
134696, 1938
134727, 1939
134765, 1940
134794, 1941
134835, 1942
134865, 1943
134905, 1944
134932, 1945
134962, 1946
135003, 1947
135031, 1948
135072, 1949
135087, 1950
135130, 1951
135170, 1952
135199, 1953
135227, 1954
135268, 1955
135296, 1956
135326, 1957
135364, 1958
135407, 1959
135422, 1960
135463, 1961
135503, 1962
135533, 1963
135561, 1964
135602, 1965
135630, 1966
135661, 1967
135699, 1968
135751, 1969
135770, 1970
135799, 1971
135829, 1972
135868, 1973
135895, 1974
135937, 1975
135962, 1976
136004, 1977
136032, 1978
136060, 1979
136102, 1980
136131, 1981
136170, 1982
136199, 1983
136240, 1984
136255, 1985
136297, 1986
136338, 1987
136354, 1988
136395, 1989
136433, 1990
136462, 1991
136504, 1992
136533, 1993
136561, 1994
136602, 1995
136630, 1996
136672, 1997
136701, 1998
136729, 1999
136770, 2000
136798, 2001
136826, 2002
136867, 2003
136896, 2004
136937, 2005
136966, 2006
136997, 2007
137034, 2008
137062, 2009
137104, 2010
137132, 2011
137163, 2012
137202, 2013
137230, 2014
137272, 2015
137300, 2016
137328, 2017
137370, 2018
137398, 2019
137427, 2020
137466, 2021
137495, 2022
137536, 2023
137564, 2024
137594, 2025
137634, 2026
137662, 2027
137704, 2028
137732, 2029
137761, 2030
137804, 2031
137845, 2032
137858, 2033
137898, 2034
137927, 2035
137968, 2036
137997, 2037
138037, 2038
138067, 2039
138096, 2040
138134, 2041
138164, 2042
138205, 2043
138233, 2044
138262, 2045
138303, 2046
138331, 2047
138372, 2048
138401, 2049
138429, 2050
138471, 2051
138499, 2052
138527, 2053
138568, 2054
138597, 2055
138636, 2056
138665, 2057
138707, 2058
138721, 2059
138764, 2060
138804, 2061
138832, 2062
138874, 2063
138888, 2064
138930, 2065
138973, 2066
139000, 2067
139029, 2068
139070, 2069
139098, 2070
139139, 2071
139154, 2072
139197, 2073
139236, 2074
139264, 2075
139294, 2076
139333, 2077
139364, 2078
139402, 2079
139431, 2080
139462, 2081
139501, 2082
139529, 2083
139570, 2084
139599, 2085
139627, 2086
139668, 2087
139696, 2088
139727, 2089
139766, 2090
139794, 2091
139834, 2092
139882, 2093
139905, 2094
139935, 2095
139963, 2096
140004, 2097
140031, 2098
140072, 2099
140100, 2100
140128, 2101
140169, 2102
140196, 2103
140238, 2104
140266, 2105
140294, 2106
140336, 2107
140370, 2108
140396, 2109
140431, 2110
140463, 2111
140500, 2112
140542, 2113
140571, 2114
140599, 2115
140640, 2116
140668, 2117
140696, 2118
140738, 2119
140766, 2120
140808, 2121
140824, 2122
140874, 2123
140903, 2124
140932, 2125
140973, 2126
141003, 2127
141032, 2128
141070, 2129
141099, 2130
141140, 2131
141169, 2132
141210, 2133
141225, 2134
141267, 2135
141309, 2136
141337, 2137
141364, 2138
141406, 2139
141434, 2140
141475, 2141
141503, 2142
141531, 2143
141573, 2144
141602, 2145
141643, 2146
141657, 2147
141700, 2148
141740, 2149
141769, 2150
141799, 2151
141838, 2152
141867, 2153
141898, 2154
141935, 2155
142005, 2156
142019, 2157
142047, 2158
142089, 2159
142116, 2160
142158, 2161
142186, 2162
142215, 2163
142254, 2164
142282, 2165
142324, 2166
142352, 2167
142384, 2168
142420, 2169
142449, 2170
142490, 2171
142520, 2172
142549, 2173
142589, 2174
142616, 2175
142657, 2176
142686, 2177
142714, 2178
142755, 2179
142784, 2180
142815, 2181
142853, 2182
142882, 2183
142923, 2184
142951, 2185
142993, 2186
143008, 2187
143050, 2188
143080, 2189
143118, 2190
143147, 2191
143187, 2192
143233, 2193
143245, 2194
143284, 2195
143313, 2196
143354, 2197
143383, 2198
143424, 2199
143452, 2200
143493, 2201
143508, 2202
143549, 2203
143591, 2204
143620, 2205
143648, 2206
143689, 2207
143718, 2208
143759, 2209
143787, 2210
143816, 2211
143857, 2212
143885, 2213
143914, 2214
143954, 2215
143982, 2216
144024, 2217
144040, 2218
144081, 2219
144120, 2220
144148, 2221
144189, 2222
144218, 2223
144247, 2224
144288, 2225
144316, 2226
144358, 2227
144386, 2228
144416, 2229
144471, 2230
144484, 2231
144512, 2232
144552, 2233
144581, 2234
144621, 2235
144650, 2236
144691, 2237
144719, 2238
144747, 2239
144789, 2240
144816, 2241
144846, 2242
144885, 2243
144916, 2244
144955, 2245
144984, 2246
145026, 2247
145053, 2248
145083, 2249
145124, 2250
145152, 2251
145181, 2252
145220, 2253
145250, 2254
145292, 2255
145306, 2256
145348, 2257
145388, 2258
145416, 2259
145458, 2260
145486, 2261
145514, 2262
145555, 2263
145584, 2264
145641, 2265
145654, 2266
145694, 2267
145722, 2268
145751, 2269
145791, 2270
145820, 2271
145861, 2272
145889, 2273
145917, 2274
145958, 2275
145987, 2276
146016, 2277
146056, 2278
146084, 2279
146126, 2280
146155, 2281
146196, 2282
146211, 2283
146252, 2284
146293, 2285
146322, 2286
146351, 2287
146391, 2288
146419, 2289
146461, 2290
146489, 2291
146518, 2292
146558, 2293
146587, 2294
146628, 2295
146643, 2296
146684, 2297
146725, 2298
146754, 2299
146798, 2300
146832, 2301
146850, 2302
146894, 2303
146921, 2304
146961, 2305
146991, 2306
147020, 2307
147059, 2308
147087, 2309
147129, 2310
147157, 2311
147185, 2312
147226, 2313
147254, 2314
147284, 2315
147324, 2316
147352, 2317
147391, 2318
147420, 2319
147462, 2320
147491, 2321
147519, 2322
147560, 2323
147589, 2324
147618, 2325
147657, 2326
147686, 2327
147727, 2328
147755, 2329
147784, 2330
147825, 2331
147853, 2332
147894, 2333
147922, 2334
147950, 2335
147998, 2336
148031, 2337
148046, 2338
148088, 2339
148117, 2340
148158, 2341
148187, 2342
148217, 2343
148256, 2344
148284, 2345
148325, 2346
148354, 2347
148396, 2348
148424, 2349
148453, 2350
148493, 2351
148522, 2352
148550, 2353
148591, 2354
148619, 2355
148660, 2356
148689, 2357
148718, 2358
148758, 2359
148800, 2360
148814, 2361
148857, 2362
148887, 2363
148925, 2364
148953, 2365
148984, 2366
149025, 2367
149052, 2368
149094, 2369
149121, 2370
149149, 2371
149207, 2372
149232, 2373
149244, 2374
149285, 2375
149327, 2376
149355, 2377
149396, 2378
149412, 2379
149454, 2380
149494, 2381
149523, 2382
149563, 2383
149593, 2384
149620, 2385
149661, 2386
149689, 2387
149718, 2388
149759, 2389
149787, 2390
149829, 2391
149857, 2392
149898, 2393
149912, 2394
149957, 2395
149996, 2396
150024, 2397
150052, 2398
150094, 2399
150122, 2400
150151, 2401
150192, 2402
150220, 2403
150261, 2404
150289, 2405
150319, 2406
150358, 2407
150392, 2408
150426, 2409
150455, 2410
150496, 2411
150525, 2412
150554, 2413
150595, 2414
150623, 2415
150652, 2416
150693, 2417
150721, 2418
150762, 2419
150791, 2420
150819, 2421
150860, 2422
150888, 2423
150930, 2424
150959, 2425
150988, 2426
151027, 2427
151055, 2428
151097, 2429
151126, 2430
151154, 2431
151195, 2432
151224, 2433
151264, 2434
151279, 2435
151320, 2436
151362, 2437
151391, 2438
151432, 2439
151447, 2440
151488, 2441
151529, 2442
151556, 2443
151586, 2444
151643, 2445
151657, 2446
151694, 2447
151736, 2448
151764, 2449
151793, 2450
151834, 2451
151849, 2452
151891, 2453
151931, 2454
151959, 2455
152000, 2456
152029, 2457
152058, 2458
152098, 2459
152127, 2460
152168, 2461
152196, 2462
152224, 2463
152265, 2464
152292, 2465
152334, 2466
152362, 2467
152391, 2468
152433, 2469
152460, 2470
152500, 2471
152529, 2472
152558, 2473
152598, 2474
152627, 2475
152669, 2476
152684, 2477
152725, 2478
152766, 2479
152794, 2480
152827, 2481
152873, 2482
152891, 2483
152923, 2484
152962, 2485
152991, 2486
153030, 2487
153058, 2488
153100, 2489
153128, 2490
153157, 2491
153198, 2492
153227, 2493
153268, 2494
153296, 2495
153326, 2496
153365, 2497
153393, 2498
153435, 2499
153463, 2500
153492, 2501
153532, 2502
153561, 2503
153590, 2504
153629, 2505
153659, 2506
153700, 2507
153728, 2508
153756, 2509
153798, 2510
153827, 2511
153867, 2512
153896, 2513
153924, 2514
153965, 2515
153993, 2516
154034, 2517
154080, 2518
154093, 2519
154131, 2520
154158, 2521
154200, 2522
154228, 2523
154269, 2524
154298, 2525
154327, 2526
154367, 2527
154396, 2528
154424, 2529
154466, 2530
154482, 2531
154532, 2532
154562, 2533
154590, 2534
154632, 2535
154660, 2536
154701, 2537
154729, 2538
154758, 2539
154799, 2540
154827, 2541
154869, 2542
154897, 2543
154923, 2544
154965, 2545
154993, 2546
155035, 2547
155064, 2548
155093, 2549
155132, 2550
155160, 2551
155190, 2552
155230, 2553
155258, 2554
155311, 2555
155328, 2556
155359, 2557
155398, 2558
155426, 2559
155467, 2560
155495, 2561
155526, 2562
155563, 2563
155592, 2564
155633, 2565
155661, 2566
155702, 2567
155731, 2568
155760, 2569
155801, 2570
155830, 2571
155859, 2572
155898, 2573
155927, 2574
155968, 2575
155983, 2576
156024, 2577
156066, 2578
156095, 2579
156136, 2580
156149, 2581
156191, 2582
156234, 2583
156262, 2584
156303, 2585
156318, 2586
156360, 2587
156401, 2588
156429, 2589
156458, 2590
156515, 2591
156540, 2592
156567, 2593
156608, 2594
156636, 2595
156665, 2596
156706, 2597
156734, 2598
156764, 2599
156803, 2600
156831, 2601
156873, 2602
156902, 2603
156930, 2604
156971, 2605
156999, 2606
157041, 2607
157068, 2608
157110, 2609
157125, 2610
157166, 2611
157208, 2612
157237, 2613
157264, 2614
157306, 2615
157334, 2616
157374, 2617
157403, 2618
157431, 2619
157473, 2620
157501, 2621
157529, 2622
157569, 2623
157598, 2624
157640, 2625
157667, 2626
157700, 2627
157749, 2628
157764, 2629
157808, 2630
157823, 2631
157876, 2632
157891, 2633
157933, 2634
157973, 2635
158002, 2636
158031, 2637
158071, 2638
158099, 2639
158140, 2640
158169, 2641
158198, 2642
158239, 2643
158267, 2644
158296, 2645
158335, 2646
158364, 2647
158406, 2648
158434, 2649
158464, 2650
158502, 2651
158531, 2652
158572, 2653
158601, 2654
158631, 2655
158670, 2656
158700, 2657
158739, 2658
158768, 2659
158796, 2660
158836, 2661
158866, 2662
158911, 2663
158945, 2664
158963, 2665
159006, 2666
159033, 2667
159074, 2668
159103, 2669
159143, 2670
159173, 2671
159200, 2672
159241, 2673
159269, 2674
159310, 2675
159339, 2676
159368, 2677
159408, 2678
159435, 2679
159478, 2680
159492, 2681
159534, 2682
159576, 2683
159591, 2684
159644, 2685
159658, 2686
159701, 2687
159742, 2688
159758, 2689
159798, 2690
159839, 2691
159868, 2692
159897, 2693
159936, 2694
159965, 2695
160006, 2696
160035, 2697
160064, 2698
160107, 2699
160155, 2700
160173, 2701
160204, 2702
160233, 2703
160272, 2704
160299, 2705
160340, 2706
160369, 2707
160399, 2708
160438, 2709
160467, 2710
160508, 2711
160536, 2712
160564, 2713
160605, 2714
160633, 2715
160675, 2716
160704, 2717
160732, 2718
160773, 2719
160802, 2720
160842, 2721
160871, 2722
160899, 2723
160939, 2724
160968, 2725
160998, 2726
161036, 2727
161065, 2728
161106, 2729
161134, 2730
161165, 2731
161205, 2732
161233, 2733
161274, 2734
161306, 2735
161357, 2736
161372, 2737
161414, 2738
161428, 2739
161469, 2740
161511, 2741
161540, 2742
161568, 2743
161610, 2744
161638, 2745
161668, 2746
161709, 2747
161736, 2748
161776, 2749
161804, 2750
161845, 2751
161873, 2752
161902, 2753
161941, 2754
161969, 2755
162012, 2756
162041, 2757
162068, 2758
162110, 2759
162138, 2760
162166, 2761
162208, 2762
162236, 2763
162277, 2764
162306, 2765
162334, 2766
162374, 2767
162403, 2768
162432, 2769
162471, 2770
162503, 2771
162553, 2772
162568, 2773
162600, 2774
162638, 2775
162666, 2776
162707, 2777
162736, 2778
162766, 2779
162805, 2780
162847, 2781
162861, 2782
162903, 2783
162933, 2784
162973, 2785
163002, 2786
163043, 2787
163058, 2788
163099, 2789
163138, 2790
163167, 2791
163209, 2792
163238, 2793
163266, 2794
163308, 2795
163335, 2796
163376, 2797
163405, 2798
163433, 2799
163475, 2800
163502, 2801
163532, 2802
163572, 2803
163600, 2804
163641, 2805
163670, 2806
163714, 2807
163750, 2808
163767, 2809
163809, 2810
163837, 2811
163878, 2812
163905, 2813
163946, 2814
163975, 2815
164004, 2816
164045, 2817
164072, 2818
164115, 2819
164129, 2820
164170, 2821
164212, 2822
164240, 2823
164268, 2824
164310, 2825
164338, 2826
164379, 2827
164408, 2828
164436, 2829
164477, 2830
164505, 2831
164533, 2832
164574, 2833
164603, 2834
164643, 2835
164672, 2836
164713, 2837
164741, 2838
164772, 2839
164811, 2840
164839, 2841
164880, 2842
164897, 2843
164950, 2844
164978, 2845
165007, 2846
165048, 2847
165076, 2848
165106, 2849
165144, 2850
165172, 2851
165201, 2852
165242, 2853
165271, 2854
165312, 2855
165340, 2856
165369, 2857
165410, 2858
165438, 2859
165479, 2860
165508, 2861
165536, 2862
165578, 2863
165607, 2864
165646, 2865
165675, 2866
165702, 2867
165743, 2868
165772, 2869
165813, 2870
165842, 2871
165870, 2872
165911, 2873
165938, 2874
165968, 2875
166008, 2876
166037, 2877
166077, 2878
166116, 2879
166174, 2880
166191, 2881
166233, 2882
166260, 2883
166301, 2884
166328, 2885
166368, 2886
166397, 2887
166424, 2888
166466, 2889
166493, 2890
166534, 2891
166562, 2892
166591, 2893
166632, 2894
166660, 2895
166702, 2896
166731, 2897
166759, 2898
166799, 2899
166835, 2900
166869, 2901
166895, 2902
166926, 2903
166965, 2904
166993, 2905
167035, 2906
167062, 2907
167093, 2908
167133, 2909
167161, 2910
167203, 2911
167232, 2912
167260, 2913
167301, 2914
167329, 2915
167371, 2916
167385, 2917
167428, 2918
167466, 2919
167496, 2920
167551, 2921
167565, 2922
167594, 2923
167636, 2924
167663, 2925
167692, 2926
167733, 2927
167760, 2928
167801, 2929
167830, 2930
167858, 2931
167900, 2932
167929, 2933
167969, 2934
167998, 2935
168026, 2936
168067, 2937
168095, 2938
168137, 2939
168152, 2940
168208, 2941
168221, 2942
168261, 2943
168303, 2944
168331, 2945
168360, 2946
168399, 2947
168428, 2948
168470, 2949
168498, 2950
168526, 2951
168567, 2952
168596, 2953
168637, 2954
168651, 2955
168693, 2956
168735, 2957
168764, 2958
168805, 2959
168820, 2960
168878, 2961
168893, 2962
168928, 2963
168969, 2964
168997, 2965
169026, 2966
169068, 2967
169097, 2968
169137, 2969
169152, 2970
169193, 2971
169235, 2972
169263, 2973
169294, 2974
169333, 2975
169362, 2976
169402, 2977
169431, 2978
169460, 2979
169500, 2980
169544, 2981
169557, 2982
169596, 2983
169627, 2984
169666, 2985
169694, 2986
169735, 2987
169764, 2988
169794, 2989
169833, 2990
169861, 2991
169903, 2992
169931, 2993
169960, 2994
170001, 2995
170028, 2996
170069, 2997
170098, 2998
170127, 2999
170168, 3000
170197, 3001
170240, 3002
170252, 3003
170293, 3004
170335, 3005
170363, 3006
170404, 3007
170433, 3008
170481, 3009
170510, 3010
170532, 3011
170572, 3012
170587, 3013
170627, 3014
170668, 3015
170697, 3016
170737, 3017
170767, 3018
170794, 3019
170834, 3020
170863, 3021
170908, 3022
170942, 3023
170961, 3024
171000, 3025
171030, 3026
171072, 3027
171099, 3028
171128, 3029
171159, 3030
171198, 3031
171226, 3032
171267, 3033
171295, 3034
171336, 3035
171365, 3036
171397, 3037
171434, 3038
171462, 3039
171492, 3040
171531, 3041
171562, 3042
171616, 3043
171633, 3044
171669, 3045
171697, 3046
171739, 3047
171767, 3048
171810, 3049
171838, 3050
171865, 3051
171908, 3052
171936, 3053
171965, 3054
172005, 3055
172032, 3056
172074, 3057
172103, 3058
172145, 3059
172159, 3060
172200, 3061
172240, 3062
172272, 3063
172311, 3064
172325, 3065
172367, 3066
172408, 3067
172424, 3068
172477, 3069
172506, 3070
172533, 3071
172575, 3072
172605, 3073
172633, 3074
172674, 3075
172702, 3076
172743, 3077
172759, 3078
172800, 3079
172841, 3080
172870, 3081
172898, 3082
172939, 3083
172970, 3084
173011, 3085
173026, 3086
173066, 3087
173104, 3088
173133, 3089
173164, 3090
173203, 3091
173232, 3092
173272, 3093
173301, 3094
173331, 3095
173369, 3096
173400, 3097
173440, 3098
173467, 3099
173509, 3100
173538, 3101
173566, 3102
173608, 3103
173638, 3104
173677, 3105
173705, 3106
173734, 3107
173775, 3108
173804, 3109
173832, 3110
173871, 3111
173899, 3112
173941, 3113
173969, 3114
173999, 3115
174039, 3116
174067, 3117
174107, 3118
174136, 3119
174167, 3120
174206, 3121
174234, 3122
174275, 3123
174304, 3124
174357, 3125
174374, 3126
174404, 3127
174445, 3128
174472, 3129
174500, 3130
174541, 3131
174569, 3132
174610, 3133
174638, 3134
174667, 3135
174707, 3136
174736, 3137
174777, 3138
174805, 3139
174835, 3140
174875, 3141
174903, 3142
174944, 3143
174973, 3144
175017, 3145
175029, 3146
175070, 3147
175110, 3148
175139, 3149
175167, 3150
175208, 3151
175237, 3152
175277, 3153
175293, 3154
175333, 3155
175375, 3156
175403, 3157
175445, 3158
175460, 3159
175501, 3160
175543, 3161
175572, 3162
175612, 3163
175626, 3164
175671, 3165
175711, 3166
175737, 3167
175766, 3168
175806, 3169
175835, 3170
175877, 3171
175906, 3172
175934, 3173
175976, 3174
176003, 3175
176044, 3176
176072, 3177
176101, 3178
176143, 3179
176171, 3180
176213, 3181
176240, 3182
176268, 3183
176309, 3184
176338, 3185
176383, 3186
176394, 3187
176435, 3188
176475, 3189
176503, 3190
176533, 3191
176573, 3192
176603, 3193
176642, 3194
176670, 3195
176713, 3196
176727, 3197
176768, 3198
176810, 3199
176839, 3200
176867, 3201
176908, 3202
176936, 3203
176977, 3204
177006, 3205
177050, 3206
177064, 3207
177102, 3208
177142, 3209
177171, 3210
177201, 3211
177241, 3212
177269, 3213
177311, 3214
177327, 3215
177367, 3216
177408, 3217
177436, 3218
177466, 3219
177505, 3220
177534, 3221
177574, 3222
177602, 3223
177644, 3224
177672, 3225
177708, 3226
177741, 3227
177769, 3228
177811, 3229
177839, 3230
177869, 3231
177908, 3232
177937, 3233
177966, 3234
178007, 3235
178035, 3236
178076, 3237
178106, 3238
178134, 3239
178175, 3240
178203, 3241
178244, 3242
178273, 3243
178301, 3244
178342, 3245
178370, 3246
178415, 3247
178427, 3248
178467, 3249
178508, 3250
178536, 3251
178577, 3252
178606, 3253
178634, 3254
178675, 3255
178704, 3256
178745, 3257
178772, 3258
178801, 3259
178842, 3260
178870, 3261
178902, 3262
178940, 3263
178969, 3264
179009, 3265
179037, 3266
179082, 3267
179116, 3268
179135, 3269
179167, 3270
179206, 3271
179234, 3272
179274, 3273
179303, 3274
179344, 3275
179372, 3276
179402, 3277
179441, 3278
179470, 3279
179511, 3280
179539, 3281
179569, 3282
179608, 3283
179637, 3284
179678, 3285
179707, 3286
179735, 3287
179820, 3288
179833, 3289
179871, 3290
179901, 3291
179930, 3292
179970, 3293
179997, 3294
180038, 3295
180067, 3296
180097, 3297
180136, 3298
180164, 3299
180207, 3300
180246, 3301
180260, 3302
180302, 3303
180332, 3304
180371, 3305
180400, 3306
180440, 3307
180470, 3308
180499, 3309
180540, 3310
180568, 3311
180612, 3312
180645, 3313
180664, 3314
180703, 3315
180733, 3316
180763, 3317
180803, 3318
180832, 3319
180874, 3320
180902, 3321
180931, 3322
180971, 3323
181002, 3324
181040, 3325
181068, 3326
181097, 3327
181139, 3328
181166, 3329
181208, 3330
181236, 3331
181266, 3332
181306, 3333
181334, 3334
181376, 3335
181407, 3336
181445, 3337
181459, 3338
181502, 3339
181530, 3340
181571, 3341
181599, 3342
181640, 3343
181668, 3344
181700, 3345
181737, 3346
181767, 3347
181811, 3348
181835, 3349
181865, 3350
181904, 3351
181933, 3352
181976, 3353
182002, 3354
182032, 3355
182072, 3356
182101, 3357
182143, 3358
182171, 3359
182205, 3360
182241, 3361
182266, 3362
182309, 3363
182336, 3364
182366, 3365
182407, 3366
182423, 3367
182475, 3368
182504, 3369
182533, 3370
182573, 3371
182605, 3372
182638, 3373
182656, 3374
182699, 3375
182739, 3376
182768, 3377
182810, 3378
182825, 3379
182864, 3380
182907, 3381
182935, 3382
182965, 3383
183007, 3384
183046, 3385
183060, 3386
183102, 3387
183129, 3388
183172, 3389
183200, 3390
183230, 3391
183268, 3392
183299, 3393
183337, 3394
183367, 3395
183400, 3396
183448, 3397
183463, 3398
183505, 3399
183534, 3400
183563, 3401
183603, 3402
183632, 3403
183673, 3404
183702, 3405
183742, 3406
183771, 3407
183800, 3408
183854, 3409
183869, 3410
183897, 3411
183939, 3412
183965, 3413
184007, 3414
184035, 3415
184076, 3416
184090, 3417
184135, 3418
184172, 3419
184201, 3420
184234, 3421
184283, 3422
184297, 3423
184340, 3424
184368, 3425
184397, 3426
184437, 3427
184465, 3428
184507, 3429
184536, 3430
184564, 3431
184605, 3432
184633, 3433
184676, 3434
184690, 3435
184731, 3436
184773, 3437
184801, 3438
184843, 3439
184857, 3440
184899, 3441
184940, 3442
184968, 3443
184997, 3444
185038, 3445
185082, 3446
185095, 3447
185135, 3448
185176, 3449
185191, 3450
185233, 3451
185273, 3452
185302, 3453
185344, 3454
185358, 3455
185401, 3456
185442, 3457
185460, 3458
185511, 3459
185538, 3460
185567, 3461
185610, 3462
185637, 3463
185665, 3464
185706, 3465
185735, 3466
185775, 3467
185803, 3468
185831, 3469
185874, 3470
185915, 3471
185930, 3472
185972, 3473
186000, 3474
186040, 3475
186069, 3476
186097, 3477
186137, 3478
186165, 3479
186207, 3480
186235, 3481
186263, 3482
186307, 3483
186345, 3484
186360, 3485
186402, 3486
186430, 3487
186472, 3488
186500, 3489
186542, 3490
186570, 3491
186599, 3492
186639, 3493
186668, 3494
186696, 3495
186749, 3496
186765, 3497
186807, 3498
186823, 3499
186874, 3500
186903, 3501
186931, 3502
186974, 3503
187001, 3504
187030, 3505
187070, 3506
187100, 3507
187142, 3508
187181, 3509
187194, 3510
187238, 3511
187266, 3512
187307, 3513
187335, 3514
187365, 3515
187404, 3516
187433, 3517
187473, 3518
187503, 3519
187531, 3520
187586, 3521
187600, 3522
187641, 3523
187669, 3524
187711, 3525
187739, 3526
187767, 3527
187808, 3528
187836, 3529
187865, 3530
187905, 3531
187933, 3532
187984, 3533
188028, 3534
188045, 3535
188087, 3536
188115, 3537
188143, 3538
188184, 3539
188211, 3540
188264, 3541
188280, 3542
188311, 3543
188350, 3544
188377, 3545
188419, 3546
188447, 3547
188490, 3548
188503, 3549
188543, 3550
188584, 3551
188612, 3552
188642, 3553
188682, 3554
188723, 3555
188738, 3556
188780, 3557
188822, 3558
188836, 3559
188878, 3560
188919, 3561
188967, 3562
188989, 3563
189014, 3564
189056, 3565
189081, 3566
189120, 3567
189147, 3568
189198, 3569
189213, 3570
189255, 3571
189283, 3572
189323, 3573
189352, 3574
189393, 3575
189422, 3576
189447, 3577
189489, 3578
189517, 3579
189559, 3580
189587, 3581
189616, 3582
189669, 3583
189685, 3584
189721, 3585
189748, 3586
189786, 3587
189813, 3588
189854, 3589
189894, 3590
189909, 3591
189951, 3592
189981, 3593
190019, 3594
190049, 3595
190087, 3596
190128, 3597
190143, 3598
190186, 3599
190214, 3600
190255, 3601
190284, 3602
190324, 3603
190366, 3604
190381, 3605
190422, 3606
190450, 3607
190480, 3608
190519, 3609
190548, 3610
190601, 3611
190617, 3612
190657, 3613
190686, 3614
190716, 3615
190755, 3616
190797, 3617
190815, 3618
190854, 3619
190883, 3620
190923, 3621
190951, 3622
190993, 3623
191008, 3624
191053, 3625
191087, 3626
191116, 3627
191158, 3628
191183, 3629
191224, 3630
191250, 3631
191293, 3632
191329, 3633
191343, 3634
191384, 3635
191425, 3636
191453, 3637
191495, 3638
191512, 3639
191550, 3640
191591, 3641
191621, 3642
191651, 3643
191688, 3644
191717, 3645
191761, 3646
191800, 3647
191814, 3648
191856, 3649
191885, 3650
191926, 3651
191955, 3652
191986, 3653
192023, 3654
192050, 3655
192092, 3656
192121, 3657
192150, 3658
192191, 3659
192222, 3660
192259, 3661
192288, 3662
192317, 3663
192358, 3664
192386, 3665
192415, 3666
192458, 3667
192496, 3668
192511, 3669
192553, 3670
192584, 3671
192622, 3672
192651, 3673
192704, 3674
192746, 3675
192765, 3676
192795, 3677
192824, 3678
192874, 3679
192888, 3680
192931, 3681
192961, 3682
192998, 3683
193026, 3684
193057, 3685
193097, 3686
193135, 3687
193164, 3688
193193, 3689
193226, 3690
193261, 3691
193301, 3692
193327, 3693
193370, 3694
193405, 3695
193419, 3696
193460, 3697
193501, 3698
193540, 3699
193554, 3700
193597, 3701
193631, 3702
193665, 3703
193692, 3704
193734, 3705
193766, 3706
193804, 3707
193833, 3708
193862, 3709
193906, 3710
193943, 3711
193958, 3712
194000, 3713
194031, 3714
194068, 3715
194097, 3716
194127, 3717
194170, 3718
194208, 3719
194237, 3720
194265, 3721
194311, 3722
194335, 3723
194362, 3724
194403, 3725
194435, 3726
194473, 3727
194501, 3728
194531, 3729
194575, 3730
194598, 3731
194629, 3732
194669, 3733
194700, 3734
194739, 3735
194766, 3736
194794, 3737
194840, 3738
194877, 3739
194892, 3740
194933, 3741
194966, 3742
195002, 3743
195031, 3744
195063, 3745
195103, 3746
195141, 3747
195169, 3748
195198, 3749
195243, 3750
195267, 3751
195296, 3752
195336, 3753
195377, 3754
195415, 3755
195436, 3756
195476, 3757
195504, 3758
195544, 3759
195560, 3760
195606, 3761
195642, 3762
195674, 3763
195701, 3764
195741, 3765
195768, 3766
195811, 3767
195837, 3768
195868, 3769
195905, 3770
195935, 3771
195972, 3772
195999, 3773
196041, 3774
196066, 3775
196105, 3776
196133, 3777
196172, 3778
196204, 3779
196241, 3780
196270, 3781
196298, 3782
196341, 3783
196379, 3784
196394, 3785
196436, 3786
196465, 3787
196504, 3788
196533, 3789
196574, 3790
196603, 3791
196631, 3792
196675, 3793
196714, 3794
196728, 3795
196794, 3796
196822, 3797
196839, 3798
196876, 3799
196926, 3800
