68973, 1
69032, 2
69068, 3
69103, 4
69131, 5
69170, 6
69196, 7
69241, 8
69278, 9
69306, 10
69337, 11
69374, 12
69403, 13
69429, 14
69470, 15
69499, 16
69525, 17
69569, 18
69611, 19
69638, 20
69669, 21
69697, 22
69738, 23
69778, 24
69805, 25
69846, 26
69865, 27
69907, 28
69933, 29
69968, 30
70012, 31
70058, 32
70084, 33
70123, 34
70156, 35
70182, 36
70222, 37
70262, 38
70280, 39
70320, 40
70362, 41
70389, 42
70434, 43
70462, 44
70488, 45
70518, 46
70557, 47
70599, 48
70626, 49
70670, 50
70696, 51
70739, 52
70765, 53
70792, 54
70835, 55
70862, 56
70892, 57
70936, 58
70962, 59
70992, 60
71031, 61
71060, 62
71100, 63
71118, 64
71170, 65
71185, 66
71240, 67
71270, 68
71310, 69
71328, 70
71365, 71
71406, 72
71437, 73
71479, 74
71507, 75
71534, 76
71575, 77
71603, 78
71632, 79
71673, 80
71711, 81
71728, 82
71772, 83
71808, 84
71839, 85
71880, 86
71907, 87
71963, 88
71992, 89
72021, 90
72049, 91
72086, 92
72129, 93
72155, 94
72185, 95
72227, 96
72244, 97
72300, 98
72326, 99
72352, 100
72395, 101
72424, 102
72450, 103
72493, 104
72521, 105
72567, 106
72591, 107
72621, 108
72647, 109
72687, 110
72729, 111
72756, 112
72800, 113
72824, 114
72852, 115
72896, 116
72925, 117
72950, 118
72994, 119
73021, 120
73049, 121
73076, 122
73121, 123
73159, 124
73179, 125
73224, 126
73249, 127
73292, 128
73327, 129
73357, 130
73411, 131
73437, 132
73479, 133
73519, 134
73549, 135
73580, 136
73604, 137
73645, 138
73690, 139
73715, 140
73745, 141
73787, 142
73815, 143
73841, 144
73884, 145
73902, 146
73958, 147
73984, 148
74012, 149
74052, 150
74081, 151
74141, 152
74160, 153
74200, 154
74240, 155
74265, 156
74306, 157
74333, 158
74373, 159
74401, 160
74442, 161
74471, 162
74499, 163
74524, 164
74567, 165
74607, 166
74634, 167
74678, 168
74706, 169
74735, 170
74788, 171
74814, 172
74832, 173
74885, 174
74902, 175
74955, 176
74971, 177
75011, 178
75041, 179
75083, 180
75111, 181
75137, 182
75179, 183
75210, 184
75250, 185
75278, 186
75307, 187
75345, 188
75388, 189
75405, 190
75445, 191
75473, 192
75512, 193
75544, 194
75583, 195
75609, 196
75651, 197
75682, 198
75709, 199
75751, 200
75778, 201
75806, 202
75848, 203
75889, 204
75915, 205
75946, 206
75986, 207
76014, 208
76043, 209
76084, 210
76111, 211
76154, 212
76196, 213
76223, 214
76262, 215
76293, 216
76331, 217
76359, 218
76398, 219
76425, 220
76453, 221
76495, 222
76530, 223
76559, 224
76586, 225
76627, 226
76656, 227
76698, 228
76715, 229
76767, 230
76796, 231
76824, 232
76864, 233
76905, 234
76923, 235
76975, 236
77005, 237
77031, 238
77073, 239
77101, 240
77128, 241
77171, 242
77198, 243
77242, 244
77270, 245
77297, 246
77338, 247
77365, 248
77405, 249
77423, 250
77468, 251
77514, 252
77539, 253
77567, 254
77618, 255
77645, 256
77671, 257
77702, 258
77744, 259
77769, 260
77811, 261
77838, 262
77880, 263
77894, 264
77937, 265
77978, 266
77997, 267
78047, 268
78077, 269
78105, 270
78131, 271
78170, 272
78213, 273
78230, 274
78301, 275
78327, 276
78353, 277
78379, 278
78408, 279
78438, 280
78479, 281
78506, 282
78533, 283
78575, 284
78616, 285
78647, 286
78672, 287
78714, 288
78742, 289
78782, 290
78802, 291
78843, 292
78885, 293
78908, 294
78950, 295
78977, 296
79019, 297
79043, 298
79084, 299
79111, 300
79150, 301
79178, 302
79219, 303
79247, 304
79274, 305
79314, 306
79357, 307
79386, 308
79412, 309
79455, 310
79484, 311
79510, 312
79552, 313
79580, 314
79620, 315
79650, 316
79677, 317
79719, 318
79747, 319
79774, 320
79817, 321
79844, 322
79886, 323
79915, 324
79943, 325
79983, 326
80011, 327
80052, 328
80082, 329
80107, 330
80150, 331
80197, 332
80225, 333
80267, 334
80305, 335
80330, 336
80372, 337
80400, 338
80427, 339
80470, 340
80498, 341
80537, 342
80565, 343
80604, 344
80631, 345
80672, 346
80697, 347
80739, 348
80765, 349
80806, 350
80832, 351
80873, 352
80907, 353
80938, 354
80956, 355
81001, 356
81041, 357
81068, 358
81097, 359
81140, 360
81168, 361
81194, 362
81236, 363
81280, 364
81308, 365
81334, 366
81363, 367
81403, 368
81431, 369
81471, 370
81499, 371
81539, 372
81583, 373
81622, 374
81648, 375
81677, 376
81715, 377
81730, 378
81781, 379
81809, 380
81853, 381
81879, 382
81918, 383
81944, 384
81987, 385
82003, 386
82043, 387
82071, 388
82113, 389
82141, 390
82181, 391
82212, 392
82251, 393
82278, 394
82308, 395
82351, 396
82378, 397
82405, 398
82488, 399
82516, 400
82555, 401
82583, 402
82610, 403
82654, 404
82681, 405
82710, 406
82750, 407
82779, 408
82811, 409
82849, 410
82877, 411
82918, 412
82945, 413
82975, 414
83016, 415
83044, 416
83073, 417
83125, 418
83148, 419
83175, 420
83216, 421
83243, 422
83284, 423
83311, 424
83341, 425
83384, 426
83409, 427
83448, 428
83476, 429
83517, 430
83547, 431
83575, 432
83602, 433
83655, 434
83683, 435
83710, 436
83752, 437
83782, 438
83810, 439
83837, 440
83880, 441
83919, 442
83949, 443
83978, 444
84019, 445
84045, 446
84087, 447
84115, 448
84142, 449
84186, 450
84226, 451
84257, 452
84286, 453
84314, 454
84354, 455
84380, 456
84423, 457
84450, 458
84481, 459
84519, 460
84576, 461
84606, 462
84633, 463
84660, 464
84699, 465
84722, 466
84763, 467
84803, 468
84830, 469
84858, 470
84886, 471
84929, 472
84954, 473
84994, 474
85032, 475
85052, 476
85105, 477
85133, 478
85160, 479
85201, 480
85230, 481
85272, 482
85300, 483
85329, 484
85383, 485
85411, 486
85440, 487
85467, 488
85510, 489
85537, 490
85563, 491
85618, 492
85647, 493
85675, 494
85703, 495
85731, 496
85771, 497
85815, 498
85842, 499
85860, 500
85914, 501
85948, 502
85965, 503
86006, 504
86047, 505
86070, 506
86112, 507
86141, 508
86179, 509
86198, 510
86235, 511
86276, 512
86307, 513
86346, 514
86373, 515
86401, 516
86444, 517
86471, 518
86516, 519
86541, 520
86568, 521
86643, 522
86666, 523
86708, 524
86745, 525
86772, 526
86802, 527
86829, 528
86872, 529
86900, 530
86930, 531
86970, 532
86998, 533
87040, 534
87056, 535
87096, 536
87138, 537
87165, 538
87206, 539
87224, 540
87278, 541
87295, 542
87337, 543
87363, 544
87405, 545
87430, 546
87471, 547
87501, 548
87541, 549
87560, 550
87614, 551
87641, 552
87668, 553
87692, 554
87736, 555
87762, 556
87806, 557
87834, 558
87863, 559
87903, 560
87932, 561
87973, 562
88000, 563
88043, 564
88084, 565
88112, 566
88144, 567
88182, 568
88209, 569
88240, 570
88280, 571
88310, 572
88333, 573
88378, 574
88418, 575
88446, 576
88463, 577
88517, 578
88560, 579
88586, 580
88612, 581
88654, 582
88673, 583
88726, 584
88751, 585
88782, 586
88821, 587
88840, 588
88881, 589
88919, 590
88949, 591
88976, 592
89028, 593
89041, 594
89083, 595
89126, 596
89155, 597
89183, 598
89211, 599
89252, 600
89279, 601
89336, 602
89363, 603
89392, 604
89421, 605
89458, 606
89496, 607
89537, 608
89563, 609
89590, 610
89630, 611
89672, 612
89700, 613
89728, 614
89768, 615
89799, 616
89825, 617
89865, 618
89892, 619
89936, 620
89952, 621
89994, 622
90049, 623
90076, 624
90104, 625
90129, 626
90172, 627
90187, 628
90228, 629
90271, 630
90302, 631
90328, 632
90367, 633
90395, 634
90435, 635
90466, 636
90494, 637
90535, 638
90566, 639
90590, 640
90632, 641
90672, 642
90690, 643
90773, 644
90799, 645
90825, 646
90853, 647
90896, 648
90924, 649
90951, 650
90993, 651
91034, 652
91053, 653
91092, 654
91145, 655
91163, 656
91188, 657
91229, 658
91256, 659
91298, 660
91323, 661
91361, 662
91424, 663
91448, 664
91488, 665
91511, 666
91552, 667
91580, 668
91622, 669
91649, 670
91677, 671
91722, 672
91746, 673
91786, 674
91806, 675
91856, 676
91886, 677
91913, 678
91954, 679
91982, 680
92023, 681
92065, 682
92092, 683
92136, 684
92163, 685
92192, 686
92220, 687
92273, 688
92302, 689
92330, 690
92371, 691
92400, 692
92427, 693
92468, 694
92509, 695
92539, 696
92566, 697
92622, 698
92638, 699
92679, 700
92696, 701
92738, 702
92777, 703
92804, 704
92831, 705
92872, 706
92910, 707
92936, 708
92976, 709
93003, 710
93032, 711
93071, 712
93112, 713
93129, 714
93179, 715
93195, 716
93237, 717
93269, 718
93309, 719
93335, 720
93377, 721
93404, 722
93445, 723
93472, 724
93514, 725
93542, 726
93583, 727
93611, 728
93639, 729
93666, 730
93725, 731
93751, 732
93778, 733
93820, 734
93848, 735
93874, 736
93932, 737
93965, 738
93988, 739
94026, 740
94041, 741
94097, 742
94114, 743
94168, 744
94197, 745
94228, 746
94253, 747
94282, 748
94333, 749
94353, 750
94388, 751
94422, 752
94459, 753
94487, 754
94531, 755
94558, 756
94586, 757
94636, 758
94679, 759
94710, 760
94741, 761
94767, 762
94809, 763
94849, 764
94879, 765
94906, 766
94945, 767
94976, 768
95016, 769
95044, 770
95072, 771
95113, 772
95142, 773
95183, 774
95214, 775
95253, 776
95295, 777
95323, 778
95349, 779
95392, 780
95421, 781
95451, 782
95492, 783
95518, 784
95560, 785
95589, 786
95617, 787
95657, 788
95700, 789
95716, 790
95757, 791
95785, 792
95827, 793
95852, 794
95895, 795
95924, 796
95958, 797
95976, 798
96034, 799
96061, 800
96090, 801
96118, 802
96160, 803
96187, 804
96216, 805
96258, 806
96284, 807
96326, 808
96354, 809
96396, 810
96423, 811
96451, 812
96493, 813
96521, 814
96565, 815
96592, 816
96619, 817
96660, 818
96680, 819
96732, 820
96758, 821
96774, 822
96827, 823
96856, 824
96885, 825
96927, 826
96954, 827
96996, 828
97013, 829
97064, 830
97081, 831
97120, 832
97163, 833
97177, 834
97240, 835
97262, 836
97286, 837
97328, 838
97355, 839
97386, 840
97428, 841
97456, 842
97483, 843
97523, 844
97555, 845
97594, 846
97622, 847
97661, 848
97692, 849
97720, 850
97762, 851
97789, 852
97844, 853
97871, 854
97899, 855
97940, 856
97968, 857
97996, 858
98023, 859
98066, 860
98093, 861
98121, 862
98163, 863
98194, 864
98234, 865
98263, 866
98303, 867
98321, 868
98372, 869
98388, 870
98430, 871
98461, 872
98500, 873
98530, 874
98583, 875
98609, 876
98637, 877
98667, 878
98691, 879
98734, 880
98768, 881
98805, 882
98832, 883
98874, 884
98902, 885
98930, 886
98959, 887
99009, 888
99040, 889
99067, 890
99110, 891
99138, 892
99181, 893
99207, 894
99234, 895
99278, 896
99303, 897
99348, 898
99376, 899
99404, 900
99431, 901
99471, 902
99513, 903
99528, 904
99573, 905
99609, 906
99627, 907
99682, 908
99710, 909
99737, 910
99779, 911
99795, 912
99835, 913
99890, 914
99909, 915
99948, 916
99973, 917
100001, 918
100042, 919
100085, 920
100114, 921
100143, 922
100171, 923
100211, 924
100243, 925
100269, 926
100323, 927
100349, 928
100378, 929
100406, 930
100434, 931
100487, 932
100530, 933
100559, 934
100584, 935
100627, 936
100654, 937
100686, 938
100723, 939
100767, 940
100794, 941
100823, 942
100849, 943
100891, 944
100920, 945
100960, 946
100979, 947
101032, 948
101061, 949
101086, 950
101127, 951
101144, 952
101204, 953
101240, 954
101280, 955
101309, 956
101337, 957
101362, 958
101401, 959
101441, 960
101472, 961
101497, 962
101536, 963
101561, 964
101603, 965
101630, 966
101672, 967
101698, 968
101740, 969
101758, 970
101813, 971
101841, 972
101865, 973
101894, 974
101937, 975
101964, 976
102005, 977
102032, 978
102062, 979
102105, 980
102132, 981
102160, 982
102200, 983
102241, 984
102259, 985
102313, 986
102342, 987
102371, 988
102399, 989
102424, 990
102464, 991
102507, 992
102536, 993
102576, 994
102619, 995
102647, 996
102689, 997
102716, 998
102742, 999
102785, 1000
102816, 1001
102854, 1002
102885, 1003
102910, 1004
102953, 1005
102983, 1006
103010, 1007
103051, 1008
103093, 1009
103132, 1010
103152, 1011
103189, 1012
103216, 1013
103260, 1014
103287, 1015
103334, 1016
103360, 1017
103411, 1018
103440, 1019
103464, 1020
103506, 1021
103531, 1022
103571, 1023
103610, 1024
103625, 1025
103667, 1026
103708, 1027
103735, 1028
103874, 1029
103911, 1030
103939, 1031
103985, 1032
104007, 1033
104049, 1034
104077, 1035
104119, 1036
104147, 1037
104172, 1038
104200, 1039
104240, 1040
104280, 1041
104306, 1042
104345, 1043
104372, 1044
104414, 1045
104455, 1046
104496, 1047
104524, 1048
104554, 1049
104582, 1050
104608, 1051
104663, 1052
104690, 1053
104715, 1054
104755, 1055
104808, 1056
104835, 1057
104863, 1058
104888, 1059
104929, 1060
104946, 1061
104998, 1062
105029, 1063
105078, 1064
105108, 1065
105134, 1066
105175, 1067
105201, 1068
105240, 1069
105267, 1070
105307, 1071
105335, 1072
105365, 1073
105405, 1074
105436, 1075
105477, 1076
105511, 1077
105540, 1078
105567, 1079
105607, 1080
105638, 1081
105663, 1082
105706, 1083
105767, 1084
105788, 1085
105826, 1086
105853, 1087
105893, 1088
105933, 1089
105962, 1090
105988, 1091
106027, 1092
106058, 1093
106100, 1094
106127, 1095
106156, 1096
106197, 1097
106226, 1098
106252, 1099
106293, 1100
106327, 1101
106359, 1102
106397, 1103
106423, 1104
106449, 1105
106493, 1106
106532, 1107
106562, 1108
106587, 1109
106640, 1110
106667, 1111
106696, 1112
106714, 1113
106766, 1114
106795, 1115
106825, 1116
106850, 1117
106879, 1118
106932, 1119
106964, 1120
107004, 1121
107032, 1122
107059, 1123
107088, 1124
107140, 1125
107168, 1126
107196, 1127
107239, 1128
107267, 1129
107294, 1130
107337, 1131
107365, 1132
107392, 1133
107435, 1134
107463, 1135
107505, 1136
107550, 1137
107574, 1138
107600, 1139
107644, 1140
107671, 1141
107714, 1142
107742, 1143
107770, 1144
107810, 1145
107840, 1146
107866, 1147
107907, 1148
107937, 1149
107980, 1150
108008, 1151
108038, 1152
108065, 1153
108116, 1154
108133, 1155
108171, 1156
108201, 1157
108246, 1158
108286, 1159
108314, 1160
108342, 1161
108381, 1162
108409, 1163
108452, 1164
108479, 1165
108535, 1166
108565, 1167
108593, 1168
108619, 1169
108648, 1170
108673, 1171
108719, 1172
108753, 1173
108779, 1174
108831, 1175
108858, 1176
108883, 1177
108926, 1178
108953, 1179
108984, 1180
109022, 1181
109053, 1182
109093, 1183
109123, 1184
109151, 1185
109174, 1186
109229, 1187
109252, 1188
109294, 1189
109320, 1190
109347, 1191
109387, 1192
109427, 1193
109444, 1194
109496, 1195
109545, 1196
109566, 1197
109608, 1198
109634, 1199
109677, 1200
109705, 1201
109733, 1202
109774, 1203
109805, 1204
109841, 1205
109871, 1206
109900, 1207
109939, 1208
109969, 1209
110010, 1210
110041, 1211
110071, 1212
110095, 1213
110136, 1214
110175, 1215
110204, 1216
110234, 1217
110261, 1218
110303, 1219
110344, 1220
110360, 1221
110414, 1222
110431, 1223
110472, 1224
110512, 1225
110540, 1226
110566, 1227
110608, 1228
110639, 1229
110680, 1230
110716, 1231
110737, 1232
110776, 1233
110803, 1234
110845, 1235
110861, 1236
110904, 1237
110946, 1238
110973, 1239
111001, 1240
111040, 1241
111069, 1242
111110, 1243
111137, 1244
111180, 1245
111208, 1246
111236, 1247
111293, 1248
111319, 1249
111347, 1250
111389, 1251
111417, 1252
111447, 1253
111485, 1254
111514, 1255
111544, 1256
111584, 1257
111613, 1258
111654, 1259
111681, 1260
111707, 1261
111747, 1262
111786, 1263
111814, 1264
111853, 1265
111895, 1266
111922, 1267
111957, 1268
111996, 1269
112012, 1270
112062, 1271
112092, 1272
112120, 1273
112159, 1274
112202, 1275
112225, 1276
112267, 1277
112294, 1278
112321, 1279
112366, 1280
112393, 1281
112421, 1282
112461, 1283
112502, 1284
112518, 1285
112575, 1286
112604, 1287
112629, 1288
112656, 1289
112700, 1290
112725, 1291
112765, 1292
112784, 1293
112825, 1294
112865, 1295
112906, 1296
112935, 1297
112964, 1298
112992, 1299
113019, 1300
113061, 1301
113100, 1302
113128, 1303
113176, 1304
113226, 1305
113256, 1306
113284, 1307
113312, 1308
113338, 1309
113389, 1310
113414, 1311
113455, 1312
113482, 1313
113524, 1314
113551, 1315
113581, 1316
113619, 1317
113660, 1318
113678, 1319
113728, 1320
113743, 1321
113786, 1322
113834, 1323
113854, 1324
113880, 1325
113923, 1326
113949, 1327
113994, 1328
114021, 1329
114047, 1330
114090, 1331
114118, 1332
114146, 1333
114175, 1334
114228, 1335
114246, 1336
114292, 1337
114338, 1338
114366, 1339
114396, 1340
114437, 1341
114464, 1342
114492, 1343
114531, 1344
114558, 1345
114602, 1346
114624, 1347
114664, 1348
114691, 1349
114732, 1350
114748, 1351
114800, 1352
114829, 1353
114857, 1354
114913, 1355
114942, 1356
114967, 1357
114996, 1358
115036, 1359
115067, 1360
115109, 1361
115138, 1362
115163, 1363
115203, 1364
115233, 1365
115272, 1366
115300, 1367
115343, 1368
115370, 1369
115411, 1370
115454, 1371
115482, 1372
115510, 1373
115552, 1374
115581, 1375
115608, 1376
115637, 1377
115690, 1378
115718, 1379
115747, 1380
115786, 1381
115809, 1382
115850, 1383
115876, 1384
115918, 1385
115945, 1386
115985, 1387
116019, 1388
116115, 1389
116137, 1390
116179, 1391
116205, 1392
116245, 1393
116269, 1394
116309, 1395
116338, 1396
116376, 1397
116417, 1398
116444, 1399
116473, 1400
116510, 1401
116540, 1402
116580, 1403
116608, 1404
116640, 1405
116677, 1406
116707, 1407
116759, 1408
116788, 1409
116816, 1410
116859, 1411
116885, 1412
116915, 1413
116952, 1414
116992, 1415
117019, 1416
117044, 1417
117098, 1418
117126, 1419
117152, 1420
117192, 1421
117234, 1422
117258, 1423
117300, 1424
117324, 1425
117364, 1426
117392, 1427
117431, 1428
117474, 1429
117490, 1430
117530, 1431
117571, 1432
117598, 1433
117625, 1434
117668, 1435
117696, 1436
117725, 1437
117765, 1438
117808, 1439
117835, 1440
117872, 1441
117904, 1442
117933, 1443
117961, 1444
118002, 1445
118045, 1446
118072, 1447
118099, 1448
118143, 1449
118169, 1450
118209, 1451
118238, 1452
118267, 1453
118310, 1454
118339, 1455
118376, 1456
118406, 1457
118434, 1458
118472, 1459
118499, 1460
118537, 1461
118563, 1462
118604, 1463
118634, 1464
118672, 1465
118701, 1466
118742, 1467
118768, 1468
118812, 1469
118829, 1470
118869, 1471
118908, 1472
118938, 1473
118964, 1474
119005, 1475
119052, 1476
119075, 1477
119103, 1478
119142, 1479
119172, 1480
119200, 1481
119242, 1482
119270, 1483
119310, 1484
119339, 1485
119383, 1486
119410, 1487
119437, 1488
119476, 1489
119505, 1490
119576, 1491
119600, 1492
119631, 1493
119660, 1494
119700, 1495
119729, 1496
119770, 1497
119796, 1498
119827, 1499
119868, 1500
119896, 1501
119937, 1502
119953, 1503
120005, 1504
120024, 1505
120064, 1506
120097, 1507
120147, 1508
120174, 1509
120203, 1510
120246, 1511
120271, 1512
120310, 1513
120340, 1514
120383, 1515
120411, 1516
120440, 1517
120478, 1518
120507, 1519
120549, 1520
120575, 1521
120617, 1522
120647, 1523
120700, 1524
120728, 1525
120771, 1526
120799, 1527
120827, 1528
120870, 1529
120897, 1530
120940, 1531
120968, 1532
120998, 1533
121026, 1534
121066, 1535
121092, 1536
121136, 1537
121163, 1538
121207, 1539
121237, 1540
121258, 1541
121302, 1542
121331, 1543
121363, 1544
121399, 1545
121428, 1546
121481, 1547
121507, 1548
121535, 1549
121577, 1550
121601, 1551
121643, 1552
121668, 1553
121710, 1554
121738, 1555
121763, 1556
121803, 1557
121834, 1558
121884, 1559
121902, 1560
121929, 1561
121980, 1562
122004, 1563
122034, 1564
122071, 1565
122100, 1566
122139, 1567
122165, 1568
122209, 1569
122237, 1570
122264, 1571
122308, 1572
122334, 1573
122371, 1574
122421, 1575
122451, 1576
122495, 1577
122519, 1578
122544, 1579
122581, 1580
122623, 1581
122652, 1582
122694, 1583
122711, 1584
122749, 1585
122791, 1586
122820, 1587
122863, 1588
122890, 1589
122918, 1590
122944, 1591
122988, 1592
123026, 1593
123066, 1594
123111, 1595
123152, 1596
123179, 1597
123205, 1598
123245, 1599
123289, 1600
123319, 1601
123343, 1602
123403, 1603
123428, 1604
123459, 1605
123486, 1606
123513, 1607
123556, 1608
123583, 1609
123610, 1610
123665, 1611
123695, 1612
123723, 1613
123750, 1614
123793, 1615
123820, 1616
123848, 1617
123888, 1618
123928, 1619
123952, 1620
123992, 1621
124019, 1622
124048, 1623
124086, 1624
124116, 1625
124160, 1626
124185, 1627
124223, 1628
124246, 1629
124289, 1630
124315, 1631
124355, 1632
124380, 1633
124423, 1634
124449, 1635
124491, 1636
124518, 1637
124545, 1638
124587, 1639
124628, 1640
124660, 1641
124683, 1642
124724, 1643
124752, 1644
124780, 1645
124838, 1646
124867, 1647
124895, 1648
124922, 1649
124950, 1650
124989, 1651
125030, 1652
125059, 1653
125087, 1654
125115, 1655
125159, 1656
125186, 1657
125227, 1658
125255, 1659
125300, 1660
125326, 1661
125365, 1662
125393, 1663
125434, 1664
125472, 1665
125499, 1666
125540, 1667
125565, 1668
125607, 1669
125632, 1670
125659, 1671
125699, 1672
125740, 1673
125763, 1674
125805, 1675
125831, 1676
125858, 1677
125884, 1678
125952, 1679
125980, 1680
126008, 1681
126034, 1682
126081, 1683
126104, 1684
126147, 1685
126176, 1686
126201, 1687
126242, 1688
126284, 1689
126313, 1690
126343, 1691
126369, 1692
126413, 1693
126440, 1694
126478, 1695
126550, 1696
126591, 1697
126621, 1698
126646, 1699
126685, 1700
126725, 1701
126749, 1702
126789, 1703
126817, 1704
126857, 1705
126885, 1706
126927, 1707
126944, 1708
126984, 1709
127023, 1710
127052, 1711
127092, 1712
127121, 1713
127153, 1714
127206, 1715
127234, 1716
127259, 1717
127289, 1718
127329, 1719
127370, 1720
127399, 1721
127428, 1722
127469, 1723
127499, 1724
127540, 1725
127567, 1726
127610, 1727
127636, 1728
127663, 1729
127734, 1730
127762, 1731
127789, 1732
127817, 1733
127844, 1734
127884, 1735
127913, 1736
127941, 1737
127982, 1738
128021, 1739
128045, 1740
128085, 1741
128116, 1742
128155, 1743
128183, 1744
128224, 1745
128271, 1746
128302, 1747
128327, 1748
128354, 1749
128395, 1750
128433, 1751
128474, 1752
128503, 1753
128529, 1754
128567, 1755
128595, 1756
128635, 1757
128666, 1758
128695, 1759
128733, 1760
128762, 1761
128802, 1762
128830, 1763
128884, 1764
128909, 1765
128934, 1766
128972, 1767
129017, 1768
129042, 1769
129069, 1770
129109, 1771
129137, 1772
129178, 1773
129199, 1774
129249, 1775
129277, 1776
129307, 1777
129335, 1778
129403, 1779
129430, 1780
129458, 1781
129485, 1782
129502, 1783
129556, 1784
129584, 1785
129612, 1786
129654, 1787
129695, 1788
129723, 1789
129750, 1790
129793, 1791
129809, 1792
129863, 1793
129891, 1794
129920, 1795
129948, 1796
130019, 1797
130041, 1798
130083, 1799
130107, 1800
130148, 1801
130174, 1802
130214, 1803
130242, 1804
130282, 1805
130309, 1806
130351, 1807
130380, 1808
130406, 1809
130435, 1810
130476, 1811
130526, 1812
130546, 1813
130572, 1814
130613, 1815
130656, 1816
130684, 1817
130710, 1818
130753, 1819
130771, 1820
130822, 1821
130840, 1822
130880, 1823
130922, 1824
130939, 1825
130992, 1826
131020, 1827
131046, 1828
131088, 1829
131108, 1830
131144, 1831
131188, 1832
131216, 1833
131243, 1834
131270, 1835
131311, 1836
131352, 1837
131380, 1838
131410, 1839
131438, 1840
131477, 1841
131519, 1842
131539, 1843
131591, 1844
131630, 1845
131648, 1846
131688, 1847
131716, 1848
131757, 1849
131786, 1850
131813, 1851
131856, 1852
131883, 1853
131921, 1854
131964, 1855
131984, 1856
132034, 1857
132061, 1858
132089, 1859
132116, 1860
132168, 1861
132184, 1862
132222, 1863
132264, 1864
132289, 1865
132315, 1866
132357, 1867
132386, 1868
132425, 1869
132456, 1870
132496, 1871
132525, 1872
132551, 1873
132591, 1874
132621, 1875
132663, 1876
132680, 1877
132721, 1878
132774, 1879
132815, 1880
132843, 1881
132858, 1882
132898, 1883
132940, 1884
132969, 1885
132995, 1886
133038, 1887
133066, 1888
133095, 1889
133121, 1890
133176, 1891
133204, 1892
133232, 1893
133272, 1894
133318, 1895
133345, 1896
133372, 1897
133400, 1898
133438, 1899
133482, 1900
133514, 1901
133537, 1902
133587, 1903
133610, 1904
133637, 1905
133680, 1906
133697, 1907
133749, 1908
133779, 1909
133807, 1910
133853, 1911
133879, 1912
133919, 1913
133936, 1914
133990, 1915
134015, 1916
134047, 1917
134084, 1918
134108, 1919
134151, 1920
134179, 1921
134219, 1922
134246, 1923
134288, 1924
134317, 1925
134346, 1926
134383, 1927
134411, 1928
134451, 1929
134482, 1930
134507, 1931
134550, 1932
134587, 1933
134613, 1934
134654, 1935
134682, 1936
134709, 1937
134749, 1938
134792, 1939
134820, 1940
134858, 1941
134889, 1942
134917, 1943
134960, 1944
134988, 1945
135016, 1946
135057, 1947
135084, 1948
135127, 1949
135154, 1950
135182, 1951
135221, 1952
135263, 1953
135281, 1954
135325, 1955
135349, 1956
135391, 1957
135418, 1958
135471, 1959
135500, 1960
135517, 1961
135560, 1962
135601, 1963
135629, 1964
135657, 1965
135696, 1966
135724, 1967
135765, 1968
135793, 1969
135835, 1970
135866, 1971
135893, 1972
135921, 1973
135974, 1974
136031, 1975
136058, 1976
136087, 1977
136115, 1978
136156, 1979
136183, 1980
136225, 1981
136252, 1982
136294, 1983
136321, 1984
136349, 1985
136392, 1986
136419, 1987
136461, 1988
136479, 1989
136530, 1990
136563, 1991
136587, 1992
136630, 1993
136657, 1994
136675, 1995
136728, 1996
136754, 1997
136786, 1998
136823, 1999
136854, 2000
136895, 2001
136925, 2002
136961, 2003
136988, 2004
137029, 2005
137059, 2006
137088, 2007
137142, 2008
137168, 2009
137193, 2010
137235, 2011
137263, 2012
137287, 2013
137339, 2014
137368, 2015
137396, 2016
137437, 2017
137467, 2018
137493, 2019
137534, 2020
137563, 2021
137602, 2022
137619, 2023
137660, 2024
137702, 2025
137729, 2026
137757, 2027
137784, 2028
137839, 2029
137862, 2030
137903, 2031
137930, 2032
137956, 2033
137997, 2034
138037, 2035
138063, 2036
138105, 2037
138121, 2038
138162, 2039
138203, 2040
138236, 2041
138260, 2042
138302, 2043
138327, 2044
138370, 2045
138397, 2046
138438, 2047
138465, 2048
138495, 2049
138536, 2050
138565, 2051
138590, 2052
138635, 2053
138662, 2054
138704, 2055
138724, 2056
138761, 2057
138803, 2058
138829, 2059
138872, 2060
138900, 2061
138927, 2062
138969, 2063
138986, 2064
139026, 2065
139067, 2066
139096, 2067
139138, 2068
139168, 2069
139194, 2070
139246, 2071
139288, 2072
139315, 2073
139360, 2074
139389, 2075
139415, 2076
139455, 2077
139483, 2078
139522, 2079
139560, 2080
139576, 2081
139629, 2082
139655, 2083
139686, 2084
139721, 2085
139750, 2086
139790, 2087
139819, 2088
139860, 2089
139889, 2090
139929, 2091
139957, 2092
139999, 2093
140025, 2094
140054, 2095
140098, 2096
140127, 2097
140152, 2098
140194, 2099
140223, 2100
140250, 2101
140303, 2102
140330, 2103
140384, 2104
140407, 2105
140450, 2106
140474, 2107
140518, 2108
140547, 2109
140571, 2110
140612, 2111
140652, 2112
140680, 2113
140710, 2114
140741, 2115
140779, 2116
140819, 2117
140848, 2118
140888, 2119
140917, 2120
140945, 2121
140999, 2122
141028, 2123
141057, 2124
141083, 2125
141127, 2126
141154, 2127
141197, 2128
141225, 2129
141253, 2130
141281, 2131
141334, 2132
141378, 2133
141406, 2134
141435, 2135
141463, 2136
141502, 2137
141543, 2138
141571, 2139
141600, 2140
141640, 2141
141668, 2142
141696, 2143
141739, 2144
141767, 2145
141809, 2146
141827, 2147
141867, 2148
141897, 2149
141945, 2150
141973, 2151
142015, 2152
142046, 2153
142073, 2154
142114, 2155
142140, 2156
142170, 2157
142209, 2158
142242, 2159
142282, 2160
142311, 2161
142339, 2162
142365, 2163
142393, 2164
142448, 2165
142475, 2166
142544, 2167
142573, 2168
142602, 2169
142655, 2170
142674, 2171
142713, 2172
142742, 2173
142768, 2174
142797, 2175
142850, 2176
142877, 2177
142919, 2178
142950, 2179
142981, 2180
143027, 2181
143053, 2182
143094, 2183
143133, 2184
143148, 2185
143203, 2186
143229, 2187
143259, 2188
143298, 2189
143324, 2190
143355, 2191
143395, 2192
143424, 2193
143451, 2194
143494, 2195
143521, 2196
143563, 2197
143588, 2198
143630, 2199
143649, 2200
143717, 2201
143743, 2202
143772, 2203
143798, 2204
143827, 2205
143866, 2206
143908, 2207
143935, 2208
143963, 2209
143999, 2210
144025, 2211
144066, 2212
144094, 2213
144134, 2214
144172, 2215
144202, 2216
144229, 2217
144258, 2218
144305, 2219
144325, 2220
144369, 2221
144395, 2222
144450, 2223
144479, 2224
144508, 2225
144534, 2226
144564, 2227
144592, 2228
144634, 2229
144674, 2230
144690, 2231
144745, 2232
144761, 2233
144804, 2234
144832, 2235
144860, 2236
144901, 2237
144943, 2238
144969, 2239
144996, 2240
145037, 2241
145066, 2242
145091, 2243
145132, 2244
145165, 2245
145202, 2246
145260, 2247
145289, 2248
145314, 2249
145341, 2250
145370, 2251
145399, 2252
145441, 2253
145469, 2254
145497, 2255
145538, 2256
145565, 2257
145608, 2258
145636, 2259
145666, 2260
145745, 2261
145774, 2262
145829, 2263
145858, 2264
145877, 2265
145928, 2266
145957, 2267
145986, 2268
146012, 2269
146054, 2270
146082, 2271
146122, 2272
146148, 2273
146191, 2274
146216, 2275
146268, 2276
146297, 2277
146323, 2278
146365, 2279
146390, 2280
146432, 2281
146460, 2282
146489, 2283
146517, 2284
146571, 2285
146613, 2286
146638, 2287
146666, 2288
146694, 2289
146724, 2290
146777, 2291
146804, 2292
146832, 2293
146860, 2294
146902, 2295
146929, 2296
146971, 2297
147000, 2298
147028, 2299
147070, 2300
147097, 2301
147141, 2302
147170, 2303
147320, 2304
147342, 2305
147369, 2306
147421, 2307
147445, 2308
147487, 2309
147504, 2310
147560, 2311
147586, 2312
147613, 2313
147656, 2314
147687, 2315
147712, 2316
147752, 2317
147779, 2318
147822, 2319
147851, 2320
147893, 2321
147919, 2322
147972, 2323
147999, 2324
148028, 2325
148056, 2326
148084, 2327
148127, 2328
148155, 2329
148186, 2330
148237, 2331
148267, 2332
148295, 2333
148345, 2334
148374, 2335
148403, 2336
148437, 2337
148460, 2338
148515, 2339
148537, 2340
148576, 2341
148617, 2342
148647, 2343
148674, 2344
148702, 2345
148728, 2346
148781, 2347
148808, 2348
148849, 2349
148873, 2350
148938, 2351
148957, 2352
148997, 2353
149022, 2354
149064, 2355
149090, 2356
149118, 2357
149161, 2358
149199, 2359
149227, 2360
149269, 2361
149299, 2362
149327, 2363
149381, 2364
149408, 2365
149436, 2366
149464, 2367
149504, 2368
149533, 2369
149576, 2370
149602, 2371
149632, 2372
149659, 2373
149713, 2374
149737, 2375
149777, 2376
149817, 2377
149841, 2378
149870, 2379
149911, 2380
149941, 2381
149981, 2382
150008, 2383
150051, 2384
150074, 2385
150114, 2386
150141, 2387
150180, 2388
150205, 2389
150248, 2390
150273, 2391
150313, 2392
150342, 2393
150384, 2394
150401, 2395
150441, 2396
150482, 2397
150510, 2398
150537, 2399
150580, 2400
150608, 2401
150647, 2402
150675, 2403
150704, 2404
150744, 2405
150787, 2406
150813, 2407
150857, 2408
150895, 2409
150923, 2410
150963, 2411
150989, 2412
151028, 2413
151054, 2414
151081, 2415
151122, 2416
151162, 2417
151191, 2418
151217, 2419
151260, 2420
151276, 2421
151331, 2422
151376, 2423
151401, 2424
151429, 2425
151471, 2426
151499, 2427
151525, 2428
151564, 2429
151603, 2430
151629, 2431
151670, 2432
151697, 2433
151723, 2434
151763, 2435
151802, 2436
151831, 2437
151860, 2438
151902, 2439
151949, 2440
151974, 2441
152001, 2442
152052, 2443
152075, 2444
152115, 2445
152142, 2446
152181, 2447
152209, 2448
152251, 2449
152279, 2450
152320, 2451
152350, 2452
152389, 2453
152415, 2454
152470, 2455
152499, 2456
152526, 2457
152554, 2458
152596, 2459
152633, 2460
152648, 2461
152700, 2462
152727, 2463
152753, 2464
152794, 2465
152819, 2466
152863, 2467
152892, 2468
152942, 2469
152971, 2470
152989, 2471
153027, 2472
153064, 2473
153093, 2474
153132, 2475
153156, 2476
153198, 2477
153226, 2478
153257, 2479
153307, 2480
153336, 2481
153363, 2482
153392, 2483
153434, 2484
153475, 2485
153502, 2486
153542, 2487
153559, 2488
153602, 2489
153641, 2490
153670, 2491
153700, 2492
153740, 2493
153768, 2494
153810, 2495
153837, 2496
153879, 2497
153906, 2498
153933, 2499
153975, 2500
154004, 2501
154047, 2502
154077, 2503
154103, 2504
154144, 2505
154185, 2506
154214, 2507
154240, 2508
154268, 2509
154311, 2510
154341, 2511
154383, 2512
154407, 2513
154456, 2514
154497, 2515
154529, 2516
154553, 2517
154594, 2518
154622, 2519
154647, 2520
154703, 2521
154730, 2522
154758, 2523
154785, 2524
154826, 2525
154854, 2526
154879, 2527
154937, 2528
154967, 2529
154994, 2530
155021, 2531
155050, 2532
155090, 2533
155133, 2534
155161, 2535
155189, 2536
155216, 2537
155259, 2538
155287, 2539
155314, 2540
155365, 2541
155379, 2542
155419, 2543
155459, 2544
155486, 2545
155526, 2546
155552, 2547
155593, 2548
155609, 2549
155652, 2550
155690, 2551
155718, 2552
155762, 2553
155787, 2554
155830, 2555
155856, 2556
155885, 2557
155945, 2558
155981, 2559
156009, 2560
156049, 2561
156076, 2562
156119, 2563
156137, 2564
156177, 2565
156218, 2566
156246, 2567
156274, 2568
156318, 2569
156344, 2570
156398, 2571
156427, 2572
156454, 2573
156484, 2574
156524, 2575
156551, 2576
156593, 2577
156622, 2578
156650, 2579
156680, 2580
156717, 2581
156759, 2582
156785, 2583
156823, 2584
156849, 2585
156897, 2586
156922, 2587
156960, 2588
157000, 2589
157016, 2590
157055, 2591
157097, 2592
157125, 2593
157166, 2594
157195, 2595
157222, 2596
157260, 2597
157302, 2598
157319, 2599
157361, 2600
157408, 2601
157427, 2602
157469, 2603
157497, 2604
157539, 2605
157568, 2606
157597, 2607
157624, 2608
157668, 2609
157694, 2610
157733, 2611
157763, 2612
157808, 2613
157834, 2614
157861, 2615
157889, 2616
157933, 2617
157959, 2618
158000, 2619
158018, 2620
158070, 2621
158087, 2622
158137, 2623
158153, 2624
158197, 2625
158226, 2626
158280, 2627
158308, 2628
158337, 2629
158374, 2630
158403, 2631
158445, 2632
158461, 2633
158503, 2634
158544, 2635
158569, 2636
158612, 2637
158631, 2638
158668, 2639
158711, 2640
158738, 2641
158778, 2642
158793, 2643
158836, 2644
158877, 2645
158895, 2646
158934, 2647
158974, 2648
159003, 2649
159045, 2650
159073, 2651
159100, 2652
159145, 2653
159169, 2654
159212, 2655
159228, 2656
159283, 2657
159310, 2658
159324, 2659
159397, 2660
159420, 2661
159438, 2662
159488, 2663
159504, 2664
159549, 2665
159587, 2666
159604, 2667
159657, 2668
159672, 2669
159713, 2670
159755, 2671
159772, 2672
159813, 2673
159852, 2674
159869, 2675
159923, 2676
159941, 2677
159981, 2678
160018, 2679
160048, 2680
160089, 2681
160106, 2682
160145, 2683
160189, 2684
160215, 2685
160257, 2686
160282, 2687
160325, 2688
160353, 2689
160380, 2690
160424, 2691
160452, 2692
160492, 2693
160509, 2694
160551, 2695
160590, 2696
160621, 2697
160647, 2698
160689, 2699
160717, 2700
160746, 2701
160787, 2702
160827, 2703
160845, 2704
160884, 2705
160925, 2706
160941, 2707
160995, 2708
161013, 2709
161052, 2710
161120, 2711
161137, 2712
161178, 2713
161196, 2714
161238, 2715
161273, 2716
161317, 2717
161343, 2718
161370, 2719
161413, 2720
161440, 2721
161458, 2722
161509, 2723
161527, 2724
161578, 2725
161594, 2726
161635, 2727
161665, 2728
161705, 2729
161747, 2730
161763, 2731
161804, 2732
161833, 2733
161872, 2734
161905, 2735
161949, 2736
161966, 2737
162009, 2738
162036, 2739
162066, 2740
162106, 2741
162135, 2742
162177, 2743
162194, 2744
162251, 2745
162276, 2746
162303, 2747
162331, 2748
162374, 2749
162398, 2750
162452, 2751
162471, 2752
162509, 2753
162527, 2754
162568, 2755
162607, 2756
162637, 2757
162666, 2758
162708, 2759
162749, 2760
162765, 2761
162807, 2762
162835, 2763
162876, 2764
162902, 2765
162944, 2766
162971, 2767
163013, 2768
163030, 2769
163071, 2770
163111, 2771
163126, 2772
163168, 2773
163208, 2774
163237, 2775
163266, 2776
163307, 2777
163336, 2778
163377, 2779
163394, 2780
163434, 2781
163473, 2782
163502, 2783
163547, 2784
163583, 2785
163617, 2786
163642, 2787
163680, 2788
163711, 2789
163750, 2790
163779, 2791
163821, 2792
163839, 2793
163878, 2794
163917, 2795
163945, 2796
163988, 2797
164005, 2798
164057, 2799
164075, 2800
164112, 2801
164154, 2802
164169, 2803
164212, 2804
164252, 2805
164294, 2806
164324, 2807
164352, 2808
164392, 2809
164420, 2810
164446, 2811
164490, 2812
164517, 2813
164559, 2814
164587, 2815
164627, 2816
164656, 2817
164697, 2818
164714, 2819
164755, 2820
164795, 2821
164811, 2822
164853, 2823
164893, 2824
164923, 2825
164964, 2826
164980, 2827
165022, 2828
165060, 2829
165077, 2830
165130, 2831
165149, 2832
165189, 2833
165242, 2834
165267, 2835
165284, 2836
165324, 2837
165364, 2838
165384, 2839
165434, 2840
165454, 2841
165493, 2842
165533, 2843
165562, 2844
165591, 2845
165630, 2846
165659, 2847
165688, 2848
165727, 2849
165759, 2850
165798, 2851
165827, 2852
165856, 2853
165896, 2854
165926, 2855
165965, 2856
165981, 2857
166034, 2858
166052, 2859
166092, 2860
166134, 2861
166148, 2862
166203, 2863
166231, 2864
166246, 2865
166300, 2866
166315, 2867
166369, 2868
166387, 2869
166426, 2870
166465, 2871
166484, 2872
166524, 2873
166565, 2874
166591, 2875
166622, 2876
166661, 2877
166691, 2878
166731, 2879
166750, 2880
166791, 2881
166833, 2882
166867, 2883
166886, 2884
166927, 2885
166969, 2886
166995, 2887
167037, 2888
167056, 2889
167092, 2890
167136, 2891
167161, 2892
167190, 2893
167233, 2894
167259, 2895
167301, 2896
167317, 2897
167371, 2898
167388, 2899
167430, 2900
167468, 2901
167486, 2902
167538, 2903
167556, 2904
167597, 2905
167639, 2906
167674, 2907
167694, 2908
167733, 2909
167762, 2910
167791, 2911
167831, 2912
167861, 2913
167902, 2914
167930, 2915
167957, 2916
167999, 2917
168028, 2918
168069, 2919
168097, 2920
168127, 2921
168166, 2922
168195, 2923
168235, 2924
168251, 2925
168294, 2926
168332, 2927
168359, 2928
168402, 2929
168423, 2930
168478, 2931
168498, 2932
168538, 2933
168555, 2934
168595, 2935
168637, 2936
168656, 2937
168708, 2938
168735, 2939
168753, 2940
168803, 2941
168821, 2942
168874, 2943
168891, 2944
168931, 2945
168960, 2946
169000, 2947
169028, 2948
169070, 2949
169089, 2950
169125, 2951
169167, 2952
169197, 2953
169226, 2954
169277, 2955
169294, 2956
169334, 2957
169362, 2958
169403, 2959
169431, 2960
169461, 2961
169501, 2962
169518, 2963
169571, 2964
169587, 2965
169627, 2966
169670, 2967
169698, 2968
169740, 2969
169757, 2970
169795, 2971
169836, 2972
169853, 2973
169906, 2974
169924, 2975
169962, 2976
170002, 2977
170035, 2978
170074, 2979
170101, 2980
170142, 2981
170158, 2982
170200, 2983
170242, 2984
170267, 2985
170310, 2986
170337, 2987
170367, 2988
170405, 2989
170449, 2990
170475, 2991
170503, 2992
170531, 2993
170573, 2994
170592, 2995
170644, 2996
170670, 2997
170711, 2998
170727, 2999
170771, 3000
170809, 3001
170824, 3002
170879, 3003
170896, 3004
170939, 3005
170976, 3006
170992, 3007
171047, 3008
171062, 3009
171104, 3010
171144, 3011
171160, 3012
171201, 3013
171241, 3014
171258, 3015
171299, 3016
171339, 3017
171367, 3018
171409, 3019
171425, 3020
171469, 3021
171506, 3022
171549, 3023
171576, 3024
171604, 3025
171633, 3026
171664, 3027
171714, 3028
171730, 3029
171770, 3030
171798, 3031
171840, 3032
171870, 3033
171911, 3034
171940, 3035
171968, 3036
171994, 3037
172038, 3038
172075, 3039
172093, 3040
172133, 3041
172174, 3042
172202, 3043
172244, 3044
172260, 3045
172302, 3046
172343, 3047
172359, 3048
172400, 3049
172440, 3050
172469, 3051
172509, 3052
172540, 3053
172557, 3054
172609, 3055
172636, 3056
172663, 3057
172705, 3058
172747, 3059
172763, 3060
172803, 3061
172832, 3062
172871, 3063
172901, 3064
172941, 3065
172970, 3066
172999, 3067
173040, 3068
173068, 3069
173110, 3070
173127, 3071
173168, 3072
173207, 3073
173233, 3074
173276, 3075
173307, 3076
173347, 3077
173370, 3078
173412, 3079
173442, 3080
173482, 3081
173497, 3082
173542, 3083
173579, 3084
173611, 3085
173648, 3086
173665, 3087
173721, 3088
173746, 3089
173765, 3090
173816, 3091
173846, 3092
173874, 3093
173915, 3094
173932, 3095
173986, 3096
174001, 3097
174054, 3098
174071, 3099
174114, 3100
174160, 3101
174179, 3102
174219, 3103
174248, 3104
174290, 3105
174317, 3106
174347, 3107
174388, 3108
174404, 3109
174445, 3110
174486, 3111
174503, 3112
174557, 3113
174586, 3114
174614, 3115
174653, 3116
174683, 3117
174726, 3118
174751, 3119
174778, 3120
174820, 3121
174848, 3122
174875, 3123
174921, 3124
174953, 3125
174972, 3126
175013, 3127
175055, 3128
175072, 3129
175112, 3130
175153, 3131
175171, 3132
175224, 3133
175240, 3134
175282, 3135
175321, 3136
175337, 3137
175379, 3138
175420, 3139
175445, 3140
175478, 3141
175516, 3142
175545, 3143
175586, 3144
175603, 3145
175659, 3146
175684, 3147
175713, 3148
175759, 3149
175778, 3150
175820, 3151
175850, 3152
175877, 3153
175919, 3154
175947, 3155
175974, 3156
176016, 3157
176047, 3158
176085, 3159
176114, 3160
176144, 3161
176186, 3162
176214, 3163
176256, 3164
176282, 3165
176310, 3166
176337, 3167
176378, 3168
176419, 3169
176448, 3170
176477, 3171
176519, 3172
176561, 3173
176576, 3174
176617, 3175
176646, 3176
176686, 3177
176715, 3178
176755, 3179
176774, 3180
176824, 3181
176841, 3182
176883, 3183
176921, 3184
176940, 3185
176979, 3186
177018, 3187
177047, 3188
177088, 3189
177105, 3190
177146, 3191
177187, 3192
177217, 3193
177246, 3194
177287, 3195
177311, 3196
177381, 3197
177398, 3198
177437, 3199
177455, 3200
177507, 3201
177522, 3202
177563, 3203
177592, 3204
177631, 3205
177661, 3206
177701, 3207
177717, 3208
177758, 3209
177799, 3210
177841, 3211
177868, 3212
177897, 3213
177924, 3214
177965, 3215
177993, 3216
178034, 3217
178064, 3218
178092, 3219
178133, 3220
178162, 3221
178202, 3222
178217, 3223
178260, 3224
178302, 3225
178317, 3226
178369, 3227
178385, 3228
178428, 3229
178467, 3230
178485, 3231
178536, 3232
178553, 3233
178595, 3234
178633, 3235
178661, 3236
178704, 3237
178724, 3238
178760, 3239
178788, 3240
178832, 3241
178873, 3242
178900, 3243
178928, 3244
178968, 3245
178996, 3246
179024, 3247
179063, 3248
179094, 3249
179124, 3250
179163, 3251
179209, 3252
179247, 3253
179263, 3254
179302, 3255
179331, 3256
179361, 3257
179400, 3258
179442, 3259
179459, 3260
179498, 3261
179540, 3262
179555, 3263
179597, 3264
179637, 3265
179669, 3266
179707, 3267
179736, 3268
179765, 3269
179805, 3270
179822, 3271
179874, 3272
179894, 3273
179930, 3274
179971, 3275
180000, 3276
180027, 3277
180069, 3278
180097, 3279
180141, 3280
180171, 3281
180193, 3282
180234, 3283
180262, 3284
180304, 3285
180322, 3286
180373, 3287
180389, 3288
180445, 3289
180473, 3290
180501, 3291
180528, 3292
180571, 3293
180602, 3294
180633, 3295
180654, 3296
180705, 3297
180735, 3298
180763, 3299
180806, 3300
180821, 3301
180864, 3302
180905, 3303
180932, 3304
180958, 3305
181000, 3306
181031, 3307
181072, 3308
181111, 3309
181126, 3310
181167, 3311
181197, 3312
181239, 3313
181256, 3314
181308, 3315
181324, 3316
181364, 3317
181405, 3318
181422, 3319
181475, 3320
181491, 3321
181535, 3322
181571, 3323
181599, 3324
181629, 3325
181670, 3326
181699, 3327
181727, 3328
181767, 3329
181797, 3330
181836, 3331
181866, 3332
181907, 3333
181934, 3334
181962, 3335
182007, 3336
182037, 3337
182060, 3338
182099, 3339
182142, 3340
182169, 3341
182186, 3342
182239, 3343
182267, 3344
182296, 3345
182336, 3346
182364, 3347
182406, 3348
182422, 3349
182475, 3350
182494, 3351
182534, 3352
182560, 3353
182602, 3354
182630, 3355
182671, 3356
182686, 3357
182742, 3358
182770, 3359
182797, 3360
182839, 3361
182854, 3362
182908, 3363
182939, 3364
182972, 3365
183005, 3366
183047, 3367
183076, 3368
183102, 3369
183145, 3370
183171, 3371
183198, 3372
183241, 3373
183272, 3374
183311, 3375
183328, 3376
183380, 3377
183412, 3378
183438, 3379
183464, 3380
183506, 3381
183535, 3382
183576, 3383
183605, 3384
183646, 3385
183664, 3386
183704, 3387
183743, 3388
183761, 3389
183812, 3390
183830, 3391
183875, 3392
183922, 3393
183952, 3394
183981, 3395
184006, 3396
184034, 3397
184077, 3398
184107, 3399
184146, 3400
184174, 3401
184204, 3402
184244, 3403
184273, 3404
184313, 3405
184343, 3406
184384, 3407
184400, 3408
184442, 3409
184483, 3410
184497, 3411
184539, 3412
184580, 3413
184608, 3414
184637, 3415
184677, 3416
184706, 3417
184747, 3418
184763, 3419
184816, 3420
184835, 3421
184871, 3422
184918, 3423
184944, 3424
184972, 3425
185010, 3426
185038, 3427
185080, 3428
185098, 3429
185150, 3430
185178, 3431
185207, 3432
185247, 3433
185274, 3434
185302, 3435
185356, 3436
185374, 3437
185404, 3438
185443, 3439
185485, 3440
185501, 3441
185542, 3442
185581, 3443
185596, 3444
185651, 3445
185666, 3446
185709, 3447
185749, 3448
185766, 3449
185821, 3450
185845, 3451
185874, 3452
185915, 3453
185932, 3454
185972, 3455
186013, 3456
186042, 3457
186069, 3458
186109, 3459
186153, 3460
186178, 3461
186209, 3462
186250, 3463
186277, 3464
186316, 3465
186346, 3466
186390, 3467
186416, 3468
186457, 3469
186474, 3470
186517, 3471
186555, 3472
186586, 3473
186626, 3474
186641, 3475
186683, 3476
186722, 3477
186752, 3478
186790, 3479
186832, 3480
186851, 3481
186893, 3482
186922, 3483
186960, 3484
186990, 3485
187031, 3486
187058, 3487
187109, 3488
187129, 3489
187156, 3490
187197, 3491
187224, 3492
187265, 3493
187282, 3494
187324, 3495
187366, 3496
187390, 3497
187432, 3498
187447, 3499
187488, 3500
187530, 3501
187546, 3502
187601, 3503
187628, 3504
187668, 3505
187685, 3506
187725, 3507
187766, 3508
187783, 3509
187823, 3510
187863, 3511
187892, 3512
187927, 3513
187976, 3514
188002, 3515
188030, 3516
188048, 3517
188100, 3518
188128, 3519
188155, 3520
188197, 3521
188223, 3522
188267, 3523
188296, 3524
188322, 3525
188364, 3526
188381, 3527
188422, 3528
188462, 3529
188493, 3530
188530, 3531
188559, 3532
188590, 3533
188630, 3534
188647, 3535
188700, 3536
188716, 3537
188768, 3538
188793, 3539
188823, 3540
188854, 3541
188894, 3542
188922, 3543
188965, 3544
188980, 3545
189022, 3546
189066, 3547
189092, 3548
189131, 3549
189150, 3550
189203, 3551
189228, 3552
189256, 3553
189297, 3554
189324, 3555
189376, 3556
189404, 3557
189429, 3558
189458, 3559
189496, 3560
189525, 3561
189564, 3562
189591, 3563
189636, 3564
189660, 3565
189687, 3566
189729, 3567
189759, 3568
189799, 3569
189828, 3570
189870, 3571
189887, 3572
189934, 3573
189954, 3574
189996, 3575
190026, 3576
190065, 3577
190094, 3578
190133, 3579
190151, 3580
190205, 3581
190233, 3582
190259, 3583
190299, 3584
190326, 3585
190355, 3586
190397, 3587
190438, 3588
190454, 3589
190503, 3590
190521, 3591
190561, 3592
190592, 3593
190633, 3594
190654, 3595
190703, 3596
190720, 3597
190764, 3598
190793, 3599
190815, 3600
190866, 3601
190890, 3602
190930, 3603
190957, 3604
190998, 3605
191026, 3606
191076, 3607
191098, 3608
191121, 3609
191164, 3610
191193, 3611
191233, 3612
191263, 3613
191287, 3614
191335, 3615
191371, 3616
191398, 3617
191439, 3618
191457, 3619
191497, 3620
191538, 3621
191566, 3622
191609, 3623
191636, 3624
191667, 3625
191706, 3626
191723, 3627
191764, 3628
191802, 3629
191833, 3630
191873, 3631
191903, 3632
191940, 3633
191969, 3634
192010, 3635
192041, 3636
192080, 3637
192097, 3638
192139, 3639
192180, 3640
192218, 3641
192237, 3642
192279, 3643
192318, 3644
192347, 3645
192374, 3646
192415, 3647
192444, 3648
192499, 3649
192541, 3650
192556, 3651
192596, 3652
192627, 3653
192669, 3654
192694, 3655
192736, 3656
192753, 3657
192791, 3658
192841, 3659
192859, 3660
192900, 3661
192919, 3662
192973, 3663
193012, 3664
193040, 3665
193068, 3666
193098, 3667
193146, 3668
193164, 3669
193206, 3670
193237, 3671
193266, 3672
193319, 3673
193349, 3674
193376, 3675
193403, 3676
193440, 3677
193469, 3678
193507, 3679
193532, 3680
193577, 3681
193612, 3682
193629, 3683
193667, 3684
193709, 3685
193734, 3686
193781, 3687
193808, 3688
193835, 3689
193868, 3690
193905, 3691
193933, 3692
193979, 3693
194004, 3694
194039, 3695
194065, 3696
194104, 3697
194133, 3698
194170, 3699
194209, 3700
194226, 3701
194270, 3702
194309, 3703
194340, 3704
194379, 3705
194403, 3706
194447, 3707
194462, 3708
194527, 3709
194553, 3710
194578, 3711
194607, 3712
194649, 3713
194685, 3714
194712, 3715
194752, 3716
194793, 3717
194819, 3718
194852, 3719
194891, 3720
194920, 3721
194965, 3722
194990, 3723
195007, 3724
195059, 3725
195076, 3726
195137, 3727
195155, 3728
195194, 3729
195221, 3730
195263, 3731
195298, 3732
195324, 3733
195366, 3734
195396, 3735
195446, 3736
195466, 3737
195503, 3738
195541, 3739
195565, 3740
195632, 3741
195647, 3742
195691, 3743
195715, 3744
195743, 3745
195794, 3746
195809, 3747
195850, 3748
195885, 3749
195925, 3750
195950, 3751
195983, 3752
196011, 3753
196048, 3754
196077, 3755
196127, 3756
196147, 3757
196192, 3758
196218, 3759
196242, 3760
196294, 3761
196322, 3762
196352, 3763
196388, 3764
196415, 3765
196461, 3766
196480, 3767
196525, 3768
196552, 3769
196577, 3770
196630, 3771
196655, 3772
196689, 3773
196735, 3774
196753, 3775
196800, 3776
196834, 3777
196855, 3778
196902, 3779
196930, 3780
196966, 3781
197007, 3782
197028, 3783
197072, 3784
197094, 3785
197139, 3786
197165, 3787
197192, 3788
197230, 3789
197275, 3790
197302, 3791
197330, 3792
197356, 3793
197400, 3794
197439, 3795
197466, 3796
197489, 3797
197532, 3798
197569, 3799
197589, 3800
