68308, 1
68362, 2
68387, 3
68428, 4
68444, 5
68484, 6
68527, 7
68545, 8
68584, 9
68641, 10
68665, 11
68683, 12
68724, 13
68763, 14
68792, 15
68835, 16
68851, 17
68903, 18
68919, 19
68960, 20
69002, 21
69029, 22
69055, 23
69098, 24
69117, 25
69167, 26
69186, 27
69237, 28
69254, 29
69292, 30
69322, 31
69362, 32
69391, 33
69431, 34
69447, 35
69493, 36
69528, 37
69557, 38
69597, 39
69626, 40
69656, 41
69696, 42
69722, 43
69752, 44
69793, 45
69822, 46
69864, 47
69882, 48
69933, 49
69960, 50
69987, 51
70030, 52
70048, 53
70099, 54
70115, 55
70169, 56
70187, 57
70226, 58
70267, 59
70285, 60
70323, 61
70364, 62
70418, 63
70435, 64
70474, 65
70517, 66
70534, 67
70572, 68
70617, 69
70641, 70
70683, 71
70698, 72
70740, 73
70770, 74
70811, 75
70848, 76
70879, 77
70909, 78
70948, 79
70976, 80
71006, 81
71045, 82
71074, 83
71116, 84
71145, 85
71187, 86
71213, 87
71230, 88
71270, 89
71311, 90
71338, 91
71380, 92
71409, 93
71450, 94
71479, 95
71507, 96
71548, 97
71565, 98
71619, 99
71635, 100
71676, 101
71715, 102
71729, 103
71772, 104
71812, 105
71841, 106
71882, 107
71898, 108
71938, 109
71980, 110
71999, 111
72050, 112
72065, 113
72127, 114
72159, 115
72176, 116
72218, 117
72245, 118
72287, 119
72303, 120
72343, 121
72382, 122
72411, 123
72453, 124
72470, 125
72511, 126
72550, 127
72579, 128
72609, 129
72648, 130
72677, 131
72719, 132
72737, 133
72787, 134
72803, 135
72846, 136
72885, 137
72902, 138
72954, 139
72972, 140
73010, 141
73050, 142
73080, 143
73110, 144
73149, 145
73179, 146
73220, 147
73236, 148
73289, 149
73306, 150
73343, 151
73385, 152
73414, 153
73444, 154
73484, 155
73513, 156
73542, 157
73584, 158
73607, 159
73653, 160
73681, 161
73707, 162
73748, 163
73778, 164
73818, 165
73837, 166
73888, 167
73916, 168
73950, 169
73971, 170
74010, 171
74054, 172
74069, 173
74111, 174
74152, 175
74179, 176
74208, 177
74250, 178
74291, 179
74306, 180
74348, 181
74376, 182
74418, 183
74445, 184
74487, 185
74503, 186
74544, 187
74584, 188
74613, 189
74644, 190
74682, 191
74708, 192
74749, 193
74779, 194
74822, 195
74868, 196
74889, 197
74916, 198
74957, 199
74990, 200
75027, 201
75056, 202
75097, 203
75114, 204
75155, 205
75195, 206
75224, 207
75265, 208
75281, 209
75323, 210
75362, 211
75391, 212
75432, 213
75448, 214
75489, 215
75532, 216
75557, 217
75586, 218
75628, 219
75656, 220
75699, 221
75716, 222
75776, 223
75791, 224
75821, 225
75861, 226
75889, 227
75933, 228
75949, 229
75989, 230
76030, 231
76059, 232
76090, 233
76128, 234
76157, 235
76197, 236
76225, 237
76254, 238
76298, 239
76315, 240
76366, 241
76392, 242
76420, 243
76463, 244
76481, 245
76532, 246
76548, 247
76588, 248
76630, 249
76646, 250
76714, 251
76730, 252
76771, 253
76797, 254
76823, 255
76866, 256
76882, 257
76936, 258
76951, 259
76992, 260
77021, 261
77061, 262
77104, 263
77133, 264
77158, 265
77199, 266
77228, 267
77255, 268
77297, 269
77326, 270
77368, 271
77396, 272
77423, 273
77467, 274
77492, 275
77534, 276
77551, 277
77607, 278
77644, 279
77661, 280
77700, 281
77731, 282
77770, 283
77802, 284
77839, 285
77867, 286
77898, 287
77937, 288
77965, 289
78007, 290
78024, 291
78064, 292
78105, 293
78133, 294
78175, 295
78190, 296
78235, 297
78271, 298
78300, 299
78343, 300
78360, 301
78398, 302
78429, 303
78468, 304
78509, 305
78538, 306
78579, 307
78604, 308
78637, 309
78674, 310
78702, 311
78745, 312
78762, 313
78814, 314
78830, 315
78870, 316
78912, 317
78940, 318
78970, 319
79009, 320
79039, 321
79080, 322
79096, 323
79137, 324
79176, 325
79206, 326
79249, 327
79275, 328
79316, 329
79332, 330
79372, 331
79415, 332
79443, 333
79494, 334
79512, 335
79555, 336
79595, 337
79625, 338
79663, 339
79680, 340
79731, 341
79748, 342
79789, 343
79832, 344
79847, 345
79900, 346
79917, 347
79959, 348
79995, 349
80024, 350
80067, 351
80094, 352
80122, 353
80164, 354
80192, 355
80223, 356
80263, 357
80305, 358
80321, 359
80362, 360
80398, 361
80427, 362
80458, 363
80498, 364
80526, 365
80556, 366
80595, 367
80624, 368
80667, 369
80681, 370
80724, 371
80763, 372
80780, 373
80834, 374
80849, 375
80892, 376
80931, 377
80948, 378
81001, 379
81017, 380
81055, 381
81098, 382
81115, 383
81156, 384
81195, 385
81223, 386
81266, 387
81282, 388
81340, 389
81361, 390
81389, 391
81433, 392
81449, 393
81488, 394
81528, 395
81559, 396
81599, 397
81613, 398
81656, 399
81696, 400
81727, 401
81766, 402
81782, 403
81821, 404
81865, 405
81882, 406
81921, 407
81960, 408
81989, 409
82031, 410
82060, 411
82090, 412
82128, 413
82155, 414
82198, 415
82226, 416
82282, 417
82298, 418
82324, 419
82367, 420
82382, 421
82424, 422
82463, 423
82491, 424
82532, 425
82549, 426
82588, 427
82631, 428
82647, 429
82700, 430
82716, 431
82758, 432
82798, 433
82815, 434
82866, 435
82883, 436
82924, 437
82965, 438
82983, 439
83034, 440
83051, 441
83093, 442
83132, 443
83164, 444
83185, 445
83226, 446
83268, 447
83284, 448
83328, 449
83367, 450
83383, 451
83425, 452
83465, 453
83481, 454
83524, 455
83562, 456
83590, 457
83633, 458
83647, 459
83690, 460
83730, 461
83757, 462
83800, 463
83816, 464
83856, 465
83897, 466
83914, 467
83967, 468
83996, 469
84023, 470
84065, 471
84132, 472
84151, 473
84204, 474
84230, 475
84247, 476
84286, 477
84329, 478
84357, 479
84399, 480
84424, 481
84455, 482
84495, 483
84525, 484
84562, 485
84592, 486
84619, 487
84661, 488
84691, 489
84732, 490
84746, 491
84803, 492
84828, 493
84854, 494
84897, 495
84914, 496
84967, 497
84983, 498
85024, 499
85071, 500
85094, 501
85120, 502
85162, 503
85190, 504
85233, 505
85247, 506
85290, 507
85331, 508
85347, 509
85400, 510
85418, 511
85457, 512
85495, 513
85524, 514
85552, 515
85597, 516
85614, 517
85664, 518
85680, 519
85721, 520
85762, 521
85791, 522
85821, 523
85859, 524
85888, 525
85930, 526
85946, 527
85987, 528
86027, 529
86054, 530
86099, 531
86123, 532
86154, 533
86193, 534
86221, 535
86264, 536
86279, 537
86334, 538
86351, 539
86389, 540
86431, 541
86448, 542
86500, 543
86516, 544
86558, 545
86600, 546
86614, 547
86655, 548
86699, 549
86723, 550
86754, 551
86793, 552
86822, 553
86863, 554
86891, 555
86918, 556
86977, 557
86991, 558
87028, 559
87058, 560
87099, 561
87114, 562
87156, 563
87196, 564
87212, 565
87266, 566
87283, 567
87322, 568
87364, 569
87379, 570
87420, 571
87460, 572
87491, 573
87520, 574
87558, 575
87587, 576
87629, 577
87657, 578
87688, 579
87727, 580
87757, 581
87797, 582
87823, 583
87865, 584
87881, 585
87937, 586
87962, 587
87980, 588
88032, 589
88046, 590
88087, 591
88129, 592
88159, 593
88199, 594
88215, 595
88255, 596
88297, 597
88327, 598
88353, 599
88394, 600
88423, 601
88464, 602
88479, 603
88536, 604
88560, 605
88591, 606
88630, 607
88658, 608
88689, 609
88730, 610
88746, 611
88796, 612
88826, 613
88855, 614
88928, 615
88948, 616
88978, 617
89018, 618
89035, 619
89075, 620
89117, 621
89146, 622
89175, 623
89216, 624
89244, 625
89284, 626
89301, 627
89340, 628
89384, 629
89410, 630
89452, 631
89468, 632
89510, 633
89549, 634
89566, 635
89619, 636
89635, 637
89675, 638
89718, 639
89735, 640
89774, 641
89814, 642
89847, 643
89882, 644
89912, 645
89939, 646
89982, 647
90009, 648
90039, 649
90079, 650
90110, 651
90148, 652
90175, 653
90203, 654
90245, 655
90287, 656
90314, 657
90345, 658
90383, 659
90398, 660
90443, 661
90480, 662
90510, 663
90552, 664
90568, 665
90608, 666
90650, 667
90680, 668
90708, 669
90749, 670
90777, 671
90819, 672
90847, 673
90875, 674
90917, 675
90945, 676
90974, 677
91015, 678
91043, 679
91084, 680
91112, 681
91154, 682
91169, 683
91210, 684
91254, 685
91287, 686
91308, 687
91350, 688
91377, 689
91406, 690
91446, 691
91474, 692
91516, 693
91543, 694
91573, 695
91613, 696
91654, 697
91668, 698
91711, 699
91741, 700
91780, 701
91808, 702
91850, 703
91866, 704
91918, 705
91946, 706
91975, 707
92016, 708
92045, 709
92075, 710
92114, 711
92142, 712
92184, 713
92212, 714
92240, 715
92282, 716
92311, 717
92351, 718
92380, 719
92408, 720
92449, 721
92478, 722
92508, 723
92547, 724
92575, 725
92617, 726
92645, 727
92673, 728
92714, 729
92743, 730
92784, 731
92812, 732
92854, 733
92869, 734
92909, 735
92951, 736
92979, 737
93007, 738
93049, 739
93078, 740
93118, 741
93146, 742
93175, 743
93216, 744
93244, 745
93285, 746
93300, 747
93340, 748
93382, 749
93411, 750
93440, 751
93480, 752
93508, 753
93550, 754
93578, 755
93612, 756
93652, 757
93678, 758
93718, 759
93746, 760
93775, 761
93815, 762
93843, 763
93874, 764
93912, 765
93942, 766
93982, 767
94011, 768
94040, 769
94079, 770
94109, 771
94150, 772
94177, 773
94207, 774
94246, 775
94275, 776
94316, 777
94345, 778
94373, 779
94414, 780
94441, 781
94484, 782
94513, 783
94540, 784
94581, 785
94610, 786
94651, 787
94680, 788
94708, 789
94748, 790
94777, 791
94806, 792
94846, 793
94887, 794
94916, 795
94944, 796
94974, 797
95013, 798
95042, 799
95082, 800
95111, 801
95152, 802
95181, 803
95209, 804
95250, 805
95278, 806
95307, 807
95348, 808
95374, 809
95417, 810
95445, 811
95475, 812
95514, 813
95541, 814
95582, 815
95611, 816
95640, 817
95681, 818
95708, 819
95750, 820
95779, 821
95810, 822
95847, 823
95876, 824
95920, 825
95956, 826
95973, 827
96015, 828
96056, 829
96084, 830
96112, 831
96154, 832
96181, 833
96211, 834
96251, 835
96280, 836
96320, 837
96349, 838
96378, 839
96418, 840
96445, 841
96487, 842
96515, 843
96546, 844
96584, 845
96613, 846
96654, 847
96683, 848
96713, 849
96752, 850
96780, 851
96821, 852
96850, 853
96879, 854
96919, 855
96949, 856
96987, 857
97017, 858
97047, 859
97086, 860
97114, 861
97156, 862
97172, 863
97212, 864
97253, 865
97282, 866
97323, 867
97352, 868
97380, 869
97421, 870
97450, 871
97478, 872
97518, 873
97547, 874
97587, 875
97615, 876
97646, 877
97686, 878
97713, 879
97755, 880
97783, 881
97811, 882
97852, 883
97880, 884
97922, 885
97950, 886
97978, 887
98020, 888
98049, 889
98078, 890
98117, 891
98147, 892
98187, 893
98219, 894
98256, 895
98284, 896
98312, 897
98353, 898
98382, 899
98412, 900
98452, 901
98479, 902
98522, 903
98549, 904
98590, 905
98619, 906
98646, 907
98689, 908
98717, 909
98745, 910
98786, 911
98814, 912
98855, 913
98883, 914
98912, 915
98953, 916
98982, 917
99011, 918
99049, 919
99079, 920
99120, 921
99148, 922
99189, 923
99204, 924
99245, 925
99286, 926
99314, 927
99356, 928
99384, 929
99413, 930
99454, 931
99482, 932
99512, 933
99552, 934
99580, 935
99621, 936
99650, 937
99679, 938
99719, 939
99747, 940
99789, 941
99817, 942
99844, 943
99886, 944
99914, 945
99943, 946
99983, 947
100012, 948
100053, 949
100082, 950
100123, 951
100152, 952
100180, 953
100220, 954
100248, 955
100278, 956
100317, 957
100346, 958
100388, 959
100416, 960
100445, 961
100485, 962
100516, 963
100567, 964
100582, 965
100624, 966
100652, 967
100680, 968
100722, 969
100750, 970
100791, 971
100818, 972
100845, 973
100887, 974
100916, 975
100945, 976
100985, 977
101013, 978
101055, 979
101082, 980
101113, 981
101153, 982
101180, 983
101221, 984
101251, 985
101281, 986
101318, 987
101348, 988
101389, 989
101417, 990
101447, 991
101487, 992
101515, 993
101545, 994
101583, 995
101612, 996
101654, 997
101683, 998
101723, 999
101751, 1000
101780, 1001
101821, 1002
101849, 1003
101890, 1004
101918, 1005
101947, 1006
101989, 1007
102016, 1008
102045, 1009
102086, 1010
102114, 1011
102155, 1012
102183, 1013
102212, 1014
102253, 1015
102281, 1016
102311, 1017
102350, 1018
102378, 1019
102420, 1020
102448, 1021
102489, 1022
102518, 1023
102546, 1024
102587, 1025
102615, 1026
102657, 1027
102686, 1028
102713, 1029
102754, 1030
102782, 1031
102815, 1032
102855, 1033
102871, 1034
102915, 1035
102946, 1036
102987, 1037
103017, 1038
103047, 1039
103086, 1040
103114, 1041
103157, 1042
103185, 1043
103214, 1044
103255, 1045
103283, 1046
103325, 1047
103339, 1048
103381, 1049
103411, 1050
103450, 1051
103478, 1052
103519, 1053
103547, 1054
103588, 1055
103616, 1056
103646, 1057
103686, 1058
103715, 1059
103755, 1060
103784, 1061
103813, 1062
103854, 1063
103882, 1064
103912, 1065
103951, 1066
103979, 1067
104021, 1068
104049, 1069
104079, 1070
104119, 1071
104147, 1072
104189, 1073
104217, 1074
104245, 1075
104286, 1076
104315, 1077
104355, 1078
104384, 1079
104412, 1080
104453, 1081
104481, 1082
104511, 1083
104550, 1084
104578, 1085
104620, 1086
104648, 1087
104677, 1088
104721, 1089
104747, 1090
104788, 1091
104817, 1092
104857, 1093
104885, 1094
104913, 1095
104953, 1096
104982, 1097
105024, 1098
105051, 1099
105080, 1100
105124, 1101
105154, 1102
105166, 1103
105210, 1104
105252, 1105
105282, 1106
105311, 1107
105353, 1108
105382, 1109
105413, 1110
105451, 1111
105480, 1112
105521, 1113
105550, 1114
105580, 1115
105619, 1116
105648, 1117
105689, 1118
105718, 1119
105746, 1120
105787, 1121
105815, 1122
105857, 1123
105884, 1124
105913, 1125
105954, 1126
105982, 1127
106012, 1128
106052, 1129
106080, 1130
106121, 1131
106149, 1132
106180, 1133
106220, 1134
106246, 1135
106288, 1136
106316, 1137
106345, 1138
106386, 1139
106415, 1140
106456, 1141
106483, 1142
106515, 1143
106553, 1144
106581, 1145
106623, 1146
106652, 1147
106680, 1148
106721, 1149
106736, 1150
106777, 1151
106816, 1152
106847, 1153
106886, 1154
106915, 1155
106955, 1156
106984, 1157
107014, 1158
107054, 1159
107082, 1160
107112, 1161
107152, 1162
107180, 1163
107222, 1164
107250, 1165
107279, 1166
107319, 1167
107348, 1168
107388, 1169
107420, 1170
107469, 1171
107487, 1172
107515, 1173
107556, 1174
107583, 1175
107613, 1176
107652, 1177
107682, 1178
107722, 1179
107751, 1180
107778, 1181
107817, 1182
107847, 1183
107889, 1184
107918, 1185
107946, 1186
107986, 1187
108015, 1188
108055, 1189
108084, 1190
108112, 1191
108154, 1192
108181, 1193
108212, 1194
108251, 1195
108278, 1196
108321, 1197
108349, 1198
108379, 1199
108418, 1200
108446, 1201
108488, 1202
108517, 1203
108558, 1204
108586, 1205
108615, 1206
108656, 1207
108684, 1208
108726, 1209
108739, 1210
108781, 1211
108823, 1212
108838, 1213
108880, 1214
108919, 1215
108947, 1216
108989, 1217
109017, 1218
109046, 1219
109086, 1220
109116, 1221
109145, 1222
109184, 1223
109213, 1224
109254, 1225
109282, 1226
109323, 1227
109352, 1228
109380, 1229
109421, 1230
109450, 1231
109480, 1232
109518, 1233
109548, 1234
109588, 1235
109620, 1236
109666, 1237
109686, 1238
109715, 1239
109756, 1240
109784, 1241
109813, 1242
109852, 1243
109880, 1244
109922, 1245
109949, 1246
109979, 1247
110020, 1248
110049, 1249
110087, 1250
110116, 1251
110157, 1252
110186, 1253
110214, 1254
110256, 1255
110283, 1256
110313, 1257
110354, 1258
110382, 1259
110423, 1260
110451, 1261
110481, 1262
110520, 1263
110549, 1264
110590, 1265
110618, 1266
110647, 1267
110688, 1268
110716, 1269
110745, 1270
110786, 1271
110814, 1272
110855, 1273
110883, 1274
110913, 1275
110953, 1276
110994, 1277
111009, 1278
111050, 1279
111079, 1280
111120, 1281
111148, 1282
111190, 1283
111218, 1284
111247, 1285
111286, 1286
111314, 1287
111357, 1288
111385, 1289
111414, 1290
111453, 1291
111481, 1292
111524, 1293
111551, 1294
111580, 1295
111621, 1296
111649, 1297
111679, 1298
111718, 1299
111748, 1300
111788, 1301
111819, 1302
111857, 1303
111885, 1304
111915, 1305
111955, 1306
111983, 1307
112012, 1308
112052, 1309
112081, 1310
112122, 1311
112151, 1312
112181, 1313
112220, 1314
112247, 1315
112289, 1316
112318, 1317
112347, 1318
112387, 1319
112415, 1320
112446, 1321
112484, 1322
112514, 1323
112554, 1324
112582, 1325
112613, 1326
112652, 1327
112680, 1328
112720, 1329
112750, 1330
112779, 1331
112818, 1332
112848, 1333
112887, 1334
112917, 1335
112958, 1336
112986, 1337
113015, 1338
113056, 1339
113084, 1340
113114, 1341
113153, 1342
113180, 1343
113222, 1344
113252, 1345
113279, 1346
113320, 1347
113348, 1348
113390, 1349
113418, 1350
113446, 1351
113487, 1352
113516, 1353
113557, 1354
113584, 1355
113626, 1356
113641, 1357
113683, 1358
113713, 1359
113751, 1360
113780, 1361
113822, 1362
113850, 1363
113890, 1364
113920, 1365
113947, 1366
113989, 1367
114016, 1368
114067, 1369
114088, 1370
114115, 1371
114166, 1372
114198, 1373
114217, 1374
114260, 1375
114288, 1376
114330, 1377
114348, 1378
114388, 1379
114429, 1380
114458, 1381
114487, 1382
114527, 1383
114555, 1384
114585, 1385
114623, 1386
114653, 1387
114694, 1388
114723, 1389
114765, 1390
114780, 1391
114820, 1392
114862, 1393
114891, 1394
114919, 1395
114960, 1396
114989, 1397
115018, 1398
115057, 1399
115087, 1400
115127, 1401
115155, 1402
115197, 1403
115226, 1404
115253, 1405
115294, 1406
115323, 1407
115354, 1408
115392, 1409
115421, 1410
115462, 1411
115491, 1412
115520, 1413
115560, 1414
115588, 1415
115629, 1416
115658, 1417
115686, 1418
115727, 1419
115755, 1420
115797, 1421
115825, 1422
115853, 1423
115894, 1424
115922, 1425
115952, 1426
115992, 1427
116019, 1428
116061, 1429
116089, 1430
116131, 1431
116159, 1432
116188, 1433
116228, 1434
116257, 1435
116289, 1436
116333, 1437
116345, 1438
116397, 1439
116424, 1440
116453, 1441
116493, 1442
116520, 1443
116562, 1444
116590, 1445
116619, 1446
116659, 1447
116687, 1448
116729, 1449
116757, 1450
116787, 1451
116825, 1452
116855, 1453
116896, 1454
116924, 1455
116955, 1456
116993, 1457
117022, 1458
117062, 1459
117092, 1460
117120, 1461
117160, 1462
117189, 1463
117219, 1464
117258, 1465
117287, 1466
117328, 1467
117357, 1468
117398, 1469
117412, 1470
117454, 1471
117496, 1472
117524, 1473
117552, 1474
117593, 1475
117622, 1476
117663, 1477
117691, 1478
117721, 1479
117760, 1480
117788, 1481
117830, 1482
117858, 1483
117887, 1484
117927, 1485
117956, 1486
117986, 1487
118025, 1488
118054, 1489
118094, 1490
118122, 1491
118152, 1492
118192, 1493
118220, 1494
118262, 1495
118291, 1496
118320, 1497
118359, 1498
118387, 1499
118429, 1500
118457, 1501
118485, 1502
118528, 1503
118565, 1504
118582, 1505
118624, 1506
118665, 1507
118679, 1508
118721, 1509
118762, 1510
118790, 1511
118818, 1512
118860, 1513
118887, 1514
118929, 1515
118957, 1516
118986, 1517
119027, 1518
119055, 1519
119096, 1520
119124, 1521
119153, 1522
119194, 1523
119222, 1524
119251, 1525
119290, 1526
119319, 1527
119361, 1528
119390, 1529
119430, 1530
119459, 1531
119488, 1532
119528, 1533
119557, 1534
119598, 1535
119612, 1536
119654, 1537
119695, 1538
119723, 1539
119752, 1540
119793, 1541
119821, 1542
119863, 1543
119891, 1544
119920, 1545
119960, 1546
119989, 1547
120019, 1548
120058, 1549
120086, 1550
120127, 1551
120155, 1552
120197, 1553
120226, 1554
120254, 1555
120295, 1556
120324, 1557
120364, 1558
120392, 1559
120421, 1560
120462, 1561
120491, 1562
120532, 1563
120547, 1564
120586, 1565
120628, 1566
120657, 1567
120698, 1568
120726, 1569
120755, 1570
120795, 1571
120824, 1572
120856, 1573
120901, 1574
120912, 1575
120965, 1576
120978, 1577
121019, 1578
121060, 1579
121087, 1580
121129, 1581
121158, 1582
121187, 1583
121224, 1584
121253, 1585
121295, 1586
121323, 1587
121352, 1588
121392, 1589
121421, 1590
121461, 1591
121491, 1592
121520, 1593
121560, 1594
121588, 1595
121630, 1596
121657, 1597
121688, 1598
121727, 1599
121756, 1600
121786, 1601
121824, 1602
121852, 1603
121893, 1604
121922, 1605
121953, 1606
121991, 1607
122020, 1608
122061, 1609
122090, 1610
122120, 1611
122159, 1612
122187, 1613
122228, 1614
122257, 1615
122285, 1616
122326, 1617
122354, 1618
122396, 1619
122424, 1620
122455, 1621
122493, 1622
122521, 1623
122551, 1624
122591, 1625
122621, 1626
122660, 1627
122688, 1628
122730, 1629
122758, 1630
122786, 1631
122827, 1632
122855, 1633
122897, 1634
122925, 1635
122955, 1636
122986, 1637
123028, 1638
123054, 1639
123095, 1640
123122, 1641
123155, 1642
123201, 1643
123220, 1644
123262, 1645
123289, 1646
123329, 1647
123357, 1648
123386, 1649
123424, 1650
123454, 1651
123494, 1652
123522, 1653
123552, 1654
123592, 1655
123620, 1656
123662, 1657
123690, 1658
123731, 1659
123760, 1660
123788, 1661
123829, 1662
123858, 1663
123887, 1664
123926, 1665
123955, 1666
123995, 1667
124024, 1668
124055, 1669
124092, 1670
124121, 1671
124151, 1672
124191, 1673
124220, 1674
124260, 1675
124289, 1676
124319, 1677
124357, 1678
124388, 1679
124427, 1680
124455, 1681
124498, 1682
124526, 1683
124554, 1684
124595, 1685
124623, 1686
124652, 1687
124694, 1688
124722, 1689
124763, 1690
124792, 1691
124819, 1692
124859, 1693
124888, 1694
124930, 1695
124944, 1696
124985, 1697
125026, 1698
125056, 1699
125097, 1700
125112, 1701
125152, 1702
125194, 1703
125222, 1704
125251, 1705
125291, 1706
125320, 1707
125360, 1708
125388, 1709
125433, 1710
125469, 1711
125486, 1712
125528, 1713
125556, 1714
125597, 1715
125626, 1716
125667, 1717
125695, 1718
125722, 1719
125764, 1720
125793, 1721
125833, 1722
125862, 1723
125890, 1724
125931, 1725
125960, 1726
126002, 1727
126015, 1728
126056, 1729
126099, 1730
126127, 1731
126156, 1732
126196, 1733
126225, 1734
126266, 1735
126294, 1736
126324, 1737
126363, 1738
126392, 1739
126434, 1740
126462, 1741
126489, 1742
126531, 1743
126559, 1744
126587, 1745
126629, 1746
126657, 1747
126698, 1748
126726, 1749
126755, 1750
126796, 1751
126824, 1752
126864, 1753
126893, 1754
126923, 1755
126962, 1756
126990, 1757
127032, 1758
127045, 1759
127089, 1760
127129, 1761
127157, 1762
127198, 1763
127226, 1764
127255, 1765
127296, 1766
127325, 1767
127366, 1768
127395, 1769
127424, 1770
127463, 1771
127492, 1772
127521, 1773
127561, 1774
127590, 1775
127630, 1776
127659, 1777
127692, 1778
127736, 1779
127754, 1780
127799, 1781
127826, 1782
127855, 1783
127896, 1784
127923, 1785
127964, 1786
127992, 1787
128023, 1788
128061, 1789
128090, 1790
128131, 1791
128159, 1792
128189, 1793
128227, 1794
128257, 1795
128298, 1796
128326, 1797
128354, 1798
128396, 1799
128424, 1800
128466, 1801
128494, 1802
128525, 1803
128562, 1804
128591, 1805
128621, 1806
128661, 1807
128690, 1808
128730, 1809
128758, 1810
128788, 1811
128828, 1812
128869, 1813
128884, 1814
128925, 1815
128955, 1816
128995, 1817
129024, 1818
129064, 1819
129092, 1820
129122, 1821
129162, 1822
129190, 1823
129233, 1824
129260, 1825
129302, 1826
129330, 1827
129358, 1828
129388, 1829
129427, 1830
129457, 1831
129496, 1832
129524, 1833
129566, 1834
129594, 1835
129624, 1836
129664, 1837
129692, 1838
129722, 1839
129761, 1840
129790, 1841
129831, 1842
129859, 1843
129888, 1844
129929, 1845
129957, 1846
129999, 1847
130027, 1848
130060, 1849
130108, 1850
130127, 1851
130155, 1852
130194, 1853
130223, 1854
130262, 1855
130290, 1856
130331, 1857
130359, 1858
130388, 1859
130429, 1860
130457, 1861
130498, 1862
130527, 1863
130556, 1864
130595, 1865
130624, 1866
130665, 1867
130694, 1868
130724, 1869
130762, 1870
130791, 1871
130832, 1872
130860, 1873
130903, 1874
130917, 1875
130958, 1876
131000, 1877
131027, 1878
131056, 1879
131098, 1880
131113, 1881
131165, 1882
131194, 1883
131222, 1884
131264, 1885
131292, 1886
131333, 1887
131361, 1888
131389, 1889
131431, 1890
131459, 1891
131501, 1892
131528, 1893
131557, 1894
131598, 1895
131627, 1896
131656, 1897
131696, 1898
131723, 1899
131766, 1900
131793, 1901
131823, 1902
131862, 1903
131892, 1904
131932, 1905
131962, 1906
131989, 1907
132031, 1908
132059, 1909
132087, 1910
132128, 1911
132156, 1912
132197, 1913
132226, 1914
132256, 1915
132295, 1916
132323, 1917
132394, 1918
132406, 1919
132448, 1920
132476, 1921
132515, 1922
132544, 1923
132572, 1924
132614, 1925
132641, 1926
132671, 1927
132711, 1928
132739, 1929
132781, 1930
132808, 1931
132837, 1932
132877, 1933
132905, 1934
132947, 1935
132975, 1936
133017, 1937
133031, 1938
133074, 1939
133114, 1940
133142, 1941
133172, 1942
133212, 1943
133240, 1944
133282, 1945
133310, 1946
133340, 1947
133379, 1948
133408, 1949
133449, 1950
133477, 1951
133505, 1952
133547, 1953
133575, 1954
133617, 1955
133645, 1956
133673, 1957
133717, 1958
133755, 1959
133770, 1960
133811, 1961
133839, 1962
133881, 1963
133909, 1964
133939, 1965
133979, 1966
134006, 1967
134048, 1968
134077, 1969
134105, 1970
134145, 1971
134175, 1972
134215, 1973
134243, 1974
134272, 1975
134314, 1976
134341, 1977
134370, 1978
134411, 1979
134438, 1980
134481, 1981
134509, 1982
134539, 1983
134578, 1984
134606, 1985
134648, 1986
134676, 1987
134704, 1988
134745, 1989
134774, 1990
134804, 1991
134843, 1992
134873, 1993
134912, 1994
134940, 1995
134982, 1996
135010, 1997
135052, 1998
135068, 1999
135108, 2000
135138, 2001
135176, 2002
135206, 2003
135246, 2004
135274, 2005
135314, 2006
135343, 2007
135371, 2008
135413, 2009
135440, 2010
135471, 2011
135510, 2012
135538, 2013
135580, 2014
135608, 2015
135650, 2016
135678, 2017
135706, 2018
135747, 2019
135776, 2020
135805, 2021
135844, 2022
135872, 2023
135914, 2024
135943, 2025
135984, 2026
135999, 2027
136040, 2028
136070, 2029
136109, 2030
136138, 2031
136179, 2032
136207, 2033
136248, 2034
136277, 2035
136305, 2036
136346, 2037
136378, 2038
136416, 2039
136430, 2040
136473, 2041
136512, 2042
136540, 2043
136570, 2044
136609, 2045
136639, 2046
136679, 2047
136707, 2048
136738, 2049
136777, 2050
136806, 2051
136846, 2052
136874, 2053
136916, 2054
136944, 2055
136974, 2056
137013, 2057
137042, 2058
137072, 2059
137111, 2060
137139, 2061
137181, 2062
137209, 2063
137240, 2064
137278, 2065
137307, 2066
137337, 2067
137376, 2068
137404, 2069
137446, 2070
137474, 2071
137515, 2072
137544, 2073
137572, 2074
137613, 2075
137641, 2076
137672, 2077
137723, 2078
137738, 2079
137780, 2080
137807, 2081
137848, 2082
137877, 2083
137905, 2084
137946, 2085
137974, 2086
138015, 2087
138043, 2088
138071, 2089
138113, 2090
138141, 2091
138172, 2092
138210, 2093
138240, 2094
138278, 2095
138307, 2096
138348, 2097
138377, 2098
138407, 2099
138446, 2100
138475, 2101
138516, 2102
138545, 2103
138573, 2104
138614, 2105
138643, 2106
138685, 2107
138698, 2108
138740, 2109
138782, 2110
138810, 2111
138839, 2112
138879, 2113
138908, 2114
138949, 2115
138977, 2116
139006, 2117
139051, 2118
139072, 2119
139115, 2120
139143, 2121
139171, 2122
139211, 2123
139241, 2124
139282, 2125
139310, 2126
139339, 2127
139380, 2128
139409, 2129
139450, 2130
139478, 2131
139507, 2132
139548, 2133
139575, 2134
139606, 2135
139645, 2136
139673, 2137
139715, 2138
139743, 2139
139771, 2140
139813, 2141
139840, 2142
139870, 2143
139909, 2144
139940, 2145
139979, 2146
140007, 2147
140048, 2148
140065, 2149
140105, 2150
140145, 2151
140173, 2152
140204, 2153
140243, 2154
140272, 2155
140313, 2156
140342, 2157
140370, 2158
140413, 2159
140452, 2160
140466, 2161
140508, 2162
140549, 2163
140578, 2164
140605, 2165
140647, 2166
140675, 2167
140704, 2168
140745, 2169
140773, 2170
140804, 2171
140842, 2172
140872, 2173
140912, 2174
140940, 2175
140971, 2176
141009, 2177
141039, 2178
141079, 2179
141106, 2180
141149, 2181
141178, 2182
141206, 2183
141247, 2184
141276, 2185
141315, 2186
141344, 2187
141373, 2188
141413, 2189
141442, 2190
141471, 2191
141512, 2192
141539, 2193
141580, 2194
141609, 2195
141649, 2196
141679, 2197
141707, 2198
141748, 2199
141779, 2200
141817, 2201
141831, 2202
141873, 2203
141914, 2204
141942, 2205
141973, 2206
142012, 2207
142040, 2208
142071, 2209
142109, 2210
142140, 2211
142179, 2212
142208, 2213
142249, 2214
142278, 2215
142305, 2216
142347, 2217
142375, 2218
142405, 2219
142444, 2220
142472, 2221
142516, 2222
142530, 2223
142582, 2224
142611, 2225
142639, 2226
142681, 2227
142708, 2228
142739, 2229
142777, 2230
142806, 2231
142847, 2232
142875, 2233
142905, 2234
142945, 2235
142973, 2236
143014, 2237
143044, 2238
143073, 2239
143113, 2240
143144, 2241
143181, 2242
143210, 2243
143238, 2244
143279, 2245
143308, 2246
143339, 2247
143376, 2248
143404, 2249
143445, 2250
143475, 2251
143504, 2252
143545, 2253
143572, 2254
143613, 2255
143641, 2256
143672, 2257
143710, 2258
143740, 2259
143780, 2260
143809, 2261
143850, 2262
143879, 2263
143907, 2264
143937, 2265
143975, 2266
144005, 2267
144045, 2268
144074, 2269
144114, 2270
144144, 2271
144171, 2272
144218, 2273
144249, 2274
144272, 2275
144312, 2276
144341, 2277
144379, 2278
144408, 2279
144451, 2280
144484, 2281
144503, 2282
144547, 2283
144574, 2284
144614, 2285
144643, 2286
144683, 2287
144698, 2288
144740, 2289
144779, 2290
144808, 2291
144838, 2292
144877, 2293
144906, 2294
144947, 2295
144976, 2296
145017, 2297
145045, 2298
145074, 2299
145116, 2300
145130, 2301
145170, 2302
145211, 2303
145240, 2304
145282, 2305
145310, 2306
145340, 2307
145379, 2308
145408, 2309
145449, 2310
145478, 2311
145505, 2312
145547, 2313
145575, 2314
145617, 2315
145645, 2316
145673, 2317
145714, 2318
145743, 2319
145775, 2320
145816, 2321
145840, 2322
145882, 2323
145910, 2324
145939, 2325
145979, 2326
146007, 2327
146038, 2328
146076, 2329
146106, 2330
146145, 2331
146173, 2332
146215, 2333
146244, 2334
146273, 2335
146313, 2336
146342, 2337
146371, 2338
146411, 2339
146438, 2340
146480, 2341
146509, 2342
146538, 2343
146577, 2344
146605, 2345
146646, 2346
146676, 2347
146704, 2348
146745, 2349
146774, 2350
146803, 2351
146842, 2352
146872, 2353
146913, 2354
146941, 2355
146972, 2356
147012, 2357
147040, 2358
147080, 2359
147111, 2360
147149, 2361
147177, 2362
147206, 2363
147246, 2364
147274, 2365
147317, 2366
147343, 2367
147373, 2368
147414, 2369
147442, 2370
147483, 2371
147511, 2372
147539, 2373
147581, 2374
147609, 2375
147649, 2376
147678, 2377
147707, 2378
147746, 2379
147775, 2380
147805, 2381
147844, 2382
147872, 2383
147915, 2384
147943, 2385
147971, 2386
148012, 2387
148040, 2388
148082, 2389
148110, 2390
148138, 2391
148181, 2392
148207, 2393
148237, 2394
148276, 2395
148305, 2396
148345, 2397
148374, 2398
148416, 2399
148443, 2400
148488, 2401
148500, 2402
148541, 2403
148571, 2404
148610, 2405
148638, 2406
148679, 2407
148707, 2408
148736, 2409
148776, 2410
148806, 2411
148845, 2412
148875, 2413
148905, 2414
148943, 2415
148972, 2416
149014, 2417
149042, 2418
149070, 2419
149111, 2420
149140, 2421
149182, 2422
149209, 2423
149251, 2424
149280, 2425
149307, 2426
149337, 2427
149376, 2428
149406, 2429
149446, 2430
149474, 2431
149515, 2432
149544, 2433
149573, 2434
149613, 2435
149642, 2436
149671, 2437
149710, 2438
149740, 2439
149780, 2440
149812, 2441
149849, 2442
149863, 2443
149906, 2444
149946, 2445
149975, 2446
150004, 2447
150045, 2448
150073, 2449
150114, 2450
150143, 2451
150184, 2452
150198, 2453
150240, 2454
150280, 2455
150309, 2456
150350, 2457
150365, 2458
150406, 2459
150437, 2460
150476, 2461
150507, 2462
150545, 2463
150574, 2464
150605, 2465
150643, 2466
150685, 2467
150700, 2468
150741, 2469
150770, 2470
150811, 2471
150839, 2472
150881, 2473
150909, 2474
150940, 2475
150978, 2476
151007, 2477
151047, 2478
151076, 2479
151106, 2480
151146, 2481
151188, 2482
151202, 2483
151243, 2484
151273, 2485
151311, 2486
151339, 2487
151381, 2488
151409, 2489
151440, 2490
151478, 2491
151507, 2492
151548, 2493
151576, 2494
151604, 2495
151645, 2496
151675, 2497
151704, 2498
151743, 2499
151773, 2500
151813, 2501
151841, 2502
151871, 2503
151910, 2504
151938, 2505
151979, 2506
152009, 2507
152037, 2508
152078, 2509
152105, 2510
152147, 2511
152175, 2512
152205, 2513
152245, 2514
152273, 2515
152314, 2516
152342, 2517
152372, 2518
152413, 2519
152440, 2520
152483, 2521
152511, 2522
152555, 2523
152566, 2524
152607, 2525
152647, 2526
152676, 2527
152718, 2528
152732, 2529
152773, 2530
152815, 2531
152843, 2532
152873, 2533
152912, 2534
152940, 2535
152982, 2536
153010, 2537
153040, 2538
153079, 2539
153108, 2540
153149, 2541
153177, 2542
153205, 2543
153246, 2544
153275, 2545
153304, 2546
153344, 2547
153373, 2548
153414, 2549
153442, 2550
153472, 2551
153511, 2552
153540, 2553
153582, 2554
153610, 2555
153639, 2556
153678, 2557
153708, 2558
153748, 2559
153776, 2560
153818, 2561
153832, 2562
153874, 2563
153919, 2564
153941, 2565
153983, 2566
154011, 2567
154039, 2568
154082, 2569
154109, 2570
154149, 2571
154178, 2572
154207, 2573
154248, 2574
154276, 2575
154307, 2576
154344, 2577
154373, 2578
154414, 2579
154443, 2580
154473, 2581
154512, 2582
154540, 2583
154582, 2584
154610, 2585
154639, 2586
154681, 2587
154708, 2588
154749, 2589
154777, 2590
154806, 2591
154847, 2592
154876, 2593
154904, 2594
154945, 2595
154973, 2596
155014, 2597
155042, 2598
155071, 2599
155112, 2600
155140, 2601
155182, 2602
155210, 2603
155242, 2604
155278, 2605
155306, 2606
155337, 2607
155377, 2608
155406, 2609
155445, 2610
155474, 2611
155505, 2612
155543, 2613
155572, 2614
155613, 2615
155641, 2616
155684, 2617
155711, 2618
155742, 2619
155781, 2620
155809, 2621
155839, 2622
155878, 2623
155906, 2624
155947, 2625
155962, 2626
156005, 2627
156045, 2628
156073, 2629
156104, 2630
156142, 2631
156172, 2632
156212, 2633
156240, 2634
156282, 2635
156310, 2636
156340, 2637
156380, 2638
156408, 2639
156438, 2640
156477, 2641
156507, 2642
156546, 2643
156576, 2644
156620, 2645
156632, 2646
156672, 2647
156713, 2648
156741, 2649
156782, 2650
156811, 2651
156839, 2652
156880, 2653
156908, 2654
156938, 2655
156978, 2656
157005, 2657
157047, 2658
157075, 2659
157118, 2660
157132, 2661
157174, 2662
157214, 2663
157243, 2664
157272, 2665
157312, 2666
157340, 2667
157370, 2668
157409, 2669
157437, 2670
157478, 2671
157507, 2672
157549, 2673
157577, 2674
157606, 2675
157646, 2676
157674, 2677
157703, 2678
157744, 2679
157774, 2680
157813, 2681
157841, 2682
157884, 2683
157897, 2684
157943, 2685
157979, 2686
158008, 2687
158049, 2688
158078, 2689
158106, 2690
158147, 2691
158176, 2692
158217, 2693
158232, 2694
158274, 2695
158315, 2696
158343, 2697
158371, 2698
158412, 2699
158440, 2700
158470, 2701
158510, 2702
158539, 2703
158580, 2704
158608, 2705
158649, 2706
158678, 2707
158705, 2708
158747, 2709
158775, 2710
158805, 2711
158844, 2712
158872, 2713
158914, 2714
158943, 2715
158972, 2716
159011, 2717
159039, 2718
159081, 2719
159110, 2720
159137, 2721
159179, 2722
159207, 2723
159237, 2724
159276, 2725
159338, 2726
159348, 2727
159379, 2728
159421, 2729
159451, 2730
159481, 2731
159522, 2732
159552, 2733
159579, 2734
159621, 2735
159651, 2736
159679, 2737
159718, 2738
159747, 2739
159789, 2740
159817, 2741
159847, 2742
159886, 2743
159915, 2744
159956, 2745
159985, 2746
160013, 2747
160055, 2748
160081, 2749
160135, 2750
160152, 2751
160180, 2752
160222, 2753
160249, 2754
160279, 2755
160317, 2756
160346, 2757
160385, 2758
160415, 2759
160445, 2760
160483, 2761
160514, 2762
160554, 2763
160582, 2764
160611, 2765
160651, 2766
160679, 2767
160720, 2768
160749, 2769
160778, 2770
160819, 2771
160845, 2772
160890, 2773
160928, 2774
160944, 2775
160985, 2776
161013, 2777
161055, 2778
161083, 2779
161124, 2780
161142, 2781
161181, 2782
161222, 2783
161250, 2784
161278, 2785
161320, 2786
161348, 2787
161379, 2788
161418, 2789
161446, 2790
161487, 2791
161516, 2792
161546, 2793
161584, 2794
161615, 2795
161655, 2796
161695, 2797
161711, 2798
161752, 2799
161780, 2800
161821, 2801
161850, 2802
161878, 2803
161919, 2804
161946, 2805
161988, 2806
162016, 2807
162044, 2808
162086, 2809
162114, 2810
162155, 2811
162183, 2812
162212, 2813
162255, 2814
162281, 2815
162321, 2816
162350, 2817
162380, 2818
162419, 2819
162451, 2820
162488, 2821
162517, 2822
162546, 2823
162586, 2824
162615, 2825
162657, 2826
162686, 2827
162713, 2828
162755, 2829
162782, 2830
162811, 2831
162853, 2832
162881, 2833
162922, 2834
162950, 2835
162980, 2836
163018, 2837
163047, 2838
163087, 2839
163117, 2840
163148, 2841
163185, 2842
163215, 2843
163257, 2844
163270, 2845
163312, 2846
163353, 2847
163381, 2848
163411, 2849
163449, 2850
163478, 2851
163519, 2852
163548, 2853
163590, 2854
163618, 2855
163646, 2856
163687, 2857
163716, 2858
163757, 2859
163785, 2860
163813, 2861
163855, 2862
163882, 2863
163913, 2864
163951, 2865
163981, 2866
164025, 2867
164062, 2868
164078, 2869
164119, 2870
164147, 2871
164188, 2872
164216, 2873
164246, 2874
164286, 2875
164314, 2876
164344, 2877
164382, 2878
164414, 2879
164453, 2880
164482, 2881
164522, 2882
164551, 2883
164579, 2884
164621, 2885
164648, 2886
164691, 2887
164706, 2888
164746, 2889
164787, 2890
164828, 2891
164844, 2892
164886, 2893
164914, 2894
164955, 2895
164982, 2896
165013, 2897
165052, 2898
165079, 2899
165122, 2900
165149, 2901
165177, 2902
165218, 2903
165246, 2904
165288, 2905
165316, 2906
165347, 2907
165385, 2908
165415, 2909
165455, 2910
165484, 2911
165512, 2912
165553, 2913
165593, 2914
165610, 2915
165651, 2916
165679, 2917
165720, 2918
165749, 2919
165790, 2920
165818, 2921
165846, 2922
165887, 2923
165915, 2924
165957, 2925
165984, 2926
166012, 2927
166055, 2928
166082, 2929
166123, 2930
166152, 2931
166180, 2932
166222, 2933
166250, 2934
166277, 2935
166319, 2936
166350, 2937
166387, 2938
166416, 2939
166443, 2940
166485, 2941
166513, 2942
166556, 2943
166584, 2944
166612, 2945
166653, 2946
166681, 2947
166712, 2948
166750, 2949
166780, 2950
166820, 2951
166848, 2952
166890, 2953
166918, 2954
166947, 2955
166987, 2956
167016, 2957
167058, 2958
167085, 2959
167117, 2960
167155, 2961
167181, 2962
167211, 2963
167252, 2964
167280, 2965
167322, 2966
167351, 2967
167379, 2968
167419, 2969
167447, 2970
167488, 2971
167517, 2972
167547, 2973
167588, 2974
167614, 2975
167656, 2976
167684, 2977
167714, 2978
167754, 2979
167781, 2980
167823, 2981
167851, 2982
167882, 2983
167919, 2984
167949, 2985
167990, 2986
168018, 2987
168047, 2988
168088, 2989
168116, 2990
168158, 2991
168186, 2992
168215, 2993
168256, 2994
168283, 2995
168311, 2996
168352, 2997
168380, 2998
168422, 2999
168450, 3000
168479, 3001
168520, 3002
168547, 3003
168589, 3004
168617, 3005
168646, 3006
168699, 3007
168715, 3008
168757, 3009
168770, 3010
168811, 3011
168853, 3012
168879, 3013
168922, 3014
168950, 3015
168981, 3016
169019, 3017
169046, 3018
169078, 3019
169116, 3020
169159, 3021
169172, 3022
169214, 3023
169244, 3024
169284, 3025
169314, 3026
169352, 3027
169381, 3028
169411, 3029
169453, 3030
169491, 3031
169519, 3032
169547, 3033
169589, 3034
169619, 3035
169647, 3036
169688, 3037
169716, 3038
169744, 3039
169786, 3040
169814, 3041
169854, 3042
169883, 3043
169914, 3044
169952, 3045
169981, 3046
170021, 3047
170050, 3048
170079, 3049
170120, 3050
170148, 3051
170177, 3052
170217, 3053
170257, 3054
170287, 3055
170316, 3056
170356, 3057
170384, 3058
170413, 3059
170454, 3060
170482, 3061
170524, 3062
170551, 3063
170579, 3064
170620, 3065
170649, 3066
170690, 3067
170718, 3068
170747, 3069
170788, 3070
170816, 3071
170845, 3072
170884, 3073
170913, 3074
170954, 3075
170982, 3076
171015, 3077
171051, 3078
171079, 3079
171121, 3080
171150, 3081
171179, 3082
171219, 3083
171247, 3084
171277, 3085
171317, 3086
171345, 3087
171386, 3088
171415, 3089
171457, 3090
171485, 3091
171512, 3092
171554, 3093
171582, 3094
171612, 3095
171652, 3096
171680, 3097
171721, 3098
171750, 3099
171782, 3100
171822, 3101
171836, 3102
171890, 3103
171916, 3104
171945, 3105
171985, 3106
172014, 3107
172055, 3108
172083, 3109
172112, 3110
172152, 3111
172181, 3112
172223, 3113
172251, 3114
172280, 3115
172320, 3116
172348, 3117
172389, 3118
172418, 3119
172446, 3120
172487, 3121
172516, 3122
172560, 3123
172590, 3124
172602, 3125
172644, 3126
172681, 3127
172723, 3128
172737, 3129
172779, 3130
172821, 3131
172850, 3132
172891, 3133
172919, 3134
172947, 3135
172988, 3136
173017, 3137
173058, 3138
173087, 3139
173114, 3140
173155, 3141
173183, 3142
173211, 3143
173253, 3144
173281, 3145
173326, 3146
173350, 3147
173379, 3148
173420, 3149
173447, 3150
173477, 3151
173516, 3152
173547, 3153
173586, 3154
173614, 3155
173656, 3156
173671, 3157
173713, 3158
173752, 3159
173781, 3160
173811, 3161
173851, 3162
173880, 3163
173921, 3164
173949, 3165
173991, 3166
174018, 3167
174047, 3168
174088, 3169
174128, 3170
174144, 3171
174186, 3172
174214, 3173
174255, 3174
174289, 3175
174318, 3176
174354, 3177
174381, 3178
174422, 3179
174450, 3180
174479, 3181
174518, 3182
174546, 3183
174587, 3184
174615, 3185
174657, 3186
174685, 3187
174714, 3188
174754, 3189
174783, 3190
174813, 3191
174852, 3192
174911, 3193
174922, 3194
174962, 3195
174991, 3196
175019, 3197
175059, 3198
175088, 3199
175130, 3200
175145, 3201
175186, 3202
175226, 3203
175255, 3204
175297, 3205
175311, 3206
175365, 3207
175380, 3208
175422, 3209
175452, 3210
175491, 3211
175519, 3212
175561, 3213
175589, 3214
175619, 3215
175658, 3216
175688, 3217
175729, 3218
175757, 3219
175796, 3220
175828, 3221
175855, 3222
175896, 3223
175924, 3224
175953, 3225
175993, 3226
176022, 3227
176051, 3228
176091, 3229
176119, 3230
176161, 3231
176188, 3232
176221, 3233
176256, 3234
176284, 3235
176326, 3236
176355, 3237
176396, 3238
176411, 3239
176453, 3240
176494, 3241
176523, 3242
176565, 3243
176578, 3244
176619, 3245
176662, 3246
176703, 3247
176719, 3248
176760, 3249
176788, 3250
176818, 3251
176857, 3252
176885, 3253
176926, 3254
176954, 3255
176995, 3256
177023, 3257
177066, 3258
177080, 3259
177137, 3260
177161, 3261
177189, 3262
177231, 3263
177247, 3264
177288, 3265
177328, 3266
177344, 3267
177397, 3268
177426, 3269
177455, 3270
177496, 3271
177511, 3272
177554, 3273
177606, 3274
177623, 3275
177664, 3276
177678, 3277
177719, 3278
177761, 3279
177789, 3280
177819, 3281
177857, 3282
177887, 3283
177928, 3284
177956, 3285
177997, 3286
178012, 3287
178063, 3288
178085, 3289
178123, 3290
178151, 3291
178192, 3292
178220, 3293
178262, 3294
178290, 3295
178320, 3296
178359, 3297
178388, 3298
178428, 3299
178457, 3300
178487, 3301
178540, 3302
178556, 3303
178594, 3304
178622, 3305
178652, 3306
178692, 3307
178720, 3308
178761, 3309
178789, 3310
178818, 3311
178859, 3312
178889, 3313
178930, 3314
178946, 3315
178999, 3316
179013, 3317
179054, 3318
179085, 3319
179123, 3320
179153, 3321
179192, 3322
179221, 3323
179263, 3324
179277, 3325
179319, 3326
179361, 3327
179390, 3328
179430, 3329
179469, 3330
179487, 3331
179517, 3332
179557, 3333
179598, 3334
179613, 3335
179653, 3336
179695, 3337
179709, 3338
179751, 3339
179791, 3340
179820, 3341
179862, 3342
179891, 3343
179930, 3344
179948, 3345
179990, 3346
180029, 3347
180044, 3348
180087, 3349
180125, 3350
180155, 3351
180196, 3352
180211, 3353
180253, 3354
180292, 3355
180320, 3356
180352, 3357
180401, 3358
180420, 3359
180462, 3360
180489, 3361
180520, 3362
180558, 3363
180587, 3364
180628, 3365
180656, 3366
180688, 3367
180724, 3368
180753, 3369
180793, 3370
180823, 3371
180874, 3372
180891, 3373
180919, 3374
180959, 3375
180988, 3376
181018, 3377
181057, 3378
181086, 3379
181127, 3380
181156, 3381
181197, 3382
181212, 3383
181253, 3384
181296, 3385
181336, 3386
181353, 3387
181393, 3388
181422, 3389
181452, 3390
181491, 3391
181519, 3392
181561, 3393
181589, 3394
181630, 3395
181646, 3396
181689, 3397
181726, 3398
181743, 3399
181808, 3400
181824, 3401
181855, 3402
181894, 3403
181922, 3404
181963, 3405
181992, 3406
182019, 3407
182061, 3408
182089, 3409
182130, 3410
182159, 3411
182188, 3412
182228, 3413
182260, 3414
182297, 3415
182325, 3416
182352, 3417
182395, 3418
182423, 3419
182465, 3420
182494, 3421
182522, 3422
182552, 3423
182591, 3424
182619, 3425
182660, 3426
182689, 3427
182718, 3428
182772, 3429
182788, 3430
182828, 3431
182856, 3432
182896, 3433
182925, 3434
182955, 3435
182993, 3436
183022, 3437
183052, 3438
183091, 3439
183120, 3440
183162, 3441
183190, 3442
183223, 3443
183259, 3444
183288, 3445
183328, 3446
183356, 3447
183385, 3448
183425, 3449
183455, 3450
183495, 3451
183523, 3452
183554, 3453
183594, 3454
183622, 3455
183652, 3456
183692, 3457
183733, 3458
183748, 3459
183790, 3460
183820, 3461
183860, 3462
183886, 3463
183927, 3464
183956, 3465
183986, 3466
184025, 3467
184054, 3468
184095, 3469
184123, 3470
184165, 3471
184205, 3472
184223, 3473
184264, 3474
184293, 3475
184332, 3476
184359, 3477
184402, 3478
184429, 3479
184458, 3480
184497, 3481
184514, 3482
184566, 3483
184596, 3484
184625, 3485
184665, 3486
184696, 3487
184734, 3488
184761, 3489
184793, 3490
184832, 3491
184860, 3492
184903, 3493
184931, 3494
184959, 3495
185003, 3496
185041, 3497
185056, 3498
185097, 3499
185125, 3500
185166, 3501
185195, 3502
185225, 3503
185262, 3504
185305, 3505
185319, 3506
185362, 3507
185391, 3508
185432, 3509
185460, 3510
185501, 3511
185529, 3512
185569, 3513
185599, 3514
185627, 3515
185668, 3516
185697, 3517
185725, 3518
185765, 3519
185794, 3520
185834, 3521
185863, 3522
185892, 3523
185933, 3524
185960, 3525
186002, 3526
186030, 3527
186060, 3528
186102, 3529
186128, 3530
186166, 3531
186195, 3532
186225, 3533
186266, 3534
186294, 3535
186325, 3536
186363, 3537
186403, 3538
186435, 3539
186463, 3540
186505, 3541
186519, 3542
186561, 3543
186600, 3544
186628, 3545
186671, 3546
186696, 3547
186726, 3548
186767, 3549
186795, 3550
186824, 3551
186864, 3552
186893, 3553
186934, 3554
186977, 3555
186992, 3556
187034, 3557
187061, 3558
187105, 3559
187117, 3560
187159, 3561
187200, 3562
187239, 3563
187255, 3564
187298, 3565
187326, 3566
187368, 3567
187382, 3568
187435, 3569
187464, 3570
187496, 3571
187520, 3572
187560, 3573
187603, 3574
187618, 3575
187660, 3576
187699, 3577
187728, 3578
187757, 3579
187806, 3580
187825, 3581
187864, 3582
187893, 3583
187923, 3584
187963, 3585
187992, 3586
188034, 3587
188065, 3588
188090, 3589
188132, 3590
188161, 3591
188202, 3592
188217, 3593
188271, 3594
188286, 3595
188328, 3596
188378, 3597
188398, 3598
188427, 3599
188467, 3600
188495, 3601
188524, 3602
188564, 3603
188594, 3604
188635, 3605
188659, 3606
188692, 3607
188730, 3608
188759, 3609
188801, 3610
188816, 3611
188868, 3612
188897, 3613
188937, 3614
188953, 3615
188995, 3616
189025, 3617
189065, 3618
189093, 3619
189135, 3620
189163, 3621
189203, 3622
189234, 3623
189260, 3624
189301, 3625
189330, 3626
189370, 3627
189386, 3628
189424, 3629
189469, 3630
189496, 3631
189524, 3632
189563, 3633
189593, 3634
189634, 3635
189663, 3636
189694, 3637
189732, 3638
189791, 3639
189805, 3640
189843, 3641
189871, 3642
189912, 3643
189949, 3644
189965, 3645
190008, 3646
190037, 3647
190081, 3648
190106, 3649
190135, 3650
190177, 3651
190206, 3652
190255, 3653
190272, 3654
190302, 3655
190343, 3656
190375, 3657
190411, 3658
190440, 3659
190482, 3660
190497, 3661
190547, 3662
190576, 3663
190602, 3664
190641, 3665
190671, 3666
190708, 3667
190736, 3668
190777, 3669
190804, 3670
190857, 3671
190875, 3672
190904, 3673
190944, 3674
190975, 3675
191012, 3676
191040, 3677
191080, 3678
191109, 3679
191147, 3680
191167, 3681
191207, 3682
191238, 3683
191276, 3684
191315, 3685
191333, 3686
191374, 3687
191404, 3688
191447, 3689
191470, 3690
191512, 3691
191540, 3692
191580, 3693
191612, 3694
191637, 3695
191679, 3696
191707, 3697
191735, 3698
191787, 3699
191802, 3700
191844, 3701
191874, 3702
191902, 3703
191954, 3704
191974, 3705
192015, 3706
192031, 3707
192072, 3708
192111, 3709
192138, 3710
192180, 3711
192208, 3712
192249, 3713
192279, 3714
192308, 3715
192336, 3716
192377, 3717
192414, 3718
192443, 3719
192472, 3720
192514, 3721
192543, 3722
192585, 3723
192600, 3724
192641, 3725
192669, 3726
192712, 3727
192737, 3728
192778, 3729
192806, 3730
192848, 3731
192890, 3732
192918, 3733
192933, 3734
192985, 3735
193004, 3736
193045, 3737
193083, 3738
193102, 3739
193145, 3740
193168, 3741
193210, 3742
193249, 3743
193264, 3744
193304, 3745
193350, 3746
193369, 3747
193413, 3748
193435, 3749
193476, 3750
193513, 3751
193542, 3752
193581, 3753
193617, 3754
193634, 3755
193674, 3756
193725, 3757
193741, 3758
193772, 3759
193807, 3760
193837, 3761
193887, 3762
193902, 3763
193942, 3764
193990, 3765
194009, 3766
194036, 3767
194096, 3768
194114, 3769
194140, 3770
194170, 3771
194222, 3772
194234, 3773
194283, 3774
194302, 3775
194351, 3776
194371, 3777
194435, 3778
194456, 3779
194480, 3780
194526, 3781
194551, 3782
194585, 3783
194629, 3784
194644, 3785
194681, 3786
194729, 3787
194746, 3788
194797, 3789
194814, 3790
194853, 3791
194891, 3792
194906, 3793
194965, 3794
194993, 3795
195005, 3796
195055, 3797
195081, 3798
195130, 3799
195150, 3800
