68122, 1
68160, 2
68184, 3
68225, 4
68250, 5
68290, 6
68308, 7
68359, 8
68372, 9
68414, 10
68456, 11
68484, 12
68526, 13
68545, 14
68583, 15
68623, 16
68653, 17
68692, 18
68722, 19
68759, 20
68802, 21
68819, 22
68861, 23
68899, 24
68927, 25
68968, 26
68997, 27
69039, 28
69057, 29
69095, 30
69137, 31
69153, 32
69197, 33
69234, 34
69265, 35
69302, 36
69333, 37
69372, 38
69389, 39
69431, 40
69470, 41
69498, 42
69529, 43
69569, 44
69597, 45
69642, 46
69664, 47
69697, 48
69734, 49
69763, 50
69802, 51
69832, 52
69862, 53
69902, 54
69931, 55
69961, 56
70000, 57
70028, 58
70070, 59
70085, 60
70127, 61
70168, 62
70195, 63
70228, 64
70266, 65
70306, 66
70322, 67
70365, 68
70402, 69
70432, 70
70461, 71
70502, 72
70545, 73
70569, 74
70596, 75
70627, 76
70668, 77
70696, 78
70738, 79
70757, 80
70795, 81
70833, 82
70861, 83
70903, 84
70932, 85
70961, 86
71002, 87
71030, 88
71060, 89
71101, 90
71131, 91
71169, 92
71197, 93
71239, 94
71254, 95
71298, 96
71336, 97
71354, 98
71405, 99
71421, 100
71473, 101
71490, 102
71532, 103
71565, 104
71599, 105
71628, 106
71671, 107
71688, 108
71726, 109
71767, 110
71797, 111
71836, 112
71865, 113
71897, 114
71936, 115
71963, 116
72004, 117
72023, 118
72064, 119
72102, 120
72130, 121
72171, 122
72187, 123
72229, 124
72269, 125
72298, 126
72340, 127
72388, 128
72406, 129
72449, 130
72477, 131
72507, 132
72546, 133
72578, 134
72616, 135
72644, 136
72672, 137
72715, 138
72743, 139
72784, 140
72800, 141
72840, 142
72881, 143
72910, 144
72940, 145
72980, 146
73008, 147
73049, 148
73076, 149
73117, 150
73147, 151
73175, 152
73216, 153
73232, 154
73273, 155
73329, 156
73343, 157
73384, 158
73409, 159
73450, 160
73467, 161
73508, 162
73549, 163
73578, 164
73607, 165
73649, 166
73676, 167
73715, 168
73746, 169
73774, 170
73813, 171
73843, 172
73885, 173
73900, 174
73940, 175
73981, 176
74011, 177
74051, 178
74066, 179
74109, 180
74150, 181
74165, 182
74221, 183
74247, 184
74262, 185
74316, 186
74341, 187
74385, 188
74401, 189
74441, 190
74481, 191
74510, 192
74540, 193
74578, 194
74608, 195
74651, 196
74666, 197
74706, 198
74746, 199
74775, 200
74816, 201
74832, 202
74886, 203
74902, 204
74943, 205
74984, 206
74999, 207
75042, 208
75081, 209
75113, 210
75156, 211
75178, 212
75207, 213
75247, 214
75275, 215
75307, 216
75346, 217
75373, 218
75415, 219
75432, 220
75484, 221
75500, 222
75543, 223
75583, 224
75611, 225
75651, 226
75667, 227
75708, 228
75751, 229
75764, 230
75806, 231
75848, 232
75879, 233
75917, 234
75933, 235
75977, 236
76016, 237
76041, 238
76099, 239
76113, 240
76152, 241
76182, 242
76209, 243
76252, 244
76281, 245
76320, 246
76335, 247
76379, 248
76416, 249
76444, 250
76475, 251
76514, 252
76542, 253
76584, 254
76614, 255
76643, 256
76682, 257
76712, 258
76753, 259
76781, 260
76810, 261
76851, 262
76880, 263
76919, 264
76947, 265
76989, 266
77014, 267
77056, 268
77101, 269
77128, 270
77170, 271
77195, 272
77227, 273
77267, 274
77296, 275
77339, 276
77362, 277
77394, 278
77435, 279
77462, 280
77503, 281
77532, 282
77561, 283
77600, 284
77630, 285
77674, 286
77699, 287
77730, 288
77767, 289
77798, 290
77837, 291
77854, 292
77895, 293
77936, 294
77968, 295
78002, 296
78032, 297
78060, 298
78102, 299
78131, 300
78171, 301
78199, 302
78229, 303
78269, 304
78298, 305
78341, 306
78367, 307
78395, 308
78438, 309
78452, 310
78495, 311
78533, 312
78561, 313
78603, 314
78631, 315
78660, 316
78702, 317
78730, 318
78772, 319
78788, 320
78827, 321
78885, 322
78898, 323
78937, 324
78965, 325
78994, 326
79037, 327
79062, 328
79103, 329
79132, 330
79175, 331
79188, 332
79230, 333
79259, 334
79299, 335
79326, 336
79367, 337
79397, 338
79438, 339
79455, 340
79495, 341
79536, 342
79566, 343
79605, 344
79623, 345
79662, 346
79701, 347
79730, 348
79761, 349
79801, 350
79834, 351
79868, 352
79899, 353
79937, 354
79968, 355
79994, 356
80037, 357
80065, 358
80094, 359
80135, 360
80164, 361
80202, 362
80232, 363
80260, 364
80301, 365
80331, 366
80371, 367
80386, 368
80428, 369
80470, 370
80497, 371
80539, 372
80554, 373
80599, 374
80636, 375
80653, 376
80704, 377
80733, 378
80763, 379
80812, 380
80842, 381
80858, 382
80902, 383
80942, 384
80958, 385
80997, 386
81039, 387
81055, 388
81095, 389
81136, 390
81165, 391
81205, 392
81235, 393
81263, 394
81307, 395
81331, 396
81373, 397
81389, 398
81429, 399
81470, 400
81499, 401
81531, 402
81567, 403
81608, 404
81624, 405
81666, 406
81709, 407
81767, 408
81789, 409
81818, 410
81858, 411
81875, 412
81916, 413
81956, 414
81986, 415
82026, 416
82045, 417
82082, 418
82123, 419
82152, 420
82194, 421
82221, 422
82252, 423
82290, 424
82318, 425
82348, 426
82388, 427
82417, 428
82459, 429
82474, 430
82515, 431
82557, 432
82584, 433
82614, 434
82653, 435
82684, 436
82724, 437
82751, 438
82783, 439
82821, 440
82850, 441
82891, 442
82907, 443
82959, 444
82978, 445
83015, 446
83057, 447
83089, 448
83115, 449
83155, 450
83183, 451
83226, 452
83243, 453
83294, 454
83310, 455
83353, 456
83382, 457
83419, 458
83449, 459
83490, 460
83519, 461
83548, 462
83588, 463
83615, 464
83670, 465
83686, 466
83714, 467
83755, 468
83783, 469
83824, 470
83840, 471
83881, 472
83922, 473
83951, 474
83993, 475
84007, 476
84051, 477
84089, 478
84119, 479
84160, 480
84176, 481
84218, 482
84254, 483
84286, 484
84326, 485
84341, 486
84382, 487
84423, 488
84452, 489
84493, 490
84511, 491
84551, 492
84602, 493
84621, 494
84664, 495
84690, 496
84716, 497
84758, 498
84786, 499
84814, 500
84858, 501
84896, 502
84912, 503
84952, 504
84983, 505
85021, 506
85050, 507
85091, 508
85120, 509
85150, 510
85190, 511
85221, 512
85257, 513
85286, 514
85314, 515
85357, 516
85400, 517
85416, 518
85453, 519
85484, 520
85523, 521
85565, 522
85580, 523
85621, 524
85651, 525
85690, 526
85719, 527
85750, 528
85787, 529
85816, 530
85858, 531
85874, 532
85915, 533
85955, 534
85984, 535
86026, 536
86042, 537
86083, 538
86122, 539
86151, 540
86192, 541
86222, 542
86262, 543
86279, 544
86317, 545
86361, 546
86376, 547
86430, 548
86444, 549
86518, 550
86538, 551
86569, 552
86609, 553
86623, 554
86666, 555
86706, 556
86734, 557
86775, 558
86792, 559
86833, 560
86874, 561
86900, 562
86941, 563
86958, 564
86999, 565
87040, 566
87068, 567
87109, 568
87126, 569
87178, 570
87195, 571
87235, 572
87265, 573
87305, 574
87333, 575
87375, 576
87391, 577
87452, 578
87470, 579
87511, 580
87527, 581
87568, 582
87599, 583
87637, 584
87668, 585
87707, 586
87735, 587
87766, 588
87804, 589
87834, 590
87874, 591
87903, 592
87931, 593
87973, 594
88001, 595
88043, 596
88062, 597
88114, 598
88140, 599
88166, 600
88211, 601
88237, 602
88267, 603
88305, 604
88335, 605
88377, 606
88392, 607
88451, 608
88472, 609
88501, 610
88529, 611
88571, 612
88602, 613
88641, 614
88657, 615
88709, 616
88727, 617
88766, 618
88808, 619
88826, 620
88877, 621
88892, 622
88935, 623
88975, 624
88990, 625
89045, 626
89060, 627
89102, 628
89141, 629
89171, 630
89199, 631
89240, 632
89268, 633
89311, 634
89329, 635
89366, 636
89422, 637
89436, 638
89477, 639
89495, 640
89545, 641
89561, 642
89602, 643
89642, 644
89658, 645
89703, 646
89739, 647
89767, 648
89810, 649
89827, 650
89878, 651
89896, 652
89937, 653
89977, 654
89992, 655
90037, 656
90073, 657
90103, 658
90143, 659
90161, 660
90201, 661
90241, 662
90271, 663
90314, 664
90329, 665
90373, 666
90411, 667
90439, 668
90480, 669
90508, 670
90551, 671
90566, 672
90618, 673
90635, 674
90678, 675
90715, 676
90742, 677
90784, 678
90814, 679
90855, 680
90871, 681
90911, 682
90952, 683
90967, 684
91011, 685
91049, 686
91078, 687
91108, 688
91147, 689
91176, 690
91219, 691
91243, 692
91273, 693
91316, 694
91369, 695
91408, 696
91438, 697
91467, 698
91509, 699
91534, 700
91565, 701
91604, 702
91633, 703
91675, 704
91702, 705
91731, 706
91772, 707
91800, 708
91843, 709
91859, 710
91902, 711
91940, 712
91967, 713
91995, 714
92036, 715
92066, 716
92107, 717
92137, 718
92164, 719
92204, 720
92232, 721
92273, 722
92302, 723
92331, 724
92372, 725
92400, 726
92442, 727
92482, 728
92497, 729
92541, 730
92569, 731
92610, 732
92638, 733
92667, 734
92707, 735
92736, 736
92777, 737
92806, 738
92834, 739
92875, 740
92903, 741
92932, 742
92973, 743
93000, 744
93042, 745
93057, 746
93099, 747
93140, 748
93168, 749
93197, 750
93237, 751
93266, 752
93307, 753
93335, 754
93377, 755
93405, 756
93432, 757
93475, 758
93503, 759
93544, 760
93572, 761
93601, 762
93642, 763
93670, 764
93698, 765
93739, 766
93768, 767
93797, 768
93837, 769
93867, 770
93906, 771
93934, 772
93965, 773
94004, 774
94032, 775
94073, 776
94102, 777
94144, 778
94172, 779
94200, 780
94242, 781
94270, 782
94298, 783
94339, 784
94367, 785
94409, 786
94437, 787
94466, 788
94507, 789
94534, 790
94575, 791
94605, 792
94632, 793
94673, 794
94702, 795
94747, 796
94758, 797
94800, 798
94839, 799
94870, 800
94908, 801
94937, 802
94965, 803
95007, 804
95034, 805
95076, 806
95091, 807
95132, 808
95173, 809
95201, 810
95231, 811
95271, 812
95300, 813
95340, 814
95369, 815
95397, 816
95439, 817
95466, 818
95508, 819
95536, 820
95564, 821
95606, 822
95634, 823
95676, 824
95704, 825
95732, 826
95774, 827
95802, 828
95843, 829
95872, 830
95900, 831
95941, 832
95969, 833
95999, 834
96038, 835
96067, 836
96107, 837
96136, 838
96165, 839
96206, 840
96233, 841
96276, 842
96304, 843
96332, 844
96373, 845
96401, 846
96443, 847
96471, 848
96500, 849
96541, 850
96568, 851
96599, 852
96638, 853
96666, 854
96707, 855
96735, 856
96765, 857
96805, 858
96833, 859
96874, 860
96903, 861
96933, 862
96972, 863
97003, 864
97042, 865
97068, 866
97110, 867
97138, 868
97168, 869
97208, 870
97236, 871
97267, 872
97307, 873
97334, 874
97376, 875
97403, 876
97432, 877
97472, 878
97501, 879
97542, 880
97571, 881
97599, 882
97640, 883
97669, 884
97698, 885
97738, 886
97766, 887
97808, 888
97835, 889
97867, 890
97904, 891
97932, 892
97975, 893
98002, 894
98031, 895
98072, 896
98100, 897
98142, 898
98171, 899
98199, 900
98239, 901
98268, 902
98298, 903
98337, 904
98366, 905
98407, 906
98435, 907
98476, 908
98504, 909
98533, 910
98575, 911
98602, 912
98632, 913
98670, 914
98699, 915
98741, 916
98770, 917
98799, 918
98839, 919
98868, 920
98908, 921
98935, 922
98965, 923
99006, 924
99034, 925
99075, 926
99103, 927
99132, 928
99173, 929
99201, 930
99242, 931
99271, 932
99310, 933
99341, 934
99369, 935
99409, 936
99438, 937
99465, 938
99507, 939
99535, 940
99575, 941
99604, 942
99632, 943
99673, 944
99701, 945
99742, 946
99771, 947
99800, 948
99839, 949
99868, 950
99910, 951
99939, 952
99967, 953
100007, 954
100036, 955
100066, 956
100104, 957
100134, 958
100174, 959
100202, 960
100232, 961
100272, 962
100300, 963
100341, 964
100369, 965
100398, 966
100439, 967
100467, 968
100509, 969
100536, 970
100565, 971
100607, 972
100634, 973
100665, 974
100704, 975
100732, 976
100774, 977
100802, 978
100832, 979
100871, 980
100898, 981
100941, 982
100969, 983
100999, 984
101038, 985
101068, 986
101108, 987
101136, 988
101177, 989
101205, 990
101234, 991
101275, 992
101304, 993
101332, 994
101372, 995
101400, 996
101442, 997
101470, 998
101499, 999
101540, 1000
101584, 1001
101598, 1002
101636, 1003
101666, 1004
101705, 1005
101735, 1006
101775, 1007
101802, 1008
101832, 1009
101871, 1010
101900, 1011
101941, 1012
101970, 1013
101998, 1014
102038, 1015
102067, 1016
102108, 1017
102137, 1018
102166, 1019
102207, 1020
102235, 1021
102276, 1022
102304, 1023
102332, 1024
102373, 1025
102402, 1026
102431, 1027
102471, 1028
102499, 1029
102540, 1030
102569, 1031
102599, 1032
102638, 1033
102666, 1034
102708, 1035
102736, 1036
102777, 1037
102806, 1038
102833, 1039
102876, 1040
102904, 1041
102932, 1042
102973, 1043
103001, 1044
103043, 1045
103071, 1046
103100, 1047
103140, 1048
103169, 1049
103210, 1050
103238, 1051
103266, 1052
103308, 1053
103335, 1054
103365, 1055
103405, 1056
103432, 1057
103474, 1058
103503, 1059
103531, 1060
103572, 1061
103601, 1062
103641, 1063
103670, 1064
103699, 1065
103739, 1066
103767, 1067
103809, 1068
103840, 1069
103886, 1070
103896, 1071
103936, 1072
103965, 1073
104007, 1074
104033, 1075
104074, 1076
104102, 1077
104143, 1078
104171, 1079
104198, 1080
104239, 1081
104268, 1082
104309, 1083
104337, 1084
104367, 1085
104405, 1086
104434, 1087
104476, 1088
104504, 1089
104534, 1090
104573, 1091
104601, 1092
104643, 1093
104672, 1094
104701, 1095
104741, 1096
104769, 1097
104798, 1098
104837, 1099
104866, 1100
104907, 1101
104936, 1102
104965, 1103
105006, 1104
105032, 1105
105074, 1106
105103, 1107
105132, 1108
105173, 1109
105202, 1110
105241, 1111
105269, 1112
105298, 1113
105339, 1114
105367, 1115
105410, 1116
105424, 1117
105465, 1118
105506, 1119
105534, 1120
105566, 1121
105604, 1122
105634, 1123
105673, 1124
105702, 1125
105744, 1126
105772, 1127
105799, 1128
105841, 1129
105870, 1130
105899, 1131
105938, 1132
105967, 1133
106007, 1134
106036, 1135
106067, 1136
106105, 1137
106136, 1138
106182, 1139
106202, 1140
106234, 1141
106273, 1142
106300, 1143
106341, 1144
106370, 1145
106399, 1146
106438, 1147
106466, 1148
106508, 1149
106535, 1150
106565, 1151
106605, 1152
106633, 1153
106676, 1154
106703, 1155
106734, 1156
106773, 1157
106800, 1158
106842, 1159
106870, 1160
106900, 1161
106940, 1162
106968, 1163
106998, 1164
107036, 1165
107066, 1166
107106, 1167
107135, 1168
107176, 1169
107205, 1170
107247, 1171
107261, 1172
107303, 1173
107332, 1174
107372, 1175
107400, 1176
107442, 1177
107470, 1178
107499, 1179
107539, 1180
107568, 1181
107608, 1182
107636, 1183
107666, 1184
107707, 1185
107735, 1186
107764, 1187
107804, 1188
107833, 1189
107873, 1190
107902, 1191
107932, 1192
107971, 1193
107999, 1194
108040, 1195
108069, 1196
108110, 1197
108138, 1198
108167, 1199
108208, 1200
108236, 1201
108267, 1202
108306, 1203
108337, 1204
108374, 1205
108403, 1206
108432, 1207
108472, 1208
108500, 1209
108542, 1210
108570, 1211
108600, 1212
108639, 1213
108668, 1214
108709, 1215
108736, 1216
108766, 1217
108807, 1218
108836, 1219
108877, 1220
108905, 1221
108933, 1222
108975, 1223
109002, 1224
109032, 1225
109072, 1226
109102, 1227
109141, 1228
109169, 1229
109210, 1230
109239, 1231
109268, 1232
109307, 1233
109336, 1234
109366, 1235
109406, 1236
109433, 1237
109475, 1238
109504, 1239
109532, 1240
109573, 1241
109602, 1242
109643, 1243
109670, 1244
109699, 1245
109740, 1246
109769, 1247
109798, 1248
109837, 1249
109866, 1250
109907, 1251
109935, 1252
109977, 1253
110005, 1254
110034, 1255
110075, 1256
110103, 1257
110144, 1258
110172, 1259
110201, 1260
110241, 1261
110270, 1262
110298, 1263
110339, 1264
110368, 1265
110409, 1266
110437, 1267
110467, 1268
110508, 1269
110555, 1270
110574, 1271
110605, 1272
110633, 1273
110672, 1274
110701, 1275
110742, 1276
110770, 1277
110798, 1278
110838, 1279
110866, 1280
110907, 1281
110936, 1282
110965, 1283
111005, 1284
111033, 1285
111075, 1286
111103, 1287
111133, 1288
111172, 1289
111200, 1290
111241, 1291
111270, 1292
111300, 1293
111339, 1294
111367, 1295
111408, 1296
111437, 1297
111465, 1298
111507, 1299
111534, 1300
111576, 1301
111604, 1302
111633, 1303
111674, 1304
111702, 1305
111732, 1306
111771, 1307
111801, 1308
111841, 1309
111869, 1310
111911, 1311
111938, 1312
111967, 1313
112008, 1314
112036, 1315
112065, 1316
112106, 1317
112134, 1318
112175, 1319
112204, 1320
112232, 1321
112273, 1322
112302, 1323
112342, 1324
112371, 1325
112399, 1326
112441, 1327
112469, 1328
112498, 1329
112538, 1330
112566, 1331
112607, 1332
112635, 1333
112665, 1334
112707, 1335
112754, 1336
112774, 1337
112804, 1338
112845, 1339
112872, 1340
112900, 1341
112941, 1342
112970, 1343
113011, 1344
113038, 1345
113068, 1346
113107, 1347
113135, 1348
113165, 1349
113204, 1350
113233, 1351
113275, 1352
113303, 1353
113331, 1354
113372, 1355
113400, 1356
113441, 1357
113470, 1358
113511, 1359
113539, 1360
113568, 1361
113609, 1362
113637, 1363
113666, 1364
113706, 1365
113735, 1366
113776, 1367
113804, 1368
113833, 1369
113874, 1370
113902, 1371
113943, 1372
113958, 1373
114002, 1374
114039, 1375
114068, 1376
114110, 1377
114138, 1378
114166, 1379
114208, 1380
114236, 1381
114264, 1382
114306, 1383
114335, 1384
114376, 1385
114403, 1386
114432, 1387
114473, 1388
114501, 1389
114542, 1390
114571, 1391
114600, 1392
114640, 1393
114668, 1394
114698, 1395
114737, 1396
114766, 1397
114807, 1398
114835, 1399
114865, 1400
114907, 1401
114953, 1402
114972, 1403
115004, 1404
115032, 1405
115072, 1406
115100, 1407
115140, 1408
115169, 1409
115210, 1410
115238, 1411
115267, 1412
115306, 1413
115335, 1414
115377, 1415
115392, 1416
115434, 1417
115474, 1418
115503, 1419
115531, 1420
115572, 1421
115601, 1422
115641, 1423
115670, 1424
115700, 1425
115739, 1426
115768, 1427
115808, 1428
115837, 1429
115867, 1430
115906, 1431
115933, 1432
115975, 1433
116004, 1434
116032, 1435
116073, 1436
116102, 1437
116131, 1438
116171, 1439
116199, 1440
116239, 1441
116269, 1442
116299, 1443
116338, 1444
116367, 1445
116408, 1446
116436, 1447
116465, 1448
116505, 1449
116534, 1450
116575, 1451
116603, 1452
116632, 1453
116672, 1454
116700, 1455
116742, 1456
116771, 1457
116799, 1458
116839, 1459
116869, 1460
116908, 1461
116938, 1462
116965, 1463
117008, 1464
117036, 1465
117076, 1466
117105, 1467
117151, 1468
117163, 1469
117205, 1470
117233, 1471
117272, 1472
117299, 1473
117339, 1474
117369, 1475
117409, 1476
117437, 1477
117466, 1478
117507, 1479
117535, 1480
117576, 1481
117604, 1482
117633, 1483
117673, 1484
117701, 1485
117743, 1486
117771, 1487
117800, 1488
117840, 1489
117869, 1490
117899, 1491
117937, 1492
117966, 1493
118008, 1494
118036, 1495
118066, 1496
118106, 1497
118133, 1498
118175, 1499
118203, 1500
118244, 1501
118273, 1502
118301, 1503
118342, 1504
118371, 1505
118400, 1506
118440, 1507
118468, 1508
118509, 1509
118538, 1510
118566, 1511
118607, 1512
118635, 1513
118677, 1514
118705, 1515
118734, 1516
118775, 1517
118803, 1518
118832, 1519
118872, 1520
118901, 1521
118941, 1522
118969, 1523
119011, 1524
119039, 1525
119068, 1526
119108, 1527
119137, 1528
119166, 1529
119206, 1530
119234, 1531
119265, 1532
119304, 1533
119333, 1534
119373, 1535
119406, 1536
119456, 1537
119473, 1538
119502, 1539
119543, 1540
119569, 1541
119599, 1542
119637, 1543
119666, 1544
119706, 1545
119734, 1546
119776, 1547
119803, 1548
119832, 1549
119874, 1550
119902, 1551
119942, 1552
119971, 1553
120000, 1554
120041, 1555
120069, 1556
120100, 1557
120138, 1558
120167, 1559
120207, 1560
120236, 1561
120278, 1562
120306, 1563
120334, 1564
120375, 1565
120404, 1566
120432, 1567
120474, 1568
120501, 1569
120542, 1570
120570, 1571
120601, 1572
120639, 1573
120668, 1574
120709, 1575
120737, 1576
120767, 1577
120807, 1578
120835, 1579
120866, 1580
120904, 1581
120933, 1582
120973, 1583
121002, 1584
121044, 1585
121071, 1586
121102, 1587
121140, 1588
121169, 1589
121211, 1590
121239, 1591
121267, 1592
121309, 1593
121337, 1594
121365, 1595
121406, 1596
121433, 1597
121476, 1598
121504, 1599
121532, 1600
121574, 1601
121601, 1602
121643, 1603
121672, 1604
121703, 1605
121749, 1606
121759, 1607
121800, 1608
121838, 1609
121867, 1610
121907, 1611
121935, 1612
121977, 1613
122005, 1614
122035, 1615
122072, 1616
122102, 1617
122143, 1618
122171, 1619
122199, 1620
122239, 1621
122268, 1622
122309, 1623
122338, 1624
122366, 1625
122408, 1626
122435, 1627
122476, 1628
122505, 1629
122534, 1630
122575, 1631
122604, 1632
122644, 1633
122672, 1634
122701, 1635
122742, 1636
122771, 1637
122801, 1638
122838, 1639
122867, 1640
122909, 1641
122937, 1642
122966, 1643
123007, 1644
123034, 1645
123076, 1646
123105, 1647
123134, 1648
123174, 1649
123202, 1650
123243, 1651
123271, 1652
123299, 1653
123341, 1654
123370, 1655
123399, 1656
123438, 1657
123466, 1658
123508, 1659
123537, 1660
123578, 1661
123606, 1662
123634, 1663
123676, 1664
123703, 1665
123732, 1666
123773, 1667
123801, 1668
123842, 1669
123870, 1670
123899, 1671
123941, 1672
123971, 1673
124016, 1674
124037, 1675
124068, 1676
124108, 1677
124135, 1678
124166, 1679
124204, 1680
124234, 1681
124272, 1682
124301, 1683
124342, 1684
124370, 1685
124398, 1686
124440, 1687
124467, 1688
124509, 1689
124538, 1690
124566, 1691
124608, 1692
124635, 1693
124677, 1694
124706, 1695
124734, 1696
124775, 1697
124804, 1698
124833, 1699
124872, 1700
124901, 1701
124942, 1702
124971, 1703
125000, 1704
125039, 1705
125068, 1706
125109, 1707
125137, 1708
125166, 1709
125207, 1710
125235, 1711
125277, 1712
125305, 1713
125334, 1714
125374, 1715
125403, 1716
125432, 1717
125471, 1718
125502, 1719
125539, 1720
125568, 1721
125609, 1722
125627, 1723
125668, 1724
125699, 1725
125740, 1726
125779, 1727
125794, 1728
125833, 1729
125874, 1730
125891, 1731
125942, 1732
125971, 1733
126012, 1734
126027, 1735
126068, 1736
126110, 1737
126138, 1738
126167, 1739
126209, 1740
126252, 1741
126265, 1742
126305, 1743
126334, 1744
126375, 1745
126403, 1746
126444, 1747
126472, 1748
126502, 1749
126541, 1750
126569, 1751
126610, 1752
126639, 1753
126667, 1754
126709, 1755
126737, 1756
126767, 1757
126806, 1758
126834, 1759
126876, 1760
126904, 1761
126933, 1762
126973, 1763
127001, 1764
127032, 1765
127071, 1766
127112, 1767
127127, 1768
127169, 1769
127210, 1770
127239, 1771
127268, 1772
127308, 1773
127337, 1774
127365, 1775
127406, 1776
127435, 1777
127477, 1778
127503, 1779
127533, 1780
127572, 1781
127601, 1782
127643, 1783
127671, 1784
127700, 1785
127741, 1786
127768, 1787
127810, 1788
127838, 1789
127867, 1790
127907, 1791
127936, 1792
127965, 1793
128005, 1794
128034, 1795
128074, 1796
128103, 1797
128132, 1798
128172, 1799
128201, 1800
128242, 1801
128270, 1802
128300, 1803
128340, 1804
128367, 1805
128409, 1806
128437, 1807
128467, 1808
128509, 1809
128544, 1810
128562, 1811
128605, 1812
128644, 1813
128673, 1814
128701, 1815
128743, 1816
128770, 1817
128811, 1818
128840, 1819
128869, 1820
128909, 1821
128937, 1822
128966, 1823
129007, 1824
129035, 1825
129077, 1826
129105, 1827
129135, 1828
129174, 1829
129201, 1830
129243, 1831
129271, 1832
129299, 1833
129341, 1834
129369, 1835
129399, 1836
129439, 1837
129467, 1838
129508, 1839
129537, 1840
129566, 1841
129605, 1842
129635, 1843
129675, 1844
129703, 1845
129745, 1846
129773, 1847
129801, 1848
129842, 1849
129871, 1850
129899, 1851
129940, 1852
129969, 1853
130010, 1854
130038, 1855
130067, 1856
130107, 1857
130136, 1858
130177, 1859
130205, 1860
130234, 1861
130275, 1862
130302, 1863
130344, 1864
130373, 1865
130401, 1866
130442, 1867
130470, 1868
130499, 1869
130539, 1870
130568, 1871
130610, 1872
130637, 1873
130668, 1874
130707, 1875
130734, 1876
130776, 1877
130803, 1878
130835, 1879
130886, 1880
130900, 1881
130943, 1882
130971, 1883
130999, 1884
131041, 1885
131069, 1886
131111, 1887
131138, 1888
131168, 1889
131209, 1890
131237, 1891
131276, 1892
131305, 1893
131333, 1894
131374, 1895
131403, 1896
131433, 1897
131472, 1898
131502, 1899
131541, 1900
131570, 1901
131611, 1902
131639, 1903
131669, 1904
131709, 1905
131737, 1906
131767, 1907
131806, 1908
131836, 1909
131875, 1910
131904, 1911
131934, 1912
131973, 1913
132001, 1914
132043, 1915
132071, 1916
132101, 1917
132141, 1918
132169, 1919
132211, 1920
132239, 1921
132267, 1922
132308, 1923
132336, 1924
132378, 1925
132406, 1926
132434, 1927
132476, 1928
132503, 1929
132545, 1930
132573, 1931
132602, 1932
132642, 1933
132671, 1934
132700, 1935
132740, 1936
132768, 1937
132809, 1938
132837, 1939
132868, 1940
132907, 1941
132935, 1942
132976, 1943
133005, 1944
133035, 1945
133076, 1946
133110, 1947
133143, 1948
133171, 1949
133200, 1950
133240, 1951
133269, 1952
133310, 1953
133338, 1954
133368, 1955
133406, 1956
133434, 1957
133476, 1958
133504, 1959
133533, 1960
133574, 1961
133603, 1962
133633, 1963
133671, 1964
133712, 1965
133740, 1966
133769, 1967
133811, 1968
133839, 1969
133867, 1970
133909, 1971
133937, 1972
133978, 1973
134006, 1974
134034, 1975
134076, 1976
134103, 1977
134133, 1978
134173, 1979
134201, 1980
134243, 1981
134272, 1982
134298, 1983
134340, 1984
134368, 1985
134410, 1986
134438, 1987
134479, 1988
134495, 1989
134535, 1990
134577, 1991
134605, 1992
134632, 1993
134674, 1994
134703, 1995
134732, 1996
134772, 1997
134801, 1998
134841, 1999
134869, 2000
134911, 2001
134940, 2002
134967, 2003
135009, 2004
135037, 2005
135067, 2006
135107, 2007
135133, 2008
135176, 2009
135204, 2010
135246, 2011
135274, 2012
135303, 2013
135363, 2014
135374, 2015
135418, 2016
135448, 2017
135477, 2018
135507, 2019
135548, 2020
135577, 2021
135617, 2022
135646, 2023
135675, 2024
135715, 2025
135745, 2026
135774, 2027
135813, 2028
135841, 2029
135883, 2030
135911, 2031
135941, 2032
135981, 2033
136009, 2034
136050, 2035
136078, 2036
136119, 2037
136148, 2038
136175, 2039
136216, 2040
136245, 2041
136275, 2042
136314, 2043
136343, 2044
136383, 2045
136412, 2046
136441, 2047
136481, 2048
136510, 2049
136551, 2050
136579, 2051
136609, 2052
136661, 2053
136677, 2054
136718, 2055
136747, 2056
136775, 2057
136815, 2058
136843, 2059
136885, 2060
136913, 2061
136941, 2062
136983, 2063
137011, 2064
137040, 2065
137079, 2066
137108, 2067
137150, 2068
137178, 2069
137219, 2070
137248, 2071
137276, 2072
137317, 2073
137345, 2074
137375, 2075
137415, 2076
137443, 2077
137484, 2078
137512, 2079
137541, 2080
137582, 2081
137611, 2082
137651, 2083
137680, 2084
137710, 2085
137749, 2086
137777, 2087
137808, 2088
137847, 2089
137875, 2090
137919, 2091
137957, 2092
137973, 2093
138014, 2094
138042, 2095
138083, 2096
138112, 2097
138153, 2098
138182, 2099
138211, 2100
138252, 2101
138279, 2102
138308, 2103
138348, 2104
138377, 2105
138418, 2106
138446, 2107
138476, 2108
138516, 2109
138544, 2110
138585, 2111
138614, 2112
138642, 2113
138683, 2114
138712, 2115
138753, 2116
138768, 2117
138809, 2118
138850, 2119
138879, 2120
138907, 2121
138948, 2122
138976, 2123
139018, 2124
139046, 2125
139076, 2126
139115, 2127
139143, 2128
139185, 2129
139216, 2130
139254, 2131
139268, 2132
139310, 2133
139352, 2134
139379, 2135
139407, 2136
139449, 2137
139477, 2138
139508, 2139
139547, 2140
139575, 2141
139616, 2142
139645, 2143
139686, 2144
139715, 2145
139743, 2146
139784, 2147
139812, 2148
139842, 2149
139881, 2150
139909, 2151
139951, 2152
139978, 2153
140009, 2154
140048, 2155
140076, 2156
140118, 2157
140146, 2158
140177, 2159
140215, 2160
140244, 2161
140285, 2162
140314, 2163
140342, 2164
140383, 2165
140413, 2166
140452, 2167
140480, 2168
140509, 2169
140555, 2170
140581, 2171
140608, 2172
140649, 2173
140675, 2174
140717, 2175
140745, 2176
140773, 2177
140814, 2178
140843, 2179
140883, 2180
140912, 2181
140942, 2182
140980, 2183
141008, 2184
141050, 2185
141078, 2186
141108, 2187
141148, 2188
141176, 2189
141218, 2190
141246, 2191
141286, 2192
141315, 2193
141343, 2194
141385, 2195
141413, 2196
141453, 2197
141483, 2198
141511, 2199
141552, 2200
141579, 2201
141609, 2202
141648, 2203
141677, 2204
141708, 2205
141747, 2206
141776, 2207
141816, 2208
141844, 2209
141878, 2210
141916, 2211
141944, 2212
141984, 2213
142012, 2214
142043, 2215
142081, 2216
142109, 2217
142150, 2218
142178, 2219
142209, 2220
142247, 2221
142276, 2222
142317, 2223
142345, 2224
142373, 2225
142415, 2226
142443, 2227
142485, 2228
142513, 2229
142543, 2230
142582, 2231
142610, 2232
142651, 2233
142680, 2234
142709, 2235
142750, 2236
142778, 2237
142820, 2238
142848, 2239
142875, 2240
142917, 2241
142945, 2242
142974, 2243
143014, 2244
143042, 2245
143084, 2246
143112, 2247
143153, 2248
143184, 2249
143223, 2250
143237, 2251
143278, 2252
143308, 2253
143348, 2254
143376, 2255
143418, 2256
143447, 2257
143474, 2258
143515, 2259
143543, 2260
143585, 2261
143613, 2262
143641, 2263
143682, 2264
143711, 2265
143742, 2266
143779, 2267
143808, 2268
143849, 2269
143877, 2270
143919, 2271
143947, 2272
143976, 2273
144017, 2274
144045, 2275
144086, 2276
144114, 2277
144143, 2278
144185, 2279
144212, 2280
144252, 2281
144268, 2282
144309, 2283
144350, 2284
144379, 2285
144407, 2286
144452, 2287
144484, 2288
144504, 2289
144546, 2290
144575, 2291
144615, 2292
144643, 2293
144682, 2294
144711, 2295
144753, 2296
144782, 2297
144809, 2298
144850, 2299
144878, 2300
144907, 2301
144948, 2302
144976, 2303
145017, 2304
145045, 2305
145073, 2306
145116, 2307
145143, 2308
145186, 2309
145213, 2310
145242, 2311
145283, 2312
145311, 2313
145353, 2314
145381, 2315
145409, 2316
145450, 2317
145477, 2318
145508, 2319
145547, 2320
145575, 2321
145617, 2322
145645, 2323
145675, 2324
145714, 2325
145757, 2326
145771, 2327
145812, 2328
145842, 2329
145881, 2330
145910, 2331
145949, 2332
145977, 2333
146019, 2334
146048, 2335
146076, 2336
146117, 2337
146145, 2338
146176, 2339
146215, 2340
146243, 2341
146285, 2342
146312, 2343
146341, 2344
146382, 2345
146410, 2346
146440, 2347
146479, 2348
146509, 2349
146549, 2350
146577, 2351
146619, 2352
146647, 2353
146674, 2354
146717, 2355
146745, 2356
146786, 2357
146815, 2358
146842, 2359
146884, 2360
146913, 2361
146941, 2362
146981, 2363
147013, 2364
147050, 2365
147078, 2366
147108, 2367
147148, 2368
147175, 2369
147218, 2370
147246, 2371
147276, 2372
147315, 2373
147343, 2374
147385, 2375
147414, 2376
147441, 2377
147482, 2378
147510, 2379
147552, 2380
147581, 2381
147609, 2382
147650, 2383
147678, 2384
147719, 2385
147748, 2386
147776, 2387
147818, 2388
147846, 2389
147874, 2390
147915, 2391
147943, 2392
147985, 2393
148013, 2394
148043, 2395
148081, 2396
148110, 2397
148151, 2398
148179, 2399
148208, 2400
148249, 2401
148277, 2402
148322, 2403
148345, 2404
148378, 2405
148407, 2406
148448, 2407
148480, 2408
148509, 2409
148551, 2410
148580, 2411
148609, 2412
148650, 2413
148679, 2414
148709, 2415
148748, 2416
148777, 2417
148818, 2418
148846, 2419
148876, 2420
148915, 2421
148944, 2422
148985, 2423
149014, 2424
149042, 2425
149083, 2426
149112, 2427
149153, 2428
149181, 2429
149209, 2430
149251, 2431
149279, 2432
149309, 2433
149348, 2434
149376, 2435
149418, 2436
149445, 2437
149474, 2438
149515, 2439
149543, 2440
149585, 2441
149615, 2442
149654, 2443
149682, 2444
149711, 2445
149752, 2446
149781, 2447
149807, 2448
149850, 2449
149877, 2450
149919, 2451
149947, 2452
149975, 2453
150016, 2454
150046, 2455
150075, 2456
150114, 2457
150142, 2458
150184, 2459
150212, 2460
150243, 2461
150281, 2462
150311, 2463
150349, 2464
150378, 2465
150408, 2466
150447, 2467
150474, 2468
150518, 2469
150545, 2470
150575, 2471
150615, 2472
150643, 2473
150685, 2474
150713, 2475
150755, 2476
150769, 2477
150811, 2478
150852, 2479
150880, 2480
150909, 2481
150964, 2482
150978, 2483
151020, 2484
151048, 2485
151075, 2486
151116, 2487
151144, 2488
151185, 2489
151214, 2490
151242, 2491
151282, 2492
151311, 2493
151352, 2494
151368, 2495
151408, 2496
151449, 2497
151478, 2498
151508, 2499
151547, 2500
151575, 2501
151616, 2502
151645, 2503
151674, 2504
151714, 2505
151743, 2506
151784, 2507
151812, 2508
151843, 2509
151881, 2510
151909, 2511
151951, 2512
151980, 2513
152021, 2514
152049, 2515
152077, 2516
152108, 2517
152146, 2518
152175, 2519
152215, 2520
152247, 2521
152286, 2522
152300, 2523
152341, 2524
152382, 2525
152410, 2526
152441, 2527
152479, 2528
152510, 2529
152550, 2530
152578, 2531
152620, 2532
152648, 2533
152676, 2534
152717, 2535
152746, 2536
152776, 2537
152815, 2538
152844, 2539
152884, 2540
152913, 2541
152942, 2542
152982, 2543
153011, 2544
153052, 2545
153080, 2546
153108, 2547
153150, 2548
153178, 2549
153207, 2550
153246, 2551
153274, 2552
153317, 2553
153345, 2554
153374, 2555
153415, 2556
153442, 2557
153484, 2558
153513, 2559
153544, 2560
153588, 2561
153610, 2562
153643, 2563
153686, 2564
153717, 2565
153745, 2566
153775, 2567
153815, 2568
153844, 2569
153874, 2570
153913, 2571
153942, 2572
153983, 2573
154011, 2574
154053, 2575
154080, 2576
154110, 2577
154150, 2578
154179, 2579
154209, 2580
154248, 2581
154276, 2582
154318, 2583
154346, 2584
154375, 2585
154417, 2586
154444, 2587
154486, 2588
154514, 2589
154542, 2590
154582, 2591
154611, 2592
154653, 2593
154681, 2594
154709, 2595
154750, 2596
154778, 2597
154820, 2598
154838, 2599
154880, 2600
154920, 2601
154948, 2602
154975, 2603
155015, 2604
155043, 2605
155084, 2606
155112, 2607
155142, 2608
155181, 2609
155209, 2610
155251, 2611
155278, 2612
155320, 2613
155349, 2614
155377, 2615
155418, 2616
155446, 2617
155476, 2618
155515, 2619
155543, 2620
155585, 2621
155613, 2622
155643, 2623
155683, 2624
155710, 2625
155752, 2626
155780, 2627
155808, 2628
155850, 2629
155878, 2630
155920, 2631
155949, 2632
155976, 2633
156017, 2634
156046, 2635
156076, 2636
156119, 2637
156144, 2638
156188, 2639
156225, 2640
156240, 2641
156282, 2642
156310, 2643
156351, 2644
156380, 2645
156408, 2646
156448, 2647
156476, 2648
156518, 2649
156546, 2650
156576, 2651
156615, 2652
156643, 2653
156684, 2654
156713, 2655
156743, 2656
156781, 2657
156810, 2658
156852, 2659
156880, 2660
156909, 2661
156950, 2662
156978, 2663
157020, 2664
157048, 2665
157076, 2666
157117, 2667
157145, 2668
157174, 2669
157215, 2670
157242, 2671
157283, 2672
157312, 2673
157342, 2674
157381, 2675
157409, 2676
157451, 2677
157482, 2678
157520, 2679
157548, 2680
157577, 2681
157618, 2682
157646, 2683
157688, 2684
157717, 2685
157744, 2686
157774, 2687
157812, 2688
157842, 2689
157882, 2690
157911, 2691
157952, 2692
157980, 2693
158009, 2694
158050, 2695
158078, 2696
158120, 2697
158148, 2698
158177, 2699
158218, 2700
158246, 2701
158286, 2702
158303, 2703
158342, 2704
158384, 2705
158413, 2706
158443, 2707
158482, 2708
158510, 2709
158550, 2710
158580, 2711
158621, 2712
158649, 2713
158678, 2714
158718, 2715
158747, 2716
158778, 2717
158830, 2718
158843, 2719
158885, 2720
158914, 2721
158943, 2722
158981, 2723
159011, 2724
159041, 2725
159080, 2726
159109, 2727
159150, 2728
159177, 2729
159207, 2730
159248, 2731
159275, 2732
159316, 2733
159345, 2734
159375, 2735
159414, 2736
159442, 2737
159484, 2738
159512, 2739
159542, 2740
159581, 2741
159610, 2742
159651, 2743
159679, 2744
159721, 2745
159749, 2746
159777, 2747
159819, 2748
159847, 2749
159877, 2750
159916, 2751
159943, 2752
159986, 2753
160013, 2754
160044, 2755
160086, 2756
160124, 2757
160138, 2758
160180, 2759
160209, 2760
160249, 2761
160278, 2762
160319, 2763
160348, 2764
160376, 2765
160417, 2766
160445, 2767
160486, 2768
160514, 2769
160556, 2770
160571, 2771
160613, 2772
160643, 2773
160680, 2774
160710, 2775
160750, 2776
160778, 2777
160807, 2778
160849, 2779
160877, 2780
160918, 2781
160947, 2782
160975, 2783
161016, 2784
161044, 2785
161086, 2786
161113, 2787
161144, 2788
161183, 2789
161211, 2790
161241, 2791
161281, 2792
161308, 2793
161350, 2794
161387, 2795
161431, 2796
161450, 2797
161478, 2798
161519, 2799
161545, 2800
161586, 2801
161613, 2802
161654, 2803
161683, 2804
161712, 2805
161752, 2806
161780, 2807
161822, 2808
161836, 2809
161877, 2810
161919, 2811
161947, 2812
161976, 2813
162016, 2814
162045, 2815
162086, 2816
162115, 2817
162147, 2818
162172, 2819
162213, 2820
162254, 2821
162281, 2822
162310, 2823
162350, 2824
162379, 2825
162420, 2826
162449, 2827
162477, 2828
162517, 2829
162546, 2830
162588, 2831
162616, 2832
162645, 2833
162684, 2834
162713, 2835
162753, 2836
162782, 2837
162811, 2838
162852, 2839
162879, 2840
162921, 2841
162935, 2842
162990, 2843
163005, 2844
163046, 2845
163076, 2846
163116, 2847
163143, 2848
163185, 2849
163212, 2850
163243, 2851
163281, 2852
163310, 2853
163352, 2854
163381, 2855
163409, 2856
163451, 2857
163478, 2858
163520, 2859
163549, 2860
163577, 2861
163618, 2862
163660, 2863
163674, 2864
163715, 2865
163744, 2866
163783, 2867
163812, 2868
163853, 2869
163881, 2870
163911, 2871
163951, 2872
163979, 2873
164010, 2874
164048, 2875
164076, 2876
164119, 2877
164146, 2878
164185, 2879
164216, 2880
164244, 2881
164283, 2882
164312, 2883
164354, 2884
164385, 2885
164413, 2886
164452, 2887
164481, 2888
164509, 2889
164549, 2890
164578, 2891
164620, 2892
164648, 2893
164677, 2894
164717, 2895
164746, 2896
164788, 2897
164815, 2898
164844, 2899
164883, 2900
164913, 2901
164952, 2902
164981, 2903
165022, 2904
165051, 2905
165079, 2906
165112, 2907
165147, 2908
165178, 2909
165217, 2910
165246, 2911
165276, 2912
165316, 2913
165343, 2914
165384, 2915
165413, 2916
165443, 2917
165483, 2918
165511, 2919
165552, 2920
165581, 2921
165610, 2922
165650, 2923
165679, 2924
165709, 2925
165748, 2926
165777, 2927
165817, 2928
165849, 2929
165886, 2930
165914, 2931
165944, 2932
165985, 2933
166012, 2934
166043, 2935
166081, 2936
166110, 2937
166152, 2938
166180, 2939
166209, 2940
166249, 2941
166277, 2942
166319, 2943
166348, 2944
166376, 2945
166417, 2946
166445, 2947
166486, 2948
166515, 2949
166543, 2950
166587, 2951
166624, 2952
166639, 2953
166681, 2954
166711, 2955
166750, 2956
166778, 2957
166821, 2958
166849, 2959
166877, 2960
166918, 2961
166946, 2962
166976, 2963
167015, 2964
167043, 2965
167085, 2966
167113, 2967
167142, 2968
167183, 2969
167211, 2970
167252, 2971
167280, 2972
167325, 2973
167338, 2974
167377, 2975
167418, 2976
167447, 2977
167476, 2978
167515, 2979
167544, 2980
167585, 2981
167613, 2982
167642, 2983
167682, 2984
167711, 2985
167752, 2986
167780, 2987
167809, 2988
167850, 2989
167878, 2990
167920, 2991
167948, 2992
167975, 2993
168017, 2994
168048, 2995
168085, 2996
168114, 2997
168143, 2998
168184, 2999
168212, 3000
168254, 3001
168281, 3002
168311, 3003
168351, 3004
168380, 3005
168421, 3006
168450, 3007
168477, 3008
168519, 3009
168547, 3010
168588, 3011
168617, 3012
168645, 3013
168686, 3014
168715, 3015
168745, 3016
168784, 3017
168824, 3018
168840, 3019
168881, 3020
168910, 3021
168951, 3022
168978, 3023
169020, 3024
169048, 3025
169077, 3026
169117, 3027
169145, 3028
169186, 3029
169214, 3030
169244, 3031
169283, 3032
169313, 3033
169353, 3034
169381, 3035
169410, 3036
169451, 3037
169480, 3038
169521, 3039
169552, 3040
169590, 3041
169619, 3042
169647, 3043
169676, 3044
169716, 3045
169746, 3046
169785, 3047
169813, 3048
169843, 3049
169882, 3050
169912, 3051
169952, 3052
169980, 3053
170022, 3054
170050, 3055
170079, 3056
170120, 3057
170148, 3058
170178, 3059
170217, 3060
170245, 3061
170287, 3062
170326, 3063
170343, 3064
170385, 3065
170413, 3066
170454, 3067
170482, 3068
170511, 3069
170551, 3070
170579, 3071
170609, 3072
170649, 3073
170676, 3074
170717, 3075
170746, 3076
170787, 3077
170816, 3078
170843, 3079
170885, 3080
170913, 3081
170955, 3082
170983, 3083
171011, 3084
171055, 3085
171093, 3086
171108, 3087
171150, 3088
171178, 3089
171219, 3090
171247, 3091
171277, 3092
171317, 3093
171345, 3094
171386, 3095
171415, 3096
171444, 3097
171484, 3098
171512, 3099
171543, 3100
171581, 3101
171611, 3102
171651, 3103
171679, 3104
171721, 3105
171749, 3106
171784, 3107
171821, 3108
171848, 3109
171877, 3110
171916, 3111
171944, 3112
171985, 3113
172014, 3114
172043, 3115
172082, 3116
172111, 3117
172153, 3118
172181, 3119
172222, 3120
172237, 3121
172278, 3122
172319, 3123
172349, 3124
172377, 3125
172417, 3126
172445, 3127
172487, 3128
172518, 3129
172556, 3130
172583, 3131
172612, 3132
172653, 3133
172682, 3134
172711, 3135
172751, 3136
172780, 3137
172810, 3138
172848, 3139
172877, 3140
172918, 3141
172946, 3142
172988, 3143
173016, 3144
173044, 3145
173086, 3146
173114, 3147
173145, 3148
173183, 3149
173211, 3150
173256, 3151
173294, 3152
173309, 3153
173350, 3154
173378, 3155
173410, 3156
173447, 3157
173476, 3158
173516, 3159
173545, 3160
173586, 3161
173614, 3162
173643, 3163
173684, 3164
173713, 3165
173743, 3166
173782, 3167
173811, 3168
173851, 3169
173880, 3170
173909, 3171
173949, 3172
173976, 3173
174029, 3174
174049, 3175
174078, 3176
174116, 3177
174144, 3178
174184, 3179
174213, 3180
174242, 3181
174282, 3182
174311, 3183
174352, 3184
174380, 3185
174410, 3186
174449, 3187
174477, 3188
174519, 3189
174547, 3190
174576, 3191
174617, 3192
174645, 3193
174686, 3194
174714, 3195
174757, 3196
174771, 3197
174812, 3198
174852, 3199
174880, 3200
174911, 3201
174949, 3202
174977, 3203
175019, 3204
175048, 3205
175077, 3206
175117, 3207
175145, 3208
175187, 3209
175215, 3210
175243, 3211
175283, 3212
175312, 3213
175353, 3214
175381, 3215
175412, 3216
175451, 3217
175491, 3218
175508, 3219
175549, 3220
175577, 3221
175618, 3222
175647, 3223
175687, 3224
175716, 3225
175744, 3226
175785, 3227
175813, 3228
175843, 3229
175882, 3230
175911, 3231
175952, 3232
175980, 3233
176010, 3234
176049, 3235
176077, 3236
176119, 3237
176147, 3238
176189, 3239
176244, 3240
176260, 3241
176288, 3242
176329, 3243
176357, 3244
176398, 3245
176425, 3246
176454, 3247
176495, 3248
176522, 3249
176563, 3250
176591, 3251
176634, 3252
176672, 3253
176691, 3254
176732, 3255
176759, 3256
176789, 3257
176829, 3258
176856, 3259
176896, 3260
176925, 3261
176956, 3262
176995, 3263
177025, 3264
177063, 3265
177105, 3266
177121, 3267
177162, 3268
177190, 3269
177231, 3270
177259, 3271
177289, 3272
177330, 3273
177357, 3274
177398, 3275
177426, 3276
177455, 3277
177496, 3278
177527, 3279
177551, 3280
177594, 3281
177623, 3282
177663, 3283
177691, 3284
177721, 3285
177761, 3286
177790, 3287
177831, 3288
177860, 3289
177888, 3290
177929, 3291
177960, 3292
177997, 3293
178027, 3294
178056, 3295
178097, 3296
178124, 3297
178165, 3298
178194, 3299
178223, 3300
178263, 3301
178292, 3302
178333, 3303
178362, 3304
178392, 3305
178416, 3306
178459, 3307
178489, 3308
178528, 3309
178555, 3310
178598, 3311
178625, 3312
178656, 3313
178694, 3314
178723, 3315
178765, 3316
178794, 3317
178827, 3318
178862, 3319
178889, 3320
178931, 3321
178960, 3322
178989, 3323
179030, 3324
179058, 3325
179100, 3326
179128, 3327
179156, 3328
179199, 3329
179226, 3330
179270, 3331
179294, 3332
179323, 3333
179364, 3334
179392, 3335
179421, 3336
179462, 3337
179491, 3338
179532, 3339
179561, 3340
179590, 3341
179630, 3342
179659, 3343
179702, 3344
179727, 3345
179755, 3346
179796, 3347
179824, 3348
179865, 3349
179893, 3350
179922, 3351
179963, 3352
179992, 3353
180021, 3354
180061, 3355
180090, 3356
180133, 3357
180172, 3358
180187, 3359
180228, 3360
180257, 3361
180297, 3362
180326, 3363
180355, 3364
180396, 3365
180424, 3366
180466, 3367
180493, 3368
180522, 3369
180566, 3370
180603, 3371
180631, 3372
180660, 3373
180688, 3374
180729, 3375
180758, 3376
180800, 3377
180827, 3378
180856, 3379
180897, 3380
180926, 3381
180967, 3382
180998, 3383
181036, 3384
181051, 3385
181091, 3386
181133, 3387
181161, 3388
181189, 3389
181231, 3390
181259, 3391
181290, 3392
181329, 3393
181356, 3394
181398, 3395
181430, 3396
181467, 3397
181496, 3398
181525, 3399
181554, 3400
181597, 3401
181623, 3402
181663, 3403
181691, 3404
181721, 3405
181760, 3406
181789, 3407
181829, 3408
181858, 3409
181908, 3410
181927, 3411
181957, 3412
181997, 3413
182025, 3414
182065, 3415
182094, 3416
182122, 3417
182163, 3418
182191, 3419
182221, 3420
182258, 3421
182290, 3422
182331, 3423
182369, 3424
182386, 3425
182425, 3426
182454, 3427
182496, 3428
182525, 3429
182554, 3430
182594, 3431
182622, 3432
182664, 3433
182691, 3434
182734, 3435
182761, 3436
182801, 3437
182818, 3438
182860, 3439
182901, 3440
182929, 3441
182956, 3442
182998, 3443
183026, 3444
183055, 3445
183095, 3446
183123, 3447
183165, 3448
183193, 3449
183225, 3450
183260, 3451
183290, 3452
183331, 3453
183359, 3454
183388, 3455
183431, 3456
183456, 3457
183497, 3458
183526, 3459
183555, 3460
183595, 3461
183624, 3462
183665, 3463
183704, 3464
183722, 3465
183764, 3466
183791, 3467
183820, 3468
183860, 3469
183888, 3470
183930, 3471
183957, 3472
183999, 3473
184027, 3474
184055, 3475
184096, 3476
184128, 3477
184165, 3478
184194, 3479
184222, 3480
184263, 3481
184292, 3482
184333, 3483
184361, 3484
184390, 3485
184431, 3486
184459, 3487
184489, 3488
184529, 3489
184556, 3490
184607, 3491
184626, 3492
184657, 3493
184695, 3494
184723, 3495
184764, 3496
184792, 3497
184822, 3498
184862, 3499
184890, 3500
184931, 3501
184959, 3502
184989, 3503
185037, 3504
185075, 3505
185089, 3506
185128, 3507
185167, 3508
185195, 3509
185237, 3510
185265, 3511
185309, 3512
185333, 3513
185361, 3514
185404, 3515
185432, 3516
185474, 3517
185501, 3518
185530, 3519
185581, 3520
185599, 3521
185629, 3522
185669, 3523
185697, 3524
185738, 3525
185766, 3526
185810, 3527
185834, 3528
185865, 3529
185904, 3530
185933, 3531
185963, 3532
186001, 3533
186029, 3534
186075, 3535
186098, 3536
186130, 3537
186169, 3538
186196, 3539
186238, 3540
186266, 3541
186296, 3542
186345, 3543
186360, 3544
186403, 3545
186432, 3546
186462, 3547
186502, 3548
186531, 3549
186572, 3550
186611, 3551
186629, 3552
186672, 3553
186699, 3554
186729, 3555
186769, 3556
186796, 3557
186840, 3558
186864, 3559
186906, 3560
186935, 3561
186963, 3562
187004, 3563
187033, 3564
187064, 3565
187112, 3566
187132, 3567
187173, 3568
187201, 3569
187228, 3570
187270, 3571
187297, 3572
187339, 3573
187377, 3574
187396, 3575
187438, 3576
187465, 3577
187495, 3578
187534, 3579
187575, 3580
187592, 3581
187630, 3582
187673, 3583
187701, 3584
187731, 3585
187770, 3586
187798, 3587
187840, 3588
187877, 3589
187895, 3590
187928, 3591
187966, 3592
187996, 3593
188034, 3594
188063, 3595
188104, 3596
188143, 3597
188160, 3598
188204, 3599
188231, 3600
188273, 3601
188299, 3602
188328, 3603
188369, 3604
188410, 3605
188426, 3606
188467, 3607
188509, 3608
188523, 3609
188564, 3610
188594, 3611
188636, 3612
188675, 3613
188703, 3614
188719, 3615
188773, 3616
188801, 3617
188829, 3618
188871, 3619
188902, 3620
188939, 3621
188954, 3622
188996, 3623
189039, 3624
189066, 3625
189095, 3626
189136, 3627
189174, 3628
189192, 3629
189235, 3630
189263, 3631
189304, 3632
189331, 3633
189372, 3634
189401, 3635
189439, 3636
189472, 3637
189499, 3638
189527, 3639
189566, 3640
189597, 3641
189636, 3642
189667, 3643
189691, 3644
189733, 3645
189763, 3646
189803, 3647
189832, 3648
189873, 3649
189901, 3650
189951, 3651
189972, 3652
190000, 3653
190030, 3654
190068, 3655
190096, 3656
190137, 3657
190174, 3658
190218, 3659
190237, 3660
190266, 3661
190309, 3662
190332, 3663
190374, 3664
190403, 3665
190433, 3666
190470, 3667
190497, 3668
190539, 3669
190571, 3670
190596, 3671
190637, 3672
190665, 3673
190710, 3674
190734, 3675
190763, 3676
190805, 3677
190836, 3678
190860, 3679
190902, 3680
190930, 3681
190975, 3682
191000, 3683
191030, 3684
191068, 3685
191100, 3686
191125, 3687
191167, 3688
191195, 3689
191240, 3690
191264, 3691
191307, 3692
191335, 3693
191364, 3694
191414, 3695
191432, 3696
191462, 3697
191503, 3698
191541, 3699
191573, 3700
191600, 3701
191629, 3702
191672, 3703
191696, 3704
191737, 3705
191766, 3706
191806, 3707
191834, 3708
191863, 3709
191905, 3710
191933, 3711
191960, 3712
192002, 3713
192030, 3714
192072, 3715
192112, 3716
192128, 3717
192170, 3718
192197, 3719
192240, 3720
192267, 3721
192296, 3722
192337, 3723
192366, 3724
192405, 3725
192434, 3726
192464, 3727
192504, 3728
192532, 3729
192562, 3730
192602, 3731
192643, 3732
192671, 3733
192700, 3734
192729, 3735
192770, 3736
192797, 3737
192838, 3738
192867, 3739
192920, 3740
192936, 3741
192969, 3742
192992, 3743
193033, 3744
193072, 3745
193104, 3746
193135, 3747
193158, 3748
193200, 3749
193239, 3750
193269, 3751
193301, 3752
193325, 3753
193366, 3754
193416, 3755
193436, 3756
193483, 3757
193499, 3758
193528, 3759
193575, 3760
193593, 3761
193637, 3762
193660, 3763
193701, 3764
193740, 3765
193771, 3766
193807, 3767
193844, 3768
193855, 3769
193905, 3770
193933, 3771
193984, 3772
194000, 3773
194039, 3774
194067, 3775
194104, 3776
194135, 3777
194183, 3778
194205, 3779
194227, 3780
194277, 3781
194292, 3782
194341, 3783
194363, 3784
194399, 3785
194449, 3786
194466, 3787
194506, 3788
194538, 3789
194563, 3790
194610, 3791
194630, 3792
194671, 3793
194703, 3794
194728, 3795
194773, 3796
194797, 3797
194841, 3798
194865, 3799
194911, 3800
