86215, 1
86278, 2
86297, 3
86338, 4
86366, 5
86408, 6
86436, 7
86465, 8
86507, 9
86522, 10
86564, 11
86602, 12
86645, 13
86660, 14
86701, 15
86743, 16
86757, 17
86799, 18
86838, 19
86867, 20
86896, 21
86936, 22
86968, 23
87006, 24
87034, 25
87076, 26
87091, 27
87132, 28
87161, 29
87202, 30
87243, 31
87258, 32
87299, 33
87342, 34
87358, 35
87414, 36
87438, 37
87465, 38
87496, 39
87536, 40
87576, 41
87591, 42
87633, 43
87658, 44
87699, 45
87732, 46
87771, 47
87800, 48
87830, 49
87870, 50
87899, 51
87940, 52
87968, 53
87997, 54
88037, 55
88066, 56
88108, 57
88136, 58
88167, 59
88205, 60
88233, 61
88275, 62
88291, 63
88367, 64
88389, 65
88404, 66
88456, 67
88470, 68
88524, 69
88540, 70
88582, 71
88620, 72
88649, 73
88690, 74
88718, 75
88748, 76
88788, 77
88803, 78
88858, 79
88872, 80
88928, 81
88943, 82
88984, 83
89025, 84
89039, 85
89082, 86
89109, 87
89150, 88
89180, 89
89222, 90
89249, 91
89278, 92
89319, 93
89348, 94
89388, 95
89416, 96
89446, 97
89487, 98
89515, 99
89556, 100
89584, 101
89613, 102
89655, 103
89683, 104
89724, 105
89753, 106
89783, 107
89822, 108
89849, 109
89879, 110
89917, 111
89943, 112
89985, 113
90016, 114
90055, 115
90086, 116
90125, 117
90152, 118
90179, 119
90223, 120
90262, 121
90280, 122
90322, 123
90351, 124
90392, 125
90407, 126
90459, 127
90488, 128
90517, 129
90556, 130
90585, 131
90626, 132
90642, 133
90684, 134
90723, 135
90752, 136
90781, 137
90822, 138
90850, 139
90892, 140
90908, 141
90960, 142
90975, 143
91016, 144
91058, 145
91085, 146
91128, 147
91143, 148
91186, 149
91224, 150
91239, 151
91284, 152
91321, 153
91364, 154
91380, 155
91419, 156
91448, 157
91490, 158
91505, 159
91546, 160
91584, 161
91628, 162
91643, 163
91685, 164
91727, 165
91741, 166
91796, 167
91810, 168
91851, 169
91881, 170
91922, 171
91950, 172
91992, 173
92008, 174
92049, 175
92087, 176
92116, 177
92157, 178
92186, 179
92228, 180
92256, 181
92299, 182
92314, 183
92355, 184
92396, 185
92411, 186
92465, 187
92481, 188
92521, 189
92562, 190
92592, 191
92620, 192
92661, 193
92677, 194
92730, 195
92745, 196
92800, 197
92815, 198
92856, 199
92886, 200
92925, 201
92955, 202
92994, 203
93021, 204
93062, 205
93092, 206
93121, 207
93161, 208
93189, 209
93230, 210
93259, 211
93288, 212
93329, 213
93344, 214
93387, 215
93425, 216
93453, 217
93495, 218
93524, 219
93553, 220
93595, 221
93622, 222
93663, 223
93678, 224
93732, 225
93748, 226
93788, 227
93831, 228
93858, 229
93887, 230
93928, 231
93944, 232
94011, 233
94025, 234
94053, 235
94096, 236
94112, 237
94151, 238
94193, 239
94220, 240
94249, 241
94291, 242
94318, 243
94359, 244
94389, 245
94429, 246
94457, 247
94488, 248
94525, 249
94554, 250
94595, 251
94624, 252
94653, 253
94695, 254
94723, 255
94764, 256
94780, 257
94820, 258
94862, 259
94887, 260
94929, 261
94944, 262
94988, 263
95026, 264
95056, 265
95082, 266
95124, 267
95153, 268
95194, 269
95222, 270
95251, 271
95292, 272
95308, 273
95362, 274
95386, 275
95418, 276
95456, 277
95485, 278
95526, 279
95556, 280
95584, 281
95625, 282
95656, 283
95695, 284
95753, 285
95766, 286
95807, 287
95823, 288
95864, 289
95903, 290
95932, 291
95962, 292
96002, 293
96031, 294
96072, 295
96101, 296
96143, 297
96159, 298
96197, 299
96239, 300
96267, 301
96308, 302
96323, 303
96367, 304
96406, 305
96420, 306
96462, 307
96503, 308
96532, 309
96574, 310
96602, 311
96632, 312
96671, 313
96714, 314
96728, 315
96770, 316
96811, 317
96826, 318
96866, 319
96907, 320
96933, 321
96976, 322
96990, 323
97032, 324
97074, 325
97090, 326
97131, 327
97169, 328
97199, 329
97240, 330
97269, 331
97298, 332
97325, 333
97366, 334
97409, 335
97436, 336
97465, 337
97505, 338
97522, 339
97576, 340
97591, 341
97630, 342
97673, 343
97718, 344
97742, 345
97769, 346
97811, 347
97826, 348
97868, 349
97908, 350
97937, 351
97968, 352
98007, 353
98037, 354
98076, 355
98104, 356
98144, 357
98162, 358
98205, 359
98246, 360
98268, 361
98316, 362
98341, 363
98367, 364
98407, 365
98436, 366
98479, 367
98506, 368
98533, 369
98578, 370
98602, 371
98629, 372
98673, 373
98714, 374
98741, 375
98769, 376
98797, 377
98840, 378
98880, 379
98907, 380
98925, 381
98978, 382
98997, 383
99034, 384
99089, 385
99106, 386
99147, 387
99175, 388
99203, 389
99243, 390
99272, 391
99313, 392
99332, 393
99372, 394
99412, 395
99440, 396
99467, 397
99510, 398
99547, 399
99577, 400
99606, 401
99649, 402
99674, 403
99703, 404
99745, 405
99773, 406
99816, 407
99844, 408
99875, 409
99913, 410
99942, 411
99982, 412
99999, 413
100041, 414
100078, 415
100108, 416
100148, 417
100198, 418
100224, 419
100265, 420
100297, 421
100329, 422
100358, 423
100408, 424
100433, 425
100474, 426
100498, 427
100541, 428
100567, 429
100608, 430
100638, 431
100673, 432
100710, 433
100738, 434
100775, 435
100819, 436
100848, 437
100876, 438
100915, 439
100945, 440
100972, 441
101013, 442
101046, 443
101117, 444
101148, 445
101192, 446
101223, 447
101263, 448
101303, 449
101331, 450
101369, 451
101393, 452
101446, 453
101476, 454
101506, 455
101541, 456
101581, 457
101610, 458
101648, 459
101677, 460
101704, 461
101757, 462
101784, 463
101808, 464
101851, 465
101907, 466
101928, 467
101971, 468
102002, 469
102029, 470
102080, 471
102111, 472
102138, 473
102163, 474
102205, 475
102233, 476
102279, 477
102306, 478
102334, 479
102363, 480
102416, 481
102445, 482
102473, 483
102499, 484
102553, 485
102584, 486
102610, 487
102650, 488
102688, 489
102713, 490
102755, 491
102781, 492
102832, 493
102864, 494
102894, 495
102919, 496
102963, 497
102997, 498
103022, 499
103046, 500
103100, 501
103128, 502
103158, 503
103185, 504
103238, 505
103264, 506
103294, 507
103324, 508
103353, 509
103393, 510
103421, 511
103447, 512
103509, 513
103541, 514
103591, 515
103614, 516
103645, 517
103689, 518
103726, 519
103752, 520
103781, 521
103834, 522
103864, 523
103905, 524
103931, 525
103961, 526
103989, 527
104018, 528
104068, 529
104096, 530
104124, 531
104163, 532
104192, 533
104219, 534
104257, 535
104299, 536
104335, 537
104365, 538
104394, 539
104437, 540
104465, 541
104490, 542
104530, 543
104576, 544
104601, 545
104629, 546
104671, 547
104699, 548
104727, 549
104771, 550
104800, 551
104826, 552
104864, 553
104909, 554
104937, 555
104965, 556
104996, 557
105024, 558
105074, 559
105123, 560
105156, 561
105181, 562
105235, 563
105258, 564
105283, 565
105326, 566
105359, 567
105394, 568
105423, 569
105463, 570
105491, 571
105519, 572
105559, 573
105596, 574
105622, 575
105667, 576
105693, 577
105723, 578
105761, 579
105784, 580
105829, 581
105854, 582
105898, 583
105938, 584
105962, 585
105991, 586
106049, 587
106075, 588
106103, 589
106134, 590
106161, 591
106200, 592
106243, 593
106273, 594
106300, 595
106331, 596
106370, 597
106397, 598
106437, 599
106468, 600
106495, 601
106551, 602
106576, 603
106610, 604
106649, 605
106721, 606
106746, 607
106788, 608
106814, 609
106849, 610
106888, 611
106915, 612
106957, 613
106984, 614
107012, 615
107057, 616
107084, 617
107110, 618
107163, 619
107188, 620
107214, 621
107255, 622
107283, 623
107309, 624
107358, 625
107390, 626
107415, 627
107458, 628
107507, 629
107532, 630
107558, 631
107597, 632
107635, 633
107665, 634
107704, 635
107732, 636
107771, 637
107802, 638
107829, 639
107874, 640
107903, 641
107929, 642
107970, 643
107998, 644
108026, 645
108066, 646
108095, 647
108152, 648
108178, 649
108204, 650
108243, 651
108270, 652
108308, 653
108337, 654
108377, 655
108404, 656
108432, 657
108484, 658
108512, 659
108539, 660
108578, 661
108602, 662
108644, 663
108672, 664
108698, 665
108737, 666
108779, 667
108808, 668
108838, 669
108886, 670
108918, 671
108946, 672
108973, 673
109017, 674
109058, 675
109083, 676
109125, 677
109153, 678
109191, 679
109216, 680
109256, 681
109284, 682
109326, 683
109352, 684
109387, 685
109415, 686
109455, 687
109492, 688
109519, 689
109560, 690
109591, 691
109630, 692
109671, 693
109696, 694
109738, 695
109766, 696
109796, 697
109836, 698
109877, 699
109908, 700
109931, 701
109973, 702
109995, 703
110037, 704
110063, 705
110105, 706
110132, 707
110172, 708
110202, 709
110228, 710
110268, 711
110297, 712
110338, 713
110374, 714
110427, 715
110455, 716
110492, 717
110533, 718
110561, 719
110591, 720
110630, 721
110659, 722
110683, 723
110729, 724
110756, 725
110796, 726
110825, 727
110852, 728
110903, 729
110920, 730
110960, 731
110996, 732
111023, 733
111062, 734
111130, 735
111155, 736
111205, 737
111230, 738
111256, 739
111297, 740
111327, 741
111368, 742
111395, 743
111422, 744
111470, 745
111493, 746
111535, 747
111563, 748
111590, 749
111631, 750
111658, 751
111702, 752
111733, 753
111782, 754
111812, 755
111838, 756
111880, 757
111906, 758
111937, 759
111989, 760
112015, 761
112041, 762
112080, 763
112110, 764
112135, 765
112172, 766
112210, 767
112249, 768
112276, 769
112317, 770
112336, 771
112361, 772
112426, 773
112448, 774
112498, 775
112527, 776
112550, 777
112577, 778
112617, 779
112655, 780
112680, 781
112722, 782
112748, 783
112775, 784
112801, 785
112857, 786
112885, 787
112913, 788
112953, 789
112983, 790
113025, 791
113056, 792
113084, 793
113122, 794
113169, 795
113190, 796
113218, 797
113261, 798
113301, 799
113329, 800
113358, 801
113399, 802
113428, 803
113469, 804
113498, 805
113527, 806
113553, 807
113594, 808
113621, 809
113663, 810
113702, 811
113727, 812
113766, 813
113796, 814
113840, 815
113863, 816
113905, 817
113934, 818
113961, 819
113998, 820
114030, 821
114067, 822
114107, 823
114132, 824
114173, 825
114197, 826
114238, 827
114255, 828
114309, 829
114339, 830
114366, 831
114400, 832
114429, 833
114456, 834
114510, 835
114536, 836
114581, 837
114609, 838
114638, 839
114674, 840
114715, 841
114743, 842
114768, 843
114809, 844
114848, 845
114875, 846
114915, 847
114943, 848
114971, 849
115013, 850
115040, 851
115068, 852
115120, 853
115145, 854
115173, 855
115255, 856
115282, 857
115308, 858
115347, 859
115376, 860
115407, 861
115449, 862
115477, 863
115505, 864
115541, 865
115568, 866
115622, 867
115650, 868
115679, 869
115705, 870
115752, 871
115781, 872
115810, 873
115837, 874
115888, 875
115920, 876
115958, 877
115983, 878
116043, 879
116066, 880
116092, 881
116133, 882
116162, 883
116198, 884
116229, 885
116256, 886
116310, 887
116335, 888
116360, 889
116388, 890
116428, 891
116470, 892
116514, 893
116543, 894
116569, 895
116622, 896
116654, 897
116690, 898
116715, 899
116767, 900
116791, 901
116819, 902
116859, 903
116898, 904
116928, 905
116952, 906
116990, 907
117020, 908
117060, 909
117089, 910
117128, 911
117167, 912
117192, 913
117221, 914
117252, 915
117300, 916
117328, 917
117357, 918
117386, 919
117439, 920
117467, 921
117494, 922
117520, 923
117562, 924
117590, 925
117632, 926
117661, 927
117687, 928
117746, 929
117768, 930
117795, 931
117836, 932
117860, 933
117902, 934
117928, 935
117968, 936
117997, 937
118036, 938
118063, 939
118108, 940
118133, 941
118161, 942
118205, 943
118229, 944
118261, 945
118299, 946
118329, 947
118370, 948
118397, 949
118427, 950
118472, 951
118516, 952
118566, 953
118595, 954
118625, 955
118664, 956
118701, 957
118726, 958
118766, 959
118794, 960
118835, 961
118863, 962
118888, 963
118928, 964
118968, 965
118997, 966
119026, 967
119053, 968
119095, 969
119137, 970
119166, 971
119235, 972
119262, 973
119304, 974
119332, 975
119373, 976
119388, 977
119447, 978
119475, 979
119499, 980
119530, 981
119569, 982
119600, 983
119624, 984
119680, 985
119707, 986
119738, 987
119773, 988
119799, 989
119863, 990
119892, 991
119917, 992
119943, 993
119975, 994
120011, 995
120053, 996
120081, 997
120112, 998
120143, 999
120168, 1000
120206, 1001
120247, 1002
120272, 1003
120314, 1004
120340, 1005
120393, 1006
120429, 1007
120456, 1008
120482, 1009
120523, 1010
120548, 1011
120574, 1012
120617, 1013
120642, 1014
120682, 1015
120712, 1016
120741, 1017
120795, 1018
120824, 1019
120859, 1020
120890, 1021
120917, 1022
120955, 1023
120979, 1024
121022, 1025
121049, 1026
121105, 1027
121132, 1028
121158, 1029
121184, 1030
121227, 1031
121261, 1032
121289, 1033
121316, 1034
121354, 1035
121396, 1036
121426, 1037
121449, 1038
121486, 1039
121515, 1040
121556, 1041
121586, 1042
121626, 1043
121675, 1044
121707, 1045
121735, 1046
121776, 1047
121800, 1048
121842, 1049
121867, 1050
121923, 1051
121950, 1052
121978, 1053
122003, 1054
122042, 1055
122081, 1056
122107, 1057
122133, 1058
122163, 1059
122203, 1060
122241, 1061
122274, 1062
122325, 1063
122350, 1064
122378, 1065
122418, 1066
122458, 1067
122485, 1068
122510, 1069
122565, 1070
122591, 1071
122616, 1072
122657, 1073
122684, 1074
122727, 1075
122753, 1076
122784, 1077
122823, 1078
122850, 1079
122891, 1080
122958, 1081
122984, 1082
123012, 1083
123051, 1084
123091, 1085
123119, 1086
123148, 1087
123201, 1088
123228, 1089
123254, 1090
123295, 1091
123321, 1092
123359, 1093
123388, 1094
123413, 1095
123442, 1096
123491, 1097
123536, 1098
123561, 1099
123601, 1100
123629, 1101
123659, 1102
123700, 1103
123730, 1104
123759, 1105
123798, 1106
123839, 1107
123862, 1108
123903, 1109
123930, 1110
123959, 1111
123998, 1112
124024, 1113
124064, 1114
124094, 1115
124135, 1116
124178, 1117
124203, 1118
124244, 1119
124272, 1120
124302, 1121
124340, 1122
124370, 1123
124399, 1124
124439, 1125
124481, 1126
124519, 1127
124543, 1128
124583, 1129
124613, 1130
124651, 1131
124681, 1132
124719, 1133
124751, 1134
124786, 1135
124813, 1136
124853, 1137
124890, 1138
124906, 1139
124948, 1140
124990, 1141
125015, 1142
125041, 1143
125096, 1144
125123, 1145
125151, 1146
125179, 1147
125218, 1148
125246, 1149
125289, 1150
125319, 1151
125345, 1152
125417, 1153
125445, 1154
125471, 1155
125500, 1156
125537, 1157
125565, 1158
125590, 1159
125645, 1160
125669, 1161
125696, 1162
125724, 1163
125773, 1164
125800, 1165
125824, 1166
125862, 1167
125904, 1168
125931, 1169
125957, 1170
126014, 1171
126042, 1172
126071, 1173
126100, 1174
126124, 1175
126167, 1176
126210, 1177
126235, 1178
126264, 1179
126292, 1180
126335, 1181
126364, 1182
126401, 1183
126425, 1184
126468, 1185
126505, 1186
126533, 1187
126576, 1188
126602, 1189
126628, 1190
126722, 1191
126756, 1192
126784, 1193
126822, 1194
126850, 1195
126878, 1196
126915, 1197
126939, 1198
126981, 1199
127010, 1200
127051, 1201
127075, 1202
127112, 1203
127144, 1204
127181, 1205
127224, 1206
127274, 1207
127306, 1208
127336, 1209
127360, 1210
127401, 1211
127427, 1212
127466, 1213
127491, 1214
127535, 1215
127559, 1216
127603, 1217
127630, 1218
127655, 1219
127698, 1220
127725, 1221
127770, 1222
127795, 1223
127835, 1224
127865, 1225
127903, 1226
127929, 1227
127970, 1228
127996, 1229
128036, 1230
128074, 1231
128105, 1232
128131, 1233
128172, 1234
128197, 1235
128238, 1236
128266, 1237
128295, 1238
128335, 1239
128392, 1240
128419, 1241
128446, 1242
128472, 1243
128500, 1244
128551, 1245
128578, 1246
128619, 1247
128646, 1248
128664, 1249
128718, 1250
128743, 1251
128770, 1252
128810, 1253
128850, 1254
128875, 1255
128915, 1256
128942, 1257
128983, 1258
129030, 1259
129054, 1260
129080, 1261
129119, 1262
129158, 1263
129186, 1264
129225, 1265
129263, 1266
129291, 1267
129320, 1268
129360, 1269
129386, 1270
129439, 1271
129466, 1272
129495, 1273
129525, 1274
129559, 1275
129615, 1276
129639, 1277
129666, 1278
129692, 1279
129745, 1280
129770, 1281
129797, 1282
129839, 1283
129865, 1284
129908, 1285
129929, 1286
129961, 1287
130010, 1288
130039, 1289
130065, 1290
130106, 1291
130149, 1292
130212, 1293
130232, 1294
130258, 1295
130297, 1296
130322, 1297
130364, 1298
130393, 1299
130419, 1300
130461, 1301
130493, 1302
130519, 1303
130557, 1304
130598, 1305
130626, 1306
130663, 1307
130692, 1308
130736, 1309
130762, 1310
130801, 1311
130831, 1312
130884, 1313
130912, 1314
130941, 1315
130968, 1316
131007, 1317
131031, 1318
131086, 1319
131113, 1320
131139, 1321
131166, 1322
131226, 1323
131259, 1324
131286, 1325
131310, 1326
131350, 1327
131389, 1328
131418, 1329
131444, 1330
131487, 1331
131514, 1332
131543, 1333
131582, 1334
131622, 1335
131646, 1336
131689, 1337
131717, 1338
131746, 1339
131805, 1340
131835, 1341
131872, 1342
131916, 1343
131942, 1344
131985, 1345
132015, 1346
132041, 1347
132079, 1348
132107, 1349
132160, 1350
132186, 1351
132211, 1352
132268, 1353
132317, 1354
132344, 1355
132373, 1356
132403, 1357
132431, 1358
132470, 1359
132500, 1360
132527, 1361
132571, 1362
132598, 1363
132639, 1364
132667, 1365
132693, 1366
132744, 1367
132759, 1368
132803, 1369
132837, 1370
132879, 1371
132906, 1372
132933, 1373
132975, 1374
133002, 1375
133046, 1376
133073, 1377
133100, 1378
133140, 1379
133169, 1380
133198, 1381
133236, 1382
133274, 1383
133299, 1384
133342, 1385
133409, 1386
133437, 1387
133469, 1388
133504, 1389
133543, 1390
133572, 1391
133610, 1392
133641, 1393
133668, 1394
133713, 1395
133741, 1396
133769, 1397
133816, 1398
133855, 1399
133886, 1400
133911, 1401
133951, 1402
133977, 1403
134015, 1404
134053, 1405
134079, 1406
134120, 1407
134147, 1408
134175, 1409
134214, 1410
134253, 1411
134278, 1412
134320, 1413
134346, 1414
134370, 1415
134437, 1416
134453, 1417
134480, 1418
134519, 1419
134547, 1420
134577, 1421
134617, 1422
134644, 1423
134688, 1424
134715, 1425
134743, 1426
134781, 1427
134811, 1428
134852, 1429
134877, 1430
134917, 1431
134945, 1432
135007, 1433
135030, 1434
135078, 1435
135107, 1436
135137, 1437
135163, 1438
135202, 1439
135230, 1440
135270, 1441
135310, 1442
135335, 1443
135388, 1444
135414, 1445
135442, 1446
135468, 1447
135495, 1448
135536, 1449
135575, 1450
135608, 1451
135644, 1452
135671, 1453
135712, 1454
135749, 1455
135776, 1456
135805, 1457
135844, 1458
135888, 1459
135916, 1460
135956, 1461
135981, 1462
136005, 1463
136047, 1464
136086, 1465
136113, 1466
136139, 1467
136183, 1468
136205, 1469
136236, 1470
136286, 1471
136337, 1472
136365, 1473
136390, 1474
136430, 1475
136458, 1476
136485, 1477
136525, 1478
136564, 1479
136592, 1480
136636, 1481
136665, 1482
136692, 1483
136720, 1484
136770, 1485
136794, 1486
136822, 1487
136863, 1488
136904, 1489
136930, 1490
136958, 1491
137001, 1492
137026, 1493
137054, 1494
137112, 1495
137136, 1496
137164, 1497
137204, 1498
137231, 1499
137263, 1500
137304, 1501
137330, 1502
137373, 1503
137400, 1504
137428, 1505
137470, 1506
137499, 1507
137527, 1508
137569, 1509
137596, 1510
137638, 1511
137666, 1512
137694, 1513
137736, 1514
137764, 1515
137791, 1516
137835, 1517
137861, 1518
137901, 1519
137935, 1520
137969, 1521
137998, 1522
138036, 1523
138062, 1524
138102, 1525
138130, 1526
138170, 1527
138199, 1528
138247, 1529
138277, 1530
138301, 1531
138329, 1532
138380, 1533
138405, 1534
138447, 1535
138473, 1536
138503, 1537
138545, 1538
138572, 1539
138601, 1540
138642, 1541
138669, 1542
138711, 1543
138740, 1544
138810, 1545
138837, 1546
138878, 1547
138905, 1548
138932, 1549
138972, 1550
139014, 1551
139044, 1552
139072, 1553
139115, 1554
139142, 1555
139167, 1556
139209, 1557
139240, 1558
139279, 1559
139309, 1560
139339, 1561
139386, 1562
139405, 1563
139455, 1564
139482, 1565
139522, 1566
139549, 1567
139576, 1568
139618, 1569
139642, 1570
139686, 1571
139714, 1572
139758, 1573
139782, 1574
139823, 1575
139840, 1576
139883, 1577
139922, 1578
139951, 1579
139981, 1580
140031, 1581
140062, 1582
140088, 1583
140127, 1584
140156, 1585
140186, 1586
140228, 1587
140257, 1588
140297, 1589
140325, 1590
140367, 1591
140395, 1592
140454, 1593
140489, 1594
140528, 1595
140554, 1596
140595, 1597
140620, 1598
140647, 1599
140700, 1600
140730, 1601
140759, 1602
140781, 1603
140822, 1604
140859, 1605
140887, 1606
140928, 1607
140967, 1608
140993, 1609
141037, 1610
141063, 1611
141103, 1612
141131, 1613
141161, 1614
141188, 1615
141234, 1616
141260, 1617
141303, 1618
141338, 1619
141361, 1620
141400, 1621
141443, 1622
141488, 1623
141513, 1624
141555, 1625
141581, 1626
141619, 1627
141646, 1628
141672, 1629
141730, 1630
141757, 1631
141787, 1632
141813, 1633
141844, 1634
141871, 1635
141942, 1636
141976, 1637
142002, 1638
142042, 1639
142065, 1640
142110, 1641
142134, 1642
142171, 1643
142209, 1644
142240, 1645
142264, 1646
142316, 1647
142342, 1648
142371, 1649
142414, 1650
142483, 1651
142510, 1652
142538, 1653
142578, 1654
142606, 1655
142646, 1656
142673, 1657
142711, 1658
142738, 1659
142777, 1660
142805, 1661
142845, 1662
142876, 1663
142901, 1664
142973, 1665
143001, 1666
143040, 1667
143067, 1668
143096, 1669
143126, 1670
143153, 1671
143180, 1672
143206, 1673
143245, 1674
143281, 1675
143308, 1676
143363, 1677
143391, 1678
143418, 1679
143455, 1680
143497, 1681
143526, 1682
143554, 1683
143600, 1684
143624, 1685
143662, 1686
143687, 1687
143731, 1688
143754, 1689
143809, 1690
143833, 1691
143861, 1692
143891, 1693
143931, 1694
143961, 1695
144000, 1696
144018, 1697
144059, 1698
144101, 1699
144128, 1700
144153, 1701
144196, 1702
144221, 1703
144275, 1704
144301, 1705
144329, 1706
144354, 1707
144405, 1708
144431, 1709
144460, 1710
144487, 1711
144541, 1712
144570, 1713
144598, 1714
144648, 1715
144681, 1716
144710, 1717
144761, 1718
144788, 1719
144814, 1720
144853, 1721
144879, 1722
144917, 1723
144939, 1724
144992, 1725
145019, 1726
145045, 1727
145099, 1728
145117, 1729
145171, 1730
145204, 1731
145237, 1732
145266, 1733
145294, 1734
145337, 1735
145361, 1736
145406, 1737
145432, 1738
145478, 1739
145502, 1740
145555, 1741
145580, 1742
145606, 1743
145646, 1744
145672, 1745
145715, 1746
145741, 1747
145776, 1748
145805, 1749
145866, 1750
145899, 1751
145924, 1752
145951, 1753
145988, 1754
146029, 1755
146055, 1756
146096, 1757
146119, 1758
146161, 1759
146209, 1760
146238, 1761
146260, 1762
146314, 1763
146341, 1764
146369, 1765
146399, 1766
146448, 1767
146479, 1768
146506, 1769
146538, 1770
146574, 1771
146620, 1772
146646, 1773
146702, 1774
146728, 1775
146754, 1776
146780, 1777
146807, 1778
146850, 1779
146890, 1780
146916, 1781
146955, 1782
147010, 1783
147089, 1784
147119, 1785
147148, 1786
147202, 1787
147238, 1788
147264, 1789
147305, 1790
147332, 1791
147358, 1792
147402, 1793
147468, 1794
147494, 1795
147527, 1796
147558, 1797
147588, 1798
147617, 1799
147656, 1800
147685, 1801
147724, 1802
147761, 1803
147791, 1804
147829, 1805
147879, 1806
147901, 1807
147922, 1808
147961, 1809
148003, 1810
148029, 1811
148061, 1812
148107, 1813
148135, 1814
148163, 1815
148207, 1816
148236, 1817
148278, 1818
148328, 1819
148358, 1820
148384, 1821
148428, 1822
148458, 1823
148496, 1824
148525, 1825
148552, 1826
148600, 1827
148626, 1828
148657, 1829
148682, 1830
148747, 1831
148777, 1832
148830, 1833
148859, 1834
148886, 1835
148922, 1836
148950, 1837
148978, 1838
149027, 1839
149054, 1840
149092, 1841
149108, 1842
149163, 1843
149190, 1844
149228, 1845
149282, 1846
149308, 1847
149336, 1848
149389, 1849
149415, 1850
149444, 1851
149472, 1852
149510, 1853
149538, 1854
149581, 1855
149608, 1856
149649, 1857
149672, 1858
149728, 1859
149751, 1860
149790, 1861
149819, 1862
149846, 1863
149888, 1864
149916, 1865
149960, 1866
149988, 1867
150015, 1868
150043, 1869
150083, 1870
150122, 1871
150169, 1872
150206, 1873
150235, 1874
150265, 1875
150291, 1876
150345, 1877
150371, 1878
150414, 1879
150440, 1880
150464, 1881
150505, 1882
150543, 1883
150570, 1884
150601, 1885
150664, 1886
150692, 1887
150719, 1888
150746, 1889
150772, 1890
150826, 1891
150852, 1892
150878, 1893
150904, 1894
150943, 1895
150979, 1896
151022, 1897
151048, 1898
151093, 1899
151118, 1900
151167, 1901
151195, 1902
151224, 1903
151251, 1904
151295, 1905
151323, 1906
151363, 1907
151392, 1908
151420, 1909
151459, 1910
151497, 1911
151538, 1912
151564, 1913
151591, 1914
151631, 1915
151670, 1916
151696, 1917
151743, 1918
151769, 1919
151798, 1920
151825, 1921
151877, 1922
151905, 1923
151930, 1924
151971, 1925
152035, 1926
152064, 1927
152093, 1928
152136, 1929
152162, 1930
152202, 1931
152240, 1932
152267, 1933
152296, 1934
152338, 1935
152368, 1936
152395, 1937
152443, 1938
152492, 1939
152520, 1940
152548, 1941
152589, 1942
152614, 1943
152654, 1944
152680, 1945
152717, 1946
152745, 1947
152787, 1948
152814, 1949
152856, 1950
152880, 1951
152923, 1952
152954, 1953
152978, 1954
153030, 1955
153058, 1956
153082, 1957
153123, 1958
153157, 1959
153182, 1960
153222, 1961
153262, 1962
153297, 1963
153325, 1964
153357, 1965
153395, 1966
153423, 1967
153467, 1968
153496, 1969
153524, 1970
153561, 1971
153599, 1972
153627, 1973
153669, 1974
153729, 1975
153759, 1976
153788, 1977
153829, 1978
153856, 1979
153897, 1980
153923, 1981
153965, 1982
153990, 1983
154044, 1984
154071, 1985
154108, 1986
154158, 1987
154185, 1988
154215, 1989
154243, 1990
154283, 1991
154306, 1992
154359, 1993
154388, 1994
154411, 1995
154453, 1996
154481, 1997
154524, 1998
154588, 1999
154620, 2000
154646, 2001
154687, 2002
154719, 2003
154752, 2004
154791, 2005
154817, 2006
154846, 2007
154899, 2008
154927, 2009
154956, 2010
155008, 2011
155031, 2012
155063, 2013
155100, 2014
155141, 2015
155168, 2016
155196, 2017
155236, 2018
155276, 2019
155306, 2020
155333, 2021
155360, 2022
155425, 2023
155453, 2024
155489, 2025
155518, 2026
155544, 2027
155583, 2028
155615, 2029
155643, 2030
155683, 2031
155708, 2032
155763, 2033
155792, 2034
155835, 2035
155859, 2036
155885, 2037
155917, 2038
155966, 2039
155991, 2040
156033, 2041
156059, 2042
156100, 2043
156127, 2044
156155, 2045
156198, 2046
156224, 2047
156283, 2048
156310, 2049
156347, 2050
156372, 2051
156416, 2052
156443, 2053
156494, 2054
156521, 2055
156559, 2056
156585, 2057
156612, 2058
156642, 2059
156685, 2060
156721, 2061
156748, 2062
156780, 2063
156807, 2064
156858, 2065
156884, 2066
156913, 2067
156949, 2068
156974, 2069
157014, 2070
157056, 2071
157137, 2072
157168, 2073
157196, 2074
157236, 2075
157262, 2076
157300, 2077
157329, 2078
157370, 2079
157396, 2080
157436, 2081
157464, 2082
157505, 2083
157530, 2084
157572, 2085
157626, 2086
157656, 2087
157682, 2088
157722, 2089
157750, 2090
157788, 2091
157828, 2092
157856, 2093
157883, 2094
157926, 2095
157966, 2096
158018, 2097
158047, 2098
158085, 2099
158114, 2100
158143, 2101
158187, 2102
158213, 2103
158253, 2104
158291, 2105
158320, 2106
158344, 2107
158410, 2108
158436, 2109
158466, 2110
158506, 2111
158535, 2112
158562, 2113
158611, 2114
158638, 2115
158677, 2116
158705, 2117
158732, 2118
158773, 2119
158804, 2120
158840, 2121
158867, 2122
158896, 2123
158949, 2124
158983, 2125
159010, 2126
159036, 2127
159088, 2128
159119, 2129
159146, 2130
159176, 2131
159224, 2132
159253, 2133
159292, 2134
159320, 2135
159372, 2136
159400, 2137
159429, 2138
159454, 2139
159492, 2140
159522, 2141
159564, 2142
159633, 2143
159662, 2144
159691, 2145
159729, 2146
159758, 2147
159799, 2148
159824, 2149
159864, 2150
159888, 2151
159918, 2152
159955, 2153
160010, 2154
160037, 2155
160059, 2156
160106, 2157
160134, 2158
160161, 2159
160203, 2160
160222, 2161
160274, 2162
160303, 2163
160350, 2164
160372, 2165
160416, 2166
160454, 2167
160477, 2168
160515, 2169
160543, 2170
160571, 2171
160611, 2172
160651, 2173
160679, 2174
160698, 2175
160767, 2176
160794, 2177
160833, 2178
160872, 2179
160900, 2180
160928, 2181
160966, 2182
160995, 2183
161023, 2184
161098, 2185
161129, 2186
161155, 2187
161194, 2188
161222, 2189
161247, 2190
161290, 2191
161317, 2192
161345, 2193
161385, 2194
161421, 2195
161448, 2196
161508, 2197
161541, 2198
161569, 2199
161602, 2200
161638, 2201
161664, 2202
161705, 2203
161730, 2204
161774, 2205
161802, 2206
161844, 2207
161931, 2208
161953, 2209
161991, 2210
162021, 2211
162058, 2212
162088, 2213
162113, 2214
162168, 2215
162193, 2216
162223, 2217
162279, 2218
162307, 2219
162336, 2220
162363, 2221
162413, 2222
162439, 2223
162466, 2224
162495, 2225
162546, 2226
162583, 2227
162609, 2228
162633, 2229
162677, 2230
162702, 2231
162727, 2232
162779, 2233
162807, 2234
162835, 2235
162877, 2236
162906, 2237
162951, 2238
162975, 2239
163015, 2240
163041, 2241
163090, 2242
163116, 2243
163145, 2244
163185, 2245
163212, 2246
163254, 2247
163281, 2248
163323, 2249
163368, 2250
163395, 2251
163423, 2252
163463, 2253
163489, 2254
163531, 2255
163560, 2256
163589, 2257
163630, 2258
163659, 2259
163695, 2260
163747, 2261
163776, 2262
163802, 2263
163842, 2264
163870, 2265
163896, 2266
163938, 2267
163972, 2268
164041, 2269
164066, 2270
164104, 2271
164135, 2272
164173, 2273
164203, 2274
164241, 2275
164270, 2276
164310, 2277
164337, 2278
164382, 2279
164410, 2280
164439, 2281
164487, 2282
164510, 2283
164540, 2284
164579, 2285
164620, 2286
164650, 2287
164678, 2288
164724, 2289
164754, 2290
164781, 2291
164835, 2292
164858, 2293
164886, 2294
164925, 2295
164955, 2296
165011, 2297
165046, 2298
165069, 2299
165110, 2300
165151, 2301
165180, 2302
165219, 2303
165245, 2304
165274, 2305
165320, 2306
165352, 2307
165391, 2308
165431, 2309
165456, 2310
165495, 2311
165523, 2312
165553, 2313
165592, 2314
165630, 2315
165674, 2316
165687, 2317
165739, 2318
165765, 2319
165804, 2320
165831, 2321
165875, 2322
165911, 2323
165943, 2324
165982, 2325
166007, 2326
166045, 2327
166070, 2328
166114, 2329
166140, 2330
166178, 2331
166205, 2332
166246, 2333
166284, 2334
166314, 2335
166341, 2336
166386, 2337
166412, 2338
166454, 2339
166483, 2340
166510, 2341
166554, 2342
166594, 2343
166623, 2344
166649, 2345
166690, 2346
166727, 2347
166765, 2348
166793, 2349
166835, 2350
166861, 2351
166892, 2352
166917, 2353
166983, 2354
167012, 2355
167041, 2356
167067, 2357
167095, 2358
167134, 2359
167172, 2360
167198, 2361
167239, 2362
167267, 2363
167292, 2364
167360, 2365
167388, 2366
167418, 2367
167442, 2368
167481, 2369
167506, 2370
167547, 2371
167573, 2372
167618, 2373
167643, 2374
167668, 2375
167747, 2376
167788, 2377
167811, 2378
167853, 2379
167880, 2380
167905, 2381
167946, 2382
167972, 2383
168025, 2384
168049, 2385
168104, 2386
168128, 2387
168154, 2388
168195, 2389
168220, 2390
168261, 2391
168285, 2392
168328, 2393
168357, 2394
168381, 2395
168433, 2396
168486, 2397
168526, 2398
168543, 2399
168585, 2400
168614, 2401
168642, 2402
168680, 2403
168708, 2404
168749, 2405
168778, 2406
168808, 2407
168871, 2408
168898, 2409
168923, 2410
168964, 2411
168991, 2412
169036, 2413
169060, 2414
169087, 2415
169128, 2416
169154, 2417
169196, 2418
169234, 2419
169261, 2420
169286, 2421
169338, 2422
169366, 2423
169393, 2424
169420, 2425
169463, 2426
169490, 2427
169530, 2428
169557, 2429
169595, 2430
169655, 2431
169672, 2432
169714, 2433
169741, 2434
169783, 2435
169810, 2436
169838, 2437
169879, 2438
169910, 2439
169950, 2440
169977, 2441
170005, 2442
170059, 2443
170082, 2444
170096, 2445
170150, 2446
170166, 2447
170218, 2448
170245, 2449
170283, 2450
170311, 2451
170353, 2452
170382, 2453
170409, 2454
170458, 2455
170494, 2456
170534, 2457
170574, 2458
170598, 2459
170638, 2460
170671, 2461
170697, 2462
170735, 2463
170775, 2464
170802, 2465
170831, 2466
170870, 2467
170909, 2468
170933, 2469
170973, 2470
170987, 2471
171029, 2472
171065, 2473
171106, 2474
171122, 2475
171165, 2476
171204, 2477
171230, 2478
171273, 2479
171300, 2480
171326, 2481
171369, 2482
171397, 2483
171441, 2484
171468, 2485
171508, 2486
171524, 2487
171567, 2488
171607, 2489
171634, 2490
171663, 2491
171692, 2492
171731, 2493
171762, 2494
171802, 2495
171843, 2496
171859, 2497
171899, 2498
171928, 2499
171970, 2500
171986, 2501
172040, 2502
172113, 2503
172137, 2504
172161, 2505
172204, 2506
172233, 2507
172275, 2508
172290, 2509
172333, 2510
172357, 2511
172399, 2512
172442, 2513
172458, 2514
172499, 2515
172538, 2516
172563, 2517
172602, 2518
172630, 2519
172669, 2520
172709, 2521
172737, 2522
172752, 2523
172807, 2524
172834, 2525
172876, 2526
172891, 2527
172930, 2528
172972, 2529
173010, 2530
173026, 2531
173068, 2532
173097, 2533
173138, 2534
173180, 2535
173197, 2536
173236, 2537
173278, 2538
173294, 2539
173334, 2540
173364, 2541
173402, 2542
173431, 2543
173473, 2544
173488, 2545
173531, 2546
173570, 2547
173596, 2548
173638, 2549
173668, 2550
173697, 2551
173742, 2552
173777, 2553
173790, 2554
173831, 2555
173871, 2556
173898, 2557
173937, 2558
173977, 2559
174002, 2560
174029, 2561
174071, 2562
174097, 2563
174128, 2564
174167, 2565
174197, 2566
174238, 2567
174267, 2568
174308, 2569
174325, 2570
174367, 2571
174405, 2572
174421, 2573
174474, 2574
174490, 2575
174531, 2576
174572, 2577
174627, 2578
174644, 2579
174671, 2580
174712, 2581
174740, 2582
174782, 2583
174797, 2584
174838, 2585
174879, 2586
174894, 2587
174935, 2588
174977, 2589
175006, 2590
175035, 2591
175075, 2592
175105, 2593
175145, 2594
175159, 2595
175215, 2596
175230, 2597
175270, 2598
175301, 2599
175340, 2600
175370, 2601
175411, 2602
175441, 2603
175480, 2604
175507, 2605
175549, 2606
175565, 2607
175618, 2608
175672, 2609
175713, 2610
175728, 2611
175770, 2612
175812, 2613
175839, 2614
175868, 2615
175909, 2616
175936, 2617
175979, 2618
176008, 2619
176036, 2620
176067, 2621
176105, 2622
176134, 2623
176174, 2624
176203, 2625
176244, 2626
176273, 2627
176302, 2628
176351, 2629
176367, 2630
176409, 2631
176439, 2632
176467, 2633
176509, 2634
176538, 2635
176579, 2636
176594, 2637
176636, 2638
176676, 2639
176704, 2640
176746, 2641
176761, 2642
176816, 2643
176831, 2644
176872, 2645
176900, 2646
176943, 2647
176970, 2648
177011, 2649
177027, 2650
177070, 2651
177108, 2652
177135, 2653
177176, 2654
177205, 2655
177234, 2656
177289, 2657
177304, 2658
177333, 2659
177374, 2660
177402, 2661
177444, 2662
177472, 2663
177503, 2664
177540, 2665
177580, 2666
177596, 2667
177637, 2668
177671, 2669
177706, 2670
177736, 2671
177778, 2672
177795, 2673
177846, 2674
177860, 2675
177903, 2676
177943, 2677
177970, 2678
178012, 2679
178040, 2680
178071, 2681
178110, 2682
178181, 2683
178219, 2684
178234, 2685
178279, 2686
178317, 2687
178348, 2688
178387, 2689
178415, 2690
178455, 2691
178471, 2692
178513, 2693
178542, 2694
178584, 2695
178612, 2696
178652, 2697
178681, 2698
178724, 2699
178751, 2700
178778, 2701
178821, 2702
178853, 2703
178891, 2704
178931, 2705
178947, 2706
178987, 2707
179016, 2708
179058, 2709
179087, 2710
179115, 2711
179156, 2712
179198, 2713
179213, 2714
179252, 2715
179294, 2716
179322, 2717
179363, 2718
179378, 2719
179420, 2720
179461, 2721
179476, 2722
179519, 2723
179558, 2724
179587, 2725
179616, 2726
179658, 2727
179685, 2728
179727, 2729
179741, 2730
179783, 2731
179822, 2732
179852, 2733
179893, 2734
179910, 2735
179976, 2736
179992, 2737
180032, 2738
180048, 2739
180088, 2740
180118, 2741
180158, 2742
180186, 2743
180227, 2744
180269, 2745
180284, 2746
180325, 2747
180353, 2748
180395, 2749
180423, 2750
180453, 2751
180495, 2752
180522, 2753
180564, 2754
180592, 2755
180621, 2756
180660, 2757
180686, 2758
180728, 2759
180744, 2760
180787, 2761
180853, 2762
180868, 2763
180908, 2764
180938, 2765
180978, 2766
181007, 2767
181037, 2768
181076, 2769
181102, 2770
181144, 2771
181160, 2772
181214, 2773
181243, 2774
181271, 2775
181299, 2776
181342, 2777
181383, 2778
181398, 2779
181440, 2780
181482, 2781
181497, 2782
181540, 2783
181579, 2784
181625, 2785
181646, 2786
181675, 2787
181703, 2788
181743, 2789
181772, 2790
181814, 2791
181829, 2792
181872, 2793
181911, 2794
181939, 2795
181981, 2796
181996, 2797
182038, 2798
182079, 2799
182094, 2800
182148, 2801
182177, 2802
182206, 2803
182235, 2804
182275, 2805
182315, 2806
182332, 2807
182374, 2808
182413, 2809
182428, 2810
182483, 2811
182497, 2812
182538, 2813
182578, 2814
182593, 2815
182648, 2816
182663, 2817
182706, 2818
182745, 2819
182761, 2820
182815, 2821
182830, 2822
182873, 2823
182913, 2824
182941, 2825
182985, 2826
183001, 2827
183043, 2828
183068, 2829
183108, 2830
183138, 2831
183178, 2832
183205, 2833
183249, 2834
183265, 2835
183309, 2836
183345, 2837
183388, 2838
183434, 2839
183478, 2840
183496, 2841
183536, 2842
183561, 2843
183602, 2844
183628, 2845
183669, 2846
183695, 2847
183723, 2848
183764, 2849
183791, 2850
183818, 2851
183872, 2852
183888, 2853
183930, 2854
183971, 2855
184000, 2856
184045, 2857
184068, 2858
184109, 2859
184137, 2860
184164, 2861
184208, 2862
184233, 2863
184277, 2864
184305, 2865
184333, 2866
184373, 2867
184391, 2868
184444, 2869
184459, 2870
184499, 2871
184529, 2872
184570, 2873
184600, 2874
184628, 2875
184684, 2876
184710, 2877
184738, 2878
184765, 2879
184806, 2880
184834, 2881
184866, 2882
184902, 2883
184929, 2884
184970, 2885
185004, 2886
185043, 2887
185071, 2888
185099, 2889
185138, 2890
185157, 2891
185209, 2892
185225, 2893
185284, 2894
185306, 2895
185335, 2896
185364, 2897
185404, 2898
185447, 2899
185476, 2900
185502, 2901
185529, 2902
185570, 2903
185613, 2904
185641, 2905
185669, 2906
185696, 2907
185739, 2908
185766, 2909
185841, 2910
185865, 2911
185892, 2912
185934, 2913
185961, 2914
186004, 2915
186019, 2916
186062, 2917
186104, 2918
186131, 2919
186155, 2920
186197, 2921
186229, 2922
186269, 2923
186296, 2924
186340, 2925
186365, 2926
186404, 2927
186446, 2928
186471, 2929
186508, 2930
186538, 2931
186564, 2932
186605, 2933
186644, 2934
186672, 2935
186699, 2936
186757, 2937
186783, 2938
186809, 2939
186840, 2940
186879, 2941
186922, 2942
186948, 2943
186978, 2944
187022, 2945
187046, 2946
187086, 2947
187117, 2948
187147, 2949
187185, 2950
187227, 2951
187270, 2952
187296, 2953
187320, 2954
187362, 2955
187401, 2956
187426, 2957
187454, 2958
187494, 2959
187521, 2960
187563, 2961
187595, 2962
187634, 2963
187659, 2964
187699, 2965
187742, 2966
187761, 2967
187802, 2968
187832, 2969
187868, 2970
187899, 2971
187936, 2972
187966, 2973
188021, 2974
188052, 2975
188080, 2976
188106, 2977
188143, 2978
188170, 2979
188200, 2980
188241, 2981
188269, 2982
188311, 2983
188388, 2984
188418, 2985
188445, 2986
188471, 2987
188523, 2988
188550, 2989
188591, 2990
188617, 2991
188643, 2992
188699, 2993
188722, 2994
188761, 2995
188787, 2996
188826, 2997
188851, 2998
188892, 2999
188918, 3000
188947, 3001
188986, 3002
189020, 3003
189049, 3004
189092, 3005
189120, 3006
189147, 3007
189188, 3008
189225, 3009
189251, 3010
189293, 3011
189335, 3012
189363, 3013
189398, 3014
189428, 3015
189457, 3016
189494, 3017
189535, 3018
189558, 3019
189598, 3020
189625, 3021
189672, 3022
189721, 3023
189748, 3024
189775, 3025
189815, 3026
189845, 3027
189872, 3028
189914, 3029
189948, 3030
189987, 3031
190012, 3032
190048, 3033
190078, 3034
190115, 3035
190151, 3036
190192, 3037
190209, 3038
190251, 3039
190290, 3040
190327, 3041
190382, 3042
190409, 3043
190434, 3044
190467, 3045
190522, 3046
190558, 3047
190587, 3048
190621, 3049
190652, 3050
190698, 3051
190724, 3052
190751, 3053
190792, 3054
190825, 3055
190851, 3056
190886, 3057
190929, 3058
190977, 3059
191010, 3060
191038, 3061
191075, 3062
191118, 3063
191145, 3064
191195, 3065
191223, 3066
191267, 3067
191293, 3068
191322, 3069
191370, 3070
191395, 3071
191434, 3072
191463, 3073
191491, 3074
191532, 3075
191563, 3076
191605, 3077
191636, 3078
191676, 3079
191704, 3080
191739, 3081
191777, 3082
191800, 3083
191853, 3084
191880, 3085
191921, 3086
191950, 3087
191977, 3088
192034, 3089
192060, 3090
192090, 3091
192118, 3092
192153, 3093
192194, 3094
192232, 3095
192272, 3096
192313, 3097
192341, 3098
192377, 3099
192418, 3100
192446, 3101
192484, 3102
192549, 3103
192578, 3104
192613, 3105
192638, 3106
192678, 3107
192715, 3108
192746, 3109
192785, 3110
192812, 3111
192867, 3112
192895, 3113
192923, 3114
192950, 3115
192976, 3116
193004, 3117
193047, 3118
193071, 3119
193112, 3120
193163, 3121
193192, 3122
193233, 3123
193260, 3124
193287, 3125
193315, 3126
193367, 3127
193411, 3128
193446, 3129
193473, 3130
193497, 3131
193541, 3132
193567, 3133
193607, 3134
193631, 3135
193676, 3136
193722, 3137
193749, 3138
193777, 3139
193813, 3140
193843, 3141
193895, 3142
193922, 3143
193964, 3144
193990, 3145
194029, 3146
194054, 3147
194095, 3148
194122, 3149
194162, 3150
194190, 3151
194217, 3152
194260, 3153
194341, 3154
194370, 3155
194397, 3156
194424, 3157
194461, 3158
194485, 3159
194513, 3160
194541, 3161
194595, 3162
194624, 3163
194653, 3164
194689, 3165
194718, 3166
194744, 3167
194787, 3168
194826, 3169
194858, 3170
194896, 3171
194939, 3172
194967, 3173
194996, 3174
195039, 3175
195062, 3176
195091, 3177
195155, 3178
195187, 3179
195212, 3180
195249, 3181
195278, 3182
195312, 3183
195352, 3184
195383, 3185
195432, 3186
195462, 3187
195487, 3188
195535, 3189
195573, 3190
195598, 3191
195640, 3192
195666, 3193
195692, 3194
195737, 3195
195762, 3196
195805, 3197
195841, 3198
195866, 3199
195906, 3200
195945, 3201
195973, 3202
196007, 3203
196079, 3204
196106, 3205
196145, 3206
196173, 3207
196211, 3208
196238, 3209
196278, 3210
196348, 3211
196375, 3212
196399, 3213
196428, 3214
196455, 3215
196508, 3216
196533, 3217
196581, 3218
196622, 3219
196647, 3220
196675, 3221
196723, 3222
196750, 3223
196777, 3224
196817, 3225
196847, 3226
196899, 3227
196924, 3228
196950, 3229
196991, 3230
197019, 3231
197044, 3232
197086, 3233
197113, 3234
197171, 3235
197196, 3236
197231, 3237
197256, 3238
197297, 3239
197325, 3240
197366, 3241
197390, 3242
197435, 3243
197463, 3244
197513, 3245
197542, 3246
197570, 3247
197623, 3248
197651, 3249
197690, 3250
197716, 3251
197744, 3252
197830, 3253
197859, 3254
197887, 3255
197924, 3256
197952, 3257
197982, 3258
198008, 3259
198070, 3260
198094, 3261
198122, 3262
198163, 3263
198187, 3264
198226, 3265
198267, 3266
198297, 3267
198342, 3268
198380, 3269
198408, 3270
198446, 3271
198475, 3272
198505, 3273
198533, 3274
198595, 3275
198622, 3276
198645, 3277
198685, 3278
198713, 3279
198745, 3280
198785, 3281
198814, 3282
198872, 3283
198906, 3284
198935, 3285
198983, 3286
199011, 3287
199038, 3288
199076, 3289
199117, 3290
199140, 3291
199191, 3292
199219, 3293
199246, 3294
199285, 3295
199349, 3296
199376, 3297
199405, 3298
199454, 3299
199482, 3300
199510, 3301
199538, 3302
199586, 3303
199667, 3304
199694, 3305
199717, 3306
199758, 3307
199786, 3308
199813, 3309
199865, 3310
199890, 3311
199972, 3312
199999, 3313
200037, 3314
200067, 3315
200092, 3316
200130, 3317
200159, 3318
200202, 3319
200253, 3320
200278, 3321
200319, 3322
200347, 3323
200398, 3324
200426, 3325
200467, 3326
200524, 3327
200561, 3328
200589, 3329
200616, 3330
200644, 3331
200684, 3332
200710, 3333
200777, 3334
200803, 3335
200826, 3336
200865, 3337
200889, 3338
200933, 3339
200957, 3340
200999, 3341
201026, 3342
201102, 3343
201135, 3344
201174, 3345
201198, 3346
201251, 3347
201276, 3348
201304, 3349
201355, 3350
201386, 3351
201417, 3352
201452, 3353
201481, 3354
201510, 3355
201567, 3356
201593, 3357
201620, 3358
201649, 3359
201701, 3360
201725, 3361
201750, 3362
201804, 3363
201832, 3364
201859, 3365
201887, 3366
201927, 3367
201953, 3368
202009, 3369
202034, 3370
202072, 3371
202100, 3372
202136, 3373
202166, 3374
202203, 3375
202255, 3376
202297, 3377
202322, 3378
202357, 3379
202398, 3380
202420, 3381
202475, 3382
202502, 3383
202543, 3384
202568, 3385
202606, 3386
202645, 3387
202673, 3388
202704, 3389
202740, 3390
202796, 3391
202833, 3392
202870, 3393
202900, 3394
202959, 3395
202988, 3396
203034, 3397
203063, 3398
203091, 3399
203118, 3400
203143, 3401
203193, 3402
203229, 3403
203259, 3404
203283, 3405
203310, 3406
203364, 3407
203391, 3408
203432, 3409
203460, 3410
203488, 3411
203531, 3412
203557, 3413
203595, 3414
203663, 3415
203684, 3416
203729, 3417
203754, 3418
203797, 3419
203825, 3420
203863, 3421
203893, 3422
203941, 3423
203996, 3424
204036, 3425
204074, 3426
204112, 3427
204160, 3428
204189, 3429
204215, 3430
204244, 3431
204286, 3432
204313, 3433
204349, 3434
204405, 3435
204434, 3436
204472, 3437
204501, 3438
204528, 3439
204571, 3440
204628, 3441
204655, 3442
204693, 3443
204721, 3444
204771, 3445
204799, 3446
204869, 3447
204892, 3448
204919, 3449
204972, 3450
204994, 3451
205039, 3452
205064, 3453
205121, 3454
205146, 3455
205172, 3456
205198, 3457
205239, 3458
205274, 3459
205300, 3460
205330, 3461
205384, 3462
205413, 3463
205441, 3464
205483, 3465
205517, 3466
205560, 3467
205612, 3468
205649, 3469
205674, 3470
205716, 3471
205757, 3472
205782, 3473
205835, 3474
205862, 3475
205889, 3476
205926, 3477
205967, 3478
206009, 3479
206054, 3480
206082, 3481
206110, 3482
206150, 3483
206178, 3484
206230, 3485
206302, 3486
206324, 3487
206350, 3488
206378, 3489
206430, 3490
206457, 3491
206483, 3492
206540, 3493
206563, 3494
206603, 3495
206629, 3496
206665, 3497
206693, 3498
206723, 3499
206785, 3500
206825, 3501
206848, 3502
206875, 3503
206900, 3504
206945, 3505
206980, 3506
207025, 3507
207050, 3508
207079, 3509
207131, 3510
207180, 3511
207209, 3512
207246, 3513
207273, 3514
207304, 3515
207329, 3516
207393, 3517
207420, 3518
207457, 3519
207486, 3520
207513, 3521
207557, 3522
207622, 3523
207648, 3524
207677, 3525
207728, 3526
207751, 3527
207795, 3528
207836, 3529
207865, 3530
207903, 3531
207932, 3532
207968, 3533
207996, 3534
208048, 3535
208071, 3536
208099, 3537
208138, 3538
208167, 3539
208195, 3540
208245, 3541
208272, 3542
208302, 3543
208343, 3544
208378, 3545
208434, 3546
208467, 3547
208490, 3548
208545, 3549
208572, 3550
208596, 3551
208666, 3552
208707, 3553
208747, 3554
208778, 3555
208806, 3556
208849, 3557
208872, 3558
208923, 3559
208949, 3560
208988, 3561
209026, 3562
209048, 3563
209089, 3564
209116, 3565
209163, 3566
209194, 3567
209253, 3568
209288, 3569
209310, 3570
209353, 3571
209388, 3572
209413, 3573
209458, 3574
209491, 3575
209520, 3576
209547, 3577
209587, 3578
209618, 3579
209663, 3580
209688, 3581
209730, 3582
209755, 3583
209796, 3584
209861, 3585
209885, 3586
209924, 3587
209963, 3588
209991, 3589
210044, 3590
210072, 3591
210100, 3592
210138, 3593
210178, 3594
210207, 3595
210255, 3596
210283, 3597
210322, 3598
210351, 3599
210389, 3600
210442, 3601
210465, 3602
210497, 3603
210530, 3604
210560, 3605
210602, 3606
210642, 3607
210669, 3608
210712, 3609
210737, 3610
210774, 3611
210816, 3612
210881, 3613
210909, 3614
210953, 3615
210978, 3616
211014, 3617
211053, 3618
211091, 3619
211117, 3620
211160, 3621
211188, 3622
211215, 3623
211259, 3624
211310, 3625
211339, 3626
211366, 3627
211395, 3628
211424, 3629
211478, 3630
211507, 3631
211533, 3632
211562, 3633
211612, 3634
211685, 3635
211713, 3636
211746, 3637
211768, 3638
211819, 3639
211843, 3640
211876, 3641
211939, 3642
211975, 3643
212004, 3644
212040, 3645
212080, 3646
212108, 3647
212270, 3648
212303, 3649
212331, 3650
212381, 3651
212412, 3652
212453, 3653
212479, 3654
212506, 3655
212535, 3656
212600, 3657
212627, 3658
212652, 3659
212679, 3660
212718, 3661
212759, 3662
212786, 3663
212828, 3664
212856, 3665
212884, 3666
212961, 3667
212993, 3668
213019, 3669
213042, 3670
213098, 3671
213122, 3672
213156, 3673
213183, 3674
213222, 3675
213262, 3676
213289, 3677
213334, 3678
213362, 3679
213397, 3680
213441, 3681
213469, 3682
213505, 3683
213531, 3684
213570, 3685
213611, 3686
213640, 3687
213668, 3688
213704, 3689
213729, 3690
213770, 3691
213809, 3692
213835, 3693
213876, 3694
213903, 3695
213930, 3696
213969, 3697
214000, 3698
214065, 3699
214104, 3700
214129, 3701
214180, 3702
214233, 3703
214262, 3704
214289, 3705
214319, 3706
214358, 3707
214380, 3708
214409, 3709
214461, 3710
214487, 3711
214531, 3712
214558, 3713
214583, 3714
214627, 3715
214655, 3716
214694, 3717
214723, 3718
214778, 3719
214797, 3720
214838, 3721
214867, 3722
214894, 3723
214947, 3724
214974, 3725
215012, 3726
215039, 3727
215080, 3728
215145, 3729
215166, 3730
215210, 3731
215246, 3732
215274, 3733
215323, 3734
215365, 3735
215393, 3736
215422, 3737
215469, 3738
215500, 3739
215538, 3740
215593, 3741
215627, 3742
215653, 3743
215682, 3744
215712, 3745
215760, 3746
215787, 3747
215838, 3748
215865, 3749
215891, 3750
215965, 3751
215988, 3752
216015, 3753
216061, 3754
216101, 3755
216128, 3756
216156, 3757
216200, 3758
216250, 3759
216274, 3760
216298, 3761
216339, 3762
216379, 3763
216419, 3764
216446, 3765
216469, 3766
216511, 3767
216563, 3768
216588, 3769
216618, 3770
216644, 3771
216699, 3772
216743, 3773
216766, 3774
216809, 3775
216852, 3776
216878, 3777
216905, 3778
216940, 3779
216998, 3780
217022, 3781
217050, 3782
217076, 3783
217140, 3784
217163, 3785
217189, 3786
217217, 3787
217292, 3788
217320, 3789
217346, 3790
217372, 3791
217413, 3792
217454, 3793
217481, 3794
217519, 3795
217558, 3796
217602, 3797
217629, 3798
217656, 3799
217695, 3800
217720, 3801
217781, 3802
217808, 3803
217843, 3804
217878, 3805
217919, 3806
217955, 3807
217982, 3808
218070, 3809
218096, 3810
218122, 3811
218166, 3812
218206, 3813
218231, 3814
218259, 3815
218304, 3816
218352, 3817
218380, 3818
218407, 3819
218473, 3820
218499, 3821
218535, 3822
218560, 3823
218601, 3824
218636, 3825
218664, 3826
218691, 3827
218733, 3828
218794, 3829
218816, 3830
218869, 3831
218960, 3832
218997, 3833
219024, 3834
219065, 3835
219104, 3836
219128, 3837
219169, 3838
219206, 3839
219233, 3840
219270, 3841
219298, 3842
219338, 3843
219365, 3844
219417, 3845
219443, 3846
219471, 3847
219499, 3848
219560, 3849
219616, 3850
219652, 3851
219707, 3852
219736, 3853
219764, 3854
219818, 3855
219840, 3856
219892, 3857
219930, 3858
219947, 3859
219984, 3860
220015, 3861
220054, 3862
220121, 3863
220165, 3864
220192, 3865
220252, 3866
220287, 3867
220323, 3868
220349, 3869
220401, 3870
220421, 3871
220461, 3872
220507, 3873
220543, 3874
220569, 3875
220620, 3876
220646, 3877
220670, 3878
220712, 3879
220783, 3880
220809, 3881
220837, 3882
220892, 3883
220938, 3884
220970, 3885
221018, 3886
221050, 3887
221075, 3888
221116, 3889
221153, 3890
221193, 3891
221219, 3892
221266, 3893
221297, 3894
221336, 3895
221363, 3896
221404, 3897
221462, 3898
221487, 3899
221529, 3900
221574, 3901
221612, 3902
221641, 3903
221669, 3904
221718, 3905
221748, 3906
221796, 3907
221840, 3908
221862, 3909
221888, 3910
221933, 3911
221965, 3912
222011, 3913
222043, 3914
222124, 3915
222143, 3916
222184, 3917
222228, 3918
222261, 3919
222289, 3920
222331, 3921
222368, 3922
222394, 3923
222441, 3924
222497, 3925
222522, 3926
222550, 3927
222624, 3928
222652, 3929
222690, 3930
222726, 3931
222747, 3932
222782, 3933
222820, 3934
222858, 3935
222887, 3936
222924, 3937
222967, 3938
222994, 3939
223031, 3940
223074, 3941
223100, 3942
223125, 3943
223221, 3944
223248, 3945
223273, 3946
223309, 3947
223338, 3948
223365, 3949
223432, 3950
223458, 3951
223499, 3952
223525, 3953
223562, 3954
223622, 3955
223651, 3956
223679, 3957
223774, 3958
223809, 3959
223850, 3960
223874, 3961
223902, 3962
223950, 3963
223974, 3964
224013, 3965
224150, 3966
224173, 3967
224236, 3968
224254, 3969
224293, 3970
224339, 3971
224367, 3972
224392, 3973
224424, 3974
224460, 3975
224498, 3976
224540, 3977
224570, 3978
224609, 3979
224651, 3980
224699, 3981
224727, 3982
224815, 3983
224845, 3984
224884, 3985
224929, 3986
224968, 3987
224995, 3988
225058, 3989
225089, 3990
225141, 3991
225166, 3992
225193, 3993
225272, 3994
225298, 3995
225338, 3996
225382, 3997
225413, 3998
225439, 3999
225481, 4000
225508, 4001
225544, 4002
225570, 4003
225609, 4004
225652, 4005
225694, 4006
225719, 4007
225747, 4008
225833, 4009
225857, 4010
225884, 4011
225953, 4012
225979, 4013
226037, 4014
226065, 4015
226094, 4016
226142, 4017
226178, 4018
226248, 4019
226274, 4020
226305, 4021
226356, 4022
226386, 4023
226432, 4024
226467, 4025
226505, 4026
226528, 4027
226572, 4028
226654, 4029
226679, 4030
226731, 4031
226753, 4032
226780, 4033
226857, 4034
226884, 4035
226912, 4036
226967, 4037
226994, 4038
227047, 4039
227072, 4040
227098, 4041
227164, 4042
227189, 4043
227244, 4044
227271, 4045
227310, 4046
227346, 4047
227371, 4048
227412, 4049
227462, 4050
227491, 4051
227555, 4052
227582, 4053
227635, 4054
227658, 4055
227698, 4056
227753, 4057
227779, 4058
227821, 4059
227850, 4060
227930, 4061
227957, 4062
228010, 4063
228043, 4064
228081, 4065
228125, 4066
228158, 4067
228197, 4068
228238, 4069
228314, 4070
228342, 4071
228386, 4072
228410, 4073
228533, 4074
228559, 4075
228587, 4076
228632, 4077
228659, 4078
228712, 4079
228736, 4080
228825, 4081
228854, 4082
228897, 4083
228935, 4084
228981, 4085
229018, 4086
229062, 4087
229087, 4088
229138, 4089
229192, 4090
229239, 4091
229271, 4092
229321, 4093
229361, 4094
229413, 4095
229441, 4096
229479, 4097
229535, 4098
229571, 4099
229596, 4100
229627, 4101
229666, 4102
229690, 4103
229756, 4104
229792, 4105
229826, 4106
229868, 4107
229896, 4108
229924, 4109
229965, 4110
230008, 4111
230064, 4112
230093, 4113
230139, 4114
230175, 4115
230248, 4116
230281, 4117
230320, 4118
230346, 4119
230401, 4120
230426, 4121
230487, 4122
230520, 4123
230562, 4124
230615, 4125
230641, 4126
230699, 4127
230729, 4128
230793, 4129
230818, 4130
230868, 4131
230893, 4132
230919, 4133
230959, 4134
230997, 4135
231024, 4136
231066, 4137
231093, 4138
231172, 4139
231199, 4140
231246, 4141
231273, 4142
231302, 4143
231338, 4144
231363, 4145
231419, 4146
231473, 4147
231543, 4148
231573, 4149
231614, 4150
231640, 4151
231692, 4152
231723, 4153
231773, 4154
231844, 4155
231884, 4156
231923, 4157
231960, 4158
231993, 4159
232028, 4160
232099, 4161
232122, 4162
232185, 4163
232233, 4164
232257, 4165
232365, 4166
232424, 4167
232466, 4168
232492, 4169
232533, 4170
232557, 4171
232614, 4172
232639, 4173
232681, 4174
232708, 4175
232751, 4176
232782, 4177
232831, 4178
232892, 4179
232921, 4180
232974, 4181
233014, 4182
233053, 4183
233076, 4184
233164, 4185
233192, 4186
233234, 4187
233275, 4188
233324, 4189
233353, 4190
233433, 4191
233460, 4192
233513, 4193
233567, 4194
233639, 4195
233661, 4196
233695, 4197
233720, 4198
233772, 4199
233815, 4200
233854, 4201
233920, 4202
233944, 4203
233985, 4204
234007, 4205
234051, 4206
234078, 4207
234115, 4208
234197, 4209
234248, 4210
234297, 4211
234344, 4212
234431, 4213
234475, 4214
234532, 4215
234563, 4216
234611, 4217
234654, 4218
234694, 4219
234770, 4220
234796, 4221
234861, 4222
234919, 4223
235022, 4224
235046, 4225
235082, 4226
235105, 4227
235135, 4228
235169, 4229
235206, 4230
235235, 4231
235275, 4232
235330, 4233
235388, 4234
235443, 4235
235488, 4236
235559, 4237
235629, 4238
235680, 4239
235720, 4240
235745, 4241
235837, 4242
235879, 4243
235914, 4244
235976, 4245
236040, 4246
236098, 4247
236154, 4248
236207, 4249
236282, 4250
236324, 4251
236371, 4252
236401, 4253
236435, 4254
236464, 4255
236501, 4256
236547, 4257
236597, 4258
236681, 4259
236739, 4260
236797, 4261
236880, 4262
236928, 4263
236974, 4264
237030, 4265
237104, 4266
237136, 4267
237180, 4268
237244, 4269
237328, 4270
237380, 4271
237432, 4272
237496, 4273
237560, 4274
237657, 4275
237705, 4276
237744, 4277
237787, 4278
237825, 4279
237850, 4280
237932, 4281
237978, 4282
238064, 4283
238093, 4284
238143, 4285
238233, 4286
238273, 4287
238318, 4288
238409, 4289
238463, 4290
238501, 4291
238556, 4292
238613, 4293
238645, 4294
238727, 4295
238770, 4296
238813, 4297
238860, 4298
238950, 4299
239017, 4300
239171, 4301
239214, 4302
239259, 4303
239347, 4304
239399, 4305
239448, 4306
239498, 4307
239603, 4308
239661, 4309
239739, 4310
239798, 4311
239901, 4312
239929, 4313
240002, 4314
240052, 4315
240120, 4316
240171, 4317
240212, 4318
240285, 4319
