86555, 1
86589, 2
86615, 3
86658, 4
86683, 5
86725, 6
86751, 7
86782, 8
86821, 9
86858, 10
86887, 11
86916, 12
86957, 13
86985, 14
87027, 15
87043, 16
87084, 17
87126, 18
87140, 19
87182, 20
87224, 21
87251, 22
87292, 23
87321, 24
87349, 25
87389, 26
87418, 27
87448, 28
87487, 29
87515, 30
87557, 31
87573, 32
87627, 33
87641, 34
87682, 35
87725, 36
87752, 37
87782, 38
87821, 39
87851, 40
87895, 41
87918, 42
87960, 43
87975, 44
88029, 45
88046, 46
88085, 47
88111, 48
88156, 49
88182, 50
88224, 51
88252, 52
88294, 53
88379, 54
88420, 55
88447, 56
88488, 57
88503, 58
88545, 59
88586, 60
88613, 61
88655, 62
88669, 63
88712, 64
88753, 65
88768, 66
88822, 67
88837, 68
88891, 69
88907, 70
88948, 71
88989, 72
89017, 73
89044, 74
89087, 75
89102, 76
89155, 77
89170, 78
89212, 79
89237, 80
89279, 81
89321, 82
89337, 83
89378, 84
89420, 85
89447, 86
89488, 87
89506, 88
89547, 89
89586, 90
89604, 91
89657, 92
89672, 93
89713, 94
89742, 95
89782, 96
89811, 97
89840, 98
89880, 99
89923, 100
89952, 101
89980, 102
90010, 103
90049, 104
90078, 105
90120, 106
90147, 107
90187, 108
90216, 109
90246, 110
90286, 111
90314, 112
90370, 113
90385, 114
90425, 115
90466, 116
90481, 117
90522, 118
90564, 119
90579, 120
90621, 121
90662, 122
90690, 123
90732, 124
90747, 125
90787, 126
90828, 127
90858, 128
90898, 129
90913, 130
90954, 131
90996, 132
91011, 133
91066, 134
91081, 135
91122, 136
91161, 137
91191, 138
91218, 139
91261, 140
91290, 141
91318, 142
91360, 143
91389, 144
91428, 145
91457, 146
91483, 147
91525, 148
91566, 149
91582, 150
91635, 151
91650, 152
91692, 153
91719, 154
91762, 155
91790, 156
91818, 157
91859, 158
91888, 159
91930, 160
91978, 161
91996, 162
92039, 163
92068, 164
92096, 165
92136, 166
92165, 167
92205, 168
92237, 169
92275, 170
92291, 171
92344, 172
92360, 173
92401, 174
92431, 175
92471, 176
92511, 177
92527, 178
92567, 179
92610, 180
92625, 181
92668, 182
92706, 183
92733, 184
92775, 185
92790, 186
92832, 187
92875, 188
92903, 189
92944, 190
92959, 191
93003, 192
93041, 193
93070, 194
93097, 195
93138, 196
93156, 197
93208, 198
93223, 199
93264, 200
93305, 201
93335, 202
93364, 203
93404, 204
93444, 205
93459, 206
93500, 207
93542, 208
93571, 209
93641, 210
93656, 211
93684, 212
93724, 213
93752, 214
93780, 215
93821, 216
93850, 217
93891, 218
93919, 219
93961, 220
93976, 221
94030, 222
94058, 223
94073, 224
94127, 225
94142, 226
94197, 227
94212, 228
94254, 229
94282, 230
94324, 231
94352, 232
94380, 233
94424, 234
94460, 235
94475, 236
94517, 237
94558, 238
94573, 239
94627, 240
94643, 241
94686, 242
94726, 243
94742, 244
94795, 245
94810, 246
94853, 247
94893, 248
94908, 249
94964, 250
94992, 251
95018, 252
95060, 253
95075, 254
95116, 255
95157, 256
95200, 257
95240, 258
95270, 259
95310, 260
95337, 261
95366, 262
95408, 263
95449, 264
95464, 265
95506, 266
95535, 267
95574, 268
95604, 269
95644, 270
95673, 271
95713, 272
95729, 273
95783, 274
95797, 275
95839, 276
95865, 277
95906, 278
95936, 279
95978, 280
95992, 281
96034, 282
96074, 283
96102, 284
96132, 285
96172, 286
96200, 287
96242, 288
96269, 289
96310, 290
96326, 291
96369, 292
96409, 293
96425, 294
96478, 295
96492, 296
96535, 297
96576, 298
96605, 299
96633, 300
96675, 301
96704, 302
96745, 303
96759, 304
96815, 305
96842, 306
96870, 307
96925, 308
96940, 309
96982, 310
96996, 311
97038, 312
97080, 313
97094, 314
97137, 315
97177, 316
97207, 317
97246, 318
97262, 319
97301, 320
97344, 321
97372, 322
97413, 323
97427, 324
97483, 325
97498, 326
97539, 327
97566, 328
97607, 329
97638, 330
97678, 331
97705, 332
97747, 333
97763, 334
97816, 335
97832, 336
97872, 337
97900, 338
97943, 339
97971, 340
98013, 341
98028, 342
98072, 343
98109, 344
98139, 345
98181, 346
98196, 347
98236, 348
98277, 349
98292, 350
98335, 351
98377, 352
98401, 353
98444, 354
98460, 355
98513, 356
98528, 357
98568, 358
98610, 359
98639, 360
98696, 361
98778, 362
98802, 363
98843, 364
98859, 365
98915, 366
98931, 367
98970, 368
99010, 369
99026, 370
99070, 371
99108, 372
99125, 373
99167, 374
99206, 375
99247, 376
99263, 377
99305, 378
99348, 379
99362, 380
99416, 381
99432, 382
99472, 383
99501, 384
99543, 385
99571, 386
99599, 387
99642, 388
99669, 389
99711, 390
99725, 391
99781, 392
99794, 393
99836, 394
99866, 395
99904, 396
99945, 397
99963, 398
100001, 399
100029, 400
100071, 401
100111, 402
100126, 403
100168, 404
100210, 405
100237, 406
100280, 407
100294, 408
100336, 409
100377, 410
100393, 411
100447, 412
100473, 413
100517, 414
100532, 415
100588, 416
100631, 417
100646, 418
100685, 419
100726, 420
100753, 421
100780, 422
100823, 423
100851, 424
100892, 425
100920, 426
100949, 427
100991, 428
101018, 429
101059, 430
101075, 431
101115, 432
101157, 433
101185, 434
101215, 435
101254, 436
101284, 437
101324, 438
101356, 439
101393, 440
101420, 441
101449, 442
101491, 443
101506, 444
101561, 445
101576, 446
101616, 447
101658, 448
101686, 449
101728, 450
101744, 451
101784, 452
101824, 453
101856, 454
101883, 455
101921, 456
101951, 457
101992, 458
102020, 459
102063, 460
102078, 461
102120, 462
102148, 463
102188, 464
102217, 465
102258, 466
102273, 467
102314, 468
102356, 469
102384, 470
102413, 471
102454, 472
102482, 473
102522, 474
102551, 475
102593, 476
102607, 477
102650, 478
102688, 479
102717, 480
102759, 481
102787, 482
102816, 483
102857, 484
102882, 485
102924, 486
102940, 487
102994, 488
103009, 489
103063, 490
103092, 491
103133, 492
103161, 493
103203, 494
103232, 495
103273, 496
103287, 497
103328, 498
103370, 499
103398, 500
103428, 501
103470, 502
103495, 503
103537, 504
103565, 505
103596, 506
103635, 507
103662, 508
103704, 509
103732, 510
103760, 511
103802, 512
103831, 513
103862, 514
103898, 515
103941, 516
103956, 517
103997, 518
104039, 519
104055, 520
104096, 521
104136, 522
104164, 523
104206, 524
104235, 525
104260, 526
104301, 527
104331, 528
104372, 529
104388, 530
104429, 531
104471, 532
104499, 533
104528, 534
104568, 535
104597, 536
104637, 537
104666, 538
104708, 539
104723, 540
104763, 541
104804, 542
104834, 543
104863, 544
104904, 545
104932, 546
104974, 547
104988, 548
105030, 549
105072, 550
105085, 551
105140, 552
105154, 553
105197, 554
105238, 555
105276, 556
105297, 557
105336, 558
105368, 559
105406, 560
105420, 561
105461, 562
105504, 563
105522, 564
105558, 565
105597, 566
105639, 567
105653, 568
105695, 569
105736, 570
105763, 571
105805, 572
105835, 573
105863, 574
105903, 575
105931, 576
105959, 577
105999, 578
106029, 579
106068, 580
106084, 581
106139, 582
106154, 583
106196, 584
106237, 585
106253, 586
106295, 587
106335, 588
106376, 589
106393, 590
106432, 591
106464, 592
106501, 593
106518, 594
106560, 595
106602, 596
106629, 597
106671, 598
106687, 599
106738, 600
106755, 601
106795, 602
106836, 603
106850, 604
106907, 605
106923, 606
106961, 607
107004, 608
107031, 609
107072, 610
107089, 611
107129, 612
107160, 613
107199, 614
107253, 615
107270, 616
107299, 617
107339, 618
107379, 619
107395, 620
107435, 621
107477, 622
107506, 623
107533, 624
107575, 625
107617, 626
107632, 627
107674, 628
107703, 629
107741, 630
107770, 631
107799, 632
107838, 633
107881, 634
107895, 635
107937, 636
107979, 637
108007, 638
108035, 639
108077, 640
108106, 641
108136, 642
108176, 643
108204, 644
108245, 645
108274, 646
108303, 647
108341, 648
108371, 649
108400, 650
108438, 651
108466, 652
108507, 653
108538, 654
108577, 655
108605, 656
108635, 657
108673, 658
108705, 659
108743, 660
108772, 661
108801, 662
108842, 663
108872, 664
108912, 665
108942, 666
108970, 667
109012, 668
109025, 669
109069, 670
109108, 671
109138, 672
109177, 673
109208, 674
109249, 675
109275, 676
109300, 677
109342, 678
109370, 679
109414, 680
109439, 681
109485, 682
109540, 683
109564, 684
109581, 685
109636, 686
109664, 687
109690, 688
109721, 689
109746, 690
109786, 691
109829, 692
109858, 693
109885, 694
109926, 695
109956, 696
109985, 697
110024, 698
110064, 699
110093, 700
110123, 701
110160, 702
110202, 703
110220, 704
110260, 705
110301, 706
110319, 707
110371, 708
110387, 709
110428, 710
110469, 711
110497, 712
110514, 713
110569, 714
110598, 715
110622, 716
110664, 717
110692, 718
110735, 719
110762, 720
110790, 721
110832, 722
110858, 723
110899, 724
110917, 725
111012, 726
111041, 727
111082, 728
111122, 729
111151, 730
111178, 731
111222, 732
111248, 733
111279, 734
111318, 735
111347, 736
111373, 737
111415, 738
111443, 739
111483, 740
111512, 741
111555, 742
111582, 743
111608, 744
111652, 745
111669, 746
111721, 747
111736, 748
111794, 749
111820, 750
111849, 751
111875, 752
111916, 753
111946, 754
111987, 755
112015, 756
112056, 757
112085, 758
112114, 759
112141, 760
112183, 761
112211, 762
112253, 763
112280, 764
112320, 765
112378, 766
112407, 767
112434, 768
112473, 769
112513, 770
112540, 771
112569, 772
112612, 773
112641, 774
112668, 775
112695, 776
112751, 777
112780, 778
112808, 779
112835, 780
112875, 781
112906, 782
112947, 783
112976, 784
113018, 785
113046, 786
113071, 787
113113, 788
113141, 789
113182, 790
113198, 791
113241, 792
113282, 793
113298, 794
113338, 795
113380, 796
113410, 797
113452, 798
113479, 799
113504, 800
113547, 801
113573, 802
113605, 803
113642, 804
113672, 805
113712, 806
113730, 807
113783, 808
113800, 809
113840, 810
113906, 811
113938, 812
113964, 813
114006, 814
114034, 815
114062, 816
114104, 817
114131, 818
114159, 819
114201, 820
114240, 821
114259, 822
114311, 823
114341, 824
114367, 825
114397, 826
114435, 827
114464, 828
114491, 829
114533, 830
114562, 831
114605, 832
114633, 833
114663, 834
114707, 835
114732, 836
114758, 837
114800, 838
114828, 839
114868, 840
114895, 841
114934, 842
114967, 843
115003, 844
115029, 845
115081, 846
115113, 847
115174, 848
115213, 849
115245, 850
115275, 851
115310, 852
115340, 853
115371, 854
115410, 855
115441, 856
115467, 857
115508, 858
115550, 859
115579, 860
115608, 861
115643, 862
115673, 863
115715, 864
115744, 865
115777, 866
115804, 867
115853, 868
115885, 869
115915, 870
115940, 871
115981, 872
116024, 873
116053, 874
116094, 875
116125, 876
116162, 877
116245, 878
116277, 879
116316, 880
116344, 881
116371, 882
116413, 883
116443, 884
116469, 885
116511, 886
116540, 887
116578, 888
116607, 889
116636, 890
116690, 891
116722, 892
116765, 893
116802, 894
116830, 895
116857, 896
116887, 897
116924, 898
116966, 899
116994, 900
117162, 901
117198, 902
117241, 903
117268, 904
117295, 905
117325, 906
117357, 907
117388, 908
117427, 909
117457, 910
117487, 911
117527, 912
117554, 913
117607, 914
117641, 915
117680, 916
117717, 917
117756, 918
117797, 919
117835, 920
117872, 921
117941, 922
117968, 923
118009, 924
118045, 925
118074, 926
118121, 927
118161, 928
118196, 929
118234, 930
118267, 931
118301, 932
118348, 933
118388, 934
118432, 935
118474, 936
118519, 937
118555, 938
118594, 939
118638, 940
118703, 941
118740, 942
118780, 943
118809, 944
118859, 945
118884, 946
118915, 947
118954, 948
118994, 949
119032, 950
119085, 951
119119, 952
119158, 953
119192, 954
119245, 955
119275, 956
119310, 957
119342, 958
119376, 959
119419, 960
119463, 961
119532, 962
119571, 963
119602, 964
119640, 965
119669, 966
119696, 967
119725, 968
119766, 969
119796, 970
119825, 971
119859, 972
119901, 973
119929, 974
119967, 975
120009, 976
120046, 977
120092, 978
120131, 979
120167, 980
120205, 981
120243, 982
120272, 983
120308, 984
120391, 985
120427, 986
120466, 987
120501, 988
120534, 989
120590, 990
120635, 991
120673, 992
120714, 993
120757, 994
120795, 995
120834, 996
120875, 997
120916, 998
120957, 999
120996, 1000
121069, 1001
121108, 1002
121152, 1003
121187, 1004
121216, 1005
121246, 1006
121285, 1007
121316, 1008
121371, 1009
121409, 1010
121450, 1011
121493, 1012
121533, 1013
121564, 1014
121609, 1015
121648, 1016
121686, 1017
121750, 1018
121790, 1019
121836, 1020
121876, 1021
121913, 1022
121956, 1023
121991, 1024
122039, 1025
122077, 1026
122117, 1027
122157, 1028
122198, 1029
122239, 1030
122293, 1031
122334, 1032
122392, 1033
122429, 1034
122462, 1035
122501, 1036
122540, 1037
122570, 1038
122611, 1039
122655, 1040
122695, 1041
122739, 1042
122786, 1043
122822, 1044
122861, 1045
122895, 1046
122933, 1047
122970, 1048
123003, 1049
123061, 1050
123094, 1051
123143, 1052
123186, 1053
123225, 1054
123265, 1055
123303, 1056
123342, 1057
123384, 1058
123420, 1059
123460, 1060
123502, 1061
123538, 1062
123582, 1063
123630, 1064
123668, 1065
123734, 1066
123776, 1067
123823, 1068
123863, 1069
123898, 1070
123933, 1071
123973, 1072
124010, 1073
124042, 1074
124079, 1075
124131, 1076
124172, 1077
124213, 1078
124260, 1079
124308, 1080
124353, 1081
124436, 1082
124476, 1083
124517, 1084
124558, 1085
124599, 1086
124641, 1087
124686, 1088
124729, 1089
124782, 1090
124825, 1091
124862, 1092
124904, 1093
124963, 1094
125005, 1095
125065, 1096
125106, 1097
125149, 1098
125202, 1099
125246, 1100
125286, 1101
125325, 1102
125360, 1103
125420, 1104
125470, 1105
125517, 1106
125557, 1107
125596, 1108
125641, 1109
125683, 1110
125755, 1111
125805, 1112
125845, 1113
125894, 1114
125941, 1115
125991, 1116
126037, 1117
126081, 1118
126116, 1119
126167, 1120
126211, 1121
126251, 1122
126290, 1123
126358, 1124
126464, 1125
126515, 1126
126575, 1127
126611, 1128
126669, 1129
126718, 1130
126772, 1131
126824, 1132
126864, 1133
126901, 1134
126947, 1135
127001, 1136
127043, 1137
127083, 1138
127148, 1139
127205, 1140
127266, 1141
127314, 1142
127369, 1143
127411, 1144
127479, 1145
127520, 1146
127568, 1147
127611, 1148
127654, 1149
127697, 1150
127767, 1151
127813, 1152
127866, 1153
127917, 1154
127965, 1155
128023, 1156
128075, 1157
128134, 1158
128178, 1159
128224, 1160
128274, 1161
128311, 1162
128379, 1163
128451, 1164
128488, 1165
128527, 1166
128579, 1167
128623, 1168
128669, 1169
128730, 1170
128782, 1171
128841, 1172
128886, 1173
128946, 1174
129009, 1175
129130, 1176
129190, 1177
129256, 1178
129324, 1179
129376, 1180
129423, 1181
129475, 1182
129537, 1183
129595, 1184
129645, 1185
129727, 1186
129781, 1187
129836, 1188
129894, 1189
129941, 1190
129995, 1191
130055, 1192
130110, 1193
130160, 1194
130209, 1195
130284, 1196
130336, 1197
130383, 1198
130443, 1199
130486, 1200
130529, 1201
130578, 1202
130625, 1203
130670, 1204
130729, 1205
130789, 1206
130860, 1207
130916, 1208
130963, 1209
131009, 1210
131061, 1211
131114, 1212
131167, 1213
131212, 1214
131264, 1215
131308, 1216
131380, 1217
131434, 1218
131488, 1219
131545, 1220
131611, 1221
131661, 1222
131713, 1223
131770, 1224
131837, 1225
131948, 1226
132001, 1227
132058, 1228
132115, 1229
132169, 1230
132220, 1231
132273, 1232
132319, 1233
132368, 1234
132432, 1235
132483, 1236
132547, 1237
132613, 1238
132675, 1239
132740, 1240
132810, 1241
132877, 1242
132960, 1243
133016, 1244
133067, 1245
133116, 1246
133168, 1247
133236, 1248
133291, 1249
133346, 1250
133398, 1251
133675, 1252
133745, 1253
133819, 1254
133876, 1255
133941, 1256
134003, 1257
134066, 1258
134123, 1259
134184, 1260
134263, 1261
134320, 1262
134377, 1263
134438, 1264
134502, 1265
134565, 1266
134623, 1267
134681, 1268
134788, 1269
134840, 1270
134900, 1271
134954, 1272
135004, 1273
135058, 1274
135114, 1275
135185, 1276
135232, 1277
135319, 1278
135380, 1279
135445, 1280
135500, 1281
135555, 1282
135610, 1283
135679, 1284
135745, 1285
135824, 1286
135890, 1287
135954, 1288
136013, 1289
136061, 1290
136115, 1291
136173, 1292
136231, 1293
136297, 1294
136348, 1295
136401, 1296
136455, 1297
136510, 1298
136566, 1299
136630, 1300
136685, 1301
136775, 1302
136829, 1303
136900, 1304
136950, 1305
136992, 1306
137037, 1307
137094, 1308
137136, 1309
137200, 1310
137305, 1311
137358, 1312
137417, 1313
137467, 1314
137520, 1315
137570, 1316
137612, 1317
137653, 1318
137700, 1319
137747, 1320
137825, 1321
137870, 1322
137911, 1323
137960, 1324
137995, 1325
138034, 1326
138078, 1327
138110, 1328
138153, 1329
138191, 1330
138249, 1331
138283, 1332
138317, 1333
138365, 1334
138419, 1335
138468, 1336
138508, 1337
138565, 1338
138625, 1339
138702, 1340
138759, 1341
138818, 1342
138876, 1343
138928, 1344
138982, 1345
139035, 1346
139096, 1347
139240, 1348
139301, 1349
139366, 1350
139425, 1351
139474, 1352
139532, 1353
139601, 1354
139659, 1355
139705, 1356
139808, 1357
139869, 1358
139925, 1359
139978, 1360
140036, 1361
140087, 1362
140137, 1363
140196, 1364
140289, 1365
140337, 1366
140387, 1367
140447, 1368
140508, 1369
140559, 1370
140612, 1371
140658, 1372
140711, 1373
140801, 1374
140854, 1375
140903, 1376
140964, 1377
141018, 1378
141059, 1379
141118, 1380
141182, 1381
141259, 1382
141304, 1383
141355, 1384
141410, 1385
141463, 1386
141511, 1387
141546, 1388
141599, 1389
141650, 1390
141712, 1391
141758, 1392
141814, 1393
141862, 1394
141910, 1395
141958, 1396
142016, 1397
142083, 1398
142139, 1399
142245, 1400
142295, 1401
142361, 1402
142412, 1403
142470, 1404
142519, 1405
142579, 1406
142659, 1407
142714, 1408
142766, 1409
142825, 1410
142893, 1411
142982, 1412
143035, 1413
143092, 1414
143147, 1415
143195, 1416
143250, 1417
143305, 1418
143352, 1419
143409, 1420
143471, 1421
143529, 1422
143580, 1423
143627, 1424
143673, 1425
143725, 1426
143769, 1427
143809, 1428
143870, 1429
143924, 1430
143990, 1431
144053, 1432
144109, 1433
144165, 1434
144234, 1435
144332, 1436
144380, 1437
144425, 1438
144481, 1439
144530, 1440
144575, 1441
144634, 1442
144731, 1443
144792, 1444
144846, 1445
144903, 1446
144959, 1447
145014, 1448
145075, 1449
145169, 1450
145230, 1451
145292, 1452
145354, 1453
145407, 1454
145454, 1455
145502, 1456
145587, 1457
145638, 1458
145692, 1459
145758, 1460
145822, 1461
145875, 1462
145949, 1463
146003, 1464
146071, 1465
146130, 1466
146189, 1467
146253, 1468
146316, 1469
146436, 1470
146494, 1471
146551, 1472
146599, 1473
146653, 1474
146706, 1475
146782, 1476
146836, 1477
146904, 1478
146970, 1479
147033, 1480
147084, 1481
147156, 1482
147216, 1483
147276, 1484
147330, 1485
147382, 1486
147446, 1487
147527, 1488
147582, 1489
147635, 1490
147678, 1491
147730, 1492
147776, 1493
147877, 1494
147927, 1495
147987, 1496
148029, 1497
148092, 1498
148148, 1499
148237, 1500
148301, 1501
148360, 1502
148424, 1503
148473, 1504
148530, 1505
148605, 1506
148653, 1507
148696, 1508
148755, 1509
148800, 1510
148850, 1511
148891, 1512
148949, 1513
148985, 1514
149024, 1515
149063, 1516
149105, 1517
149152, 1518
149199, 1519
149247, 1520
149351, 1521
149413, 1522
149470, 1523
149527, 1524
149579, 1525
149635, 1526
149826, 1527
149878, 1528
149924, 1529
149979, 1530
150020, 1531
150068, 1532
150118, 1533
150169, 1534
150244, 1535
150347, 1536
150403, 1537
150462, 1538
150513, 1539
150563, 1540
150613, 1541
150697, 1542
150747, 1543
150800, 1544
150846, 1545
150912, 1546
150964, 1547
151013, 1548
151067, 1549
151135, 1550
151195, 1551
151280, 1552
151353, 1553
151411, 1554
151477, 1555
151557, 1556
151626, 1557
151689, 1558
151745, 1559
151810, 1560
151898, 1561
151958, 1562
152019, 1563
152073, 1564
152123, 1565
152211, 1566
152279, 1567
152347, 1568
152409, 1569
152550, 1570
152599, 1571
152653, 1572
152705, 1573
152752, 1574
152802, 1575
152872, 1576
152916, 1577
152965, 1578
153009, 1579
153058, 1580
153103, 1581
153163, 1582
153211, 1583
153262, 1584
153330, 1585
153390, 1586
153446, 1587
153553, 1588
153602, 1589
153656, 1590
153710, 1591
153766, 1592
153850, 1593
153892, 1594
153948, 1595
153993, 1596
154031, 1597
154082, 1598
154119, 1599
154169, 1600
154227, 1601
154277, 1602
154365, 1603
154421, 1604
154480, 1605
154528, 1606
154577, 1607
154639, 1608
154699, 1609
154757, 1610
154815, 1611
154925, 1612
154988, 1613
155037, 1614
155089, 1615
155171, 1616
155225, 1617
155274, 1618
155327, 1619
155408, 1620
155467, 1621
155523, 1622
155568, 1623
155625, 1624
155692, 1625
155761, 1626
155826, 1627
155884, 1628
156015, 1629
156070, 1630
156130, 1631
156214, 1632
156270, 1633
156327, 1634
156393, 1635
156457, 1636
156504, 1637
156549, 1638
156599, 1639
156637, 1640
156675, 1641
156736, 1642
156781, 1643
156832, 1644
156886, 1645
156942, 1646
157057, 1647
157109, 1648
157154, 1649
157193, 1650
157247, 1651
157300, 1652
157339, 1653
157379, 1654
157424, 1655
157478, 1656
157544, 1657
157600, 1658
157651, 1659
157734, 1660
157794, 1661
157850, 1662
157903, 1663
157977, 1664
158025, 1665
158077, 1666
158128, 1667
158190, 1668
158310, 1669
158369, 1670
158428, 1671
158478, 1672
158537, 1673
158581, 1674
158630, 1675
158669, 1676
158713, 1677
158789, 1678
158847, 1679
158907, 1680
158983, 1681
159022, 1682
159083, 1683
159160, 1684
159208, 1685
159259, 1686
159309, 1687
159400, 1688
159465, 1689
159513, 1690
159560, 1691
159622, 1692
159665, 1693
159699, 1694
159751, 1695
159822, 1696
159866, 1697
159913, 1698
159960, 1699
160019, 1700
160058, 1701
160096, 1702
160134, 1703
160205, 1704
160270, 1705
160332, 1706
160448, 1707
160513, 1708
160572, 1709
160685, 1710
160728, 1711
160767, 1712
160807, 1713
160845, 1714
160903, 1715
160956, 1716
161004, 1717
161069, 1718
161128, 1719
161181, 1720
161233, 1721
161304, 1722
161347, 1723
161406, 1724
161462, 1725
161567, 1726
161619, 1727
161677, 1728
161788, 1729
161845, 1730
161909, 1731
162067, 1732
162109, 1733
162189, 1734
162231, 1735
162274, 1736
162324, 1737
162397, 1738
162475, 1739
162515, 1740
162553, 1741
162640, 1742
162687, 1743
162731, 1744
162797, 1745
162859, 1746
162926, 1747
162982, 1748
163037, 1749
163124, 1750
163179, 1751
163292, 1752
163350, 1753
163408, 1754
163470, 1755
163516, 1756
163566, 1757
163641, 1758
163698, 1759
163781, 1760
163837, 1761
163901, 1762
163976, 1763
164027, 1764
164135, 1765
164202, 1766
164302, 1767
164373, 1768
164448, 1769
164517, 1770
164589, 1771
164645, 1772
164713, 1773
164766, 1774
164840, 1775
164924, 1776
164982, 1777
165031, 1778
165125, 1779
165182, 1780
165267, 1781
165314, 1782
165406, 1783
165465, 1784
165542, 1785
165596, 1786
165702, 1787
165770, 1788
165817, 1789
165881, 1790
165931, 1791
166012, 1792
166080, 1793
166173, 1794
166219, 1795
166297, 1796
166350, 1797
166426, 1798
166478, 1799
166559, 1800
166612, 1801
166691, 1802
166743, 1803
166849, 1804
166941, 1805
167022, 1806
167071, 1807
167123, 1808
167225, 1809
167313, 1810
167369, 1811
167439, 1812
167483, 1813
167573, 1814
167604, 1815
167661, 1816
167718, 1817
167767, 1818
167829, 1819
167878, 1820
167962, 1821
168017, 1822
168094, 1823
168189, 1824
168245, 1825
168311, 1826
168386, 1827
168442, 1828
168514, 1829
168633, 1830
168720, 1831
168789, 1832
168833, 1833
168958, 1834
169005, 1835
169082, 1836
169136, 1837
169197, 1838
169260, 1839
169335, 1840
169450, 1841
169508, 1842
169586, 1843
169692, 1844
169758, 1845
169833, 1846
169893, 1847
169965, 1848
170058, 1849
170104, 1850
170189, 1851
170271, 1852
170487, 1853
170567, 1854
170680, 1855
170738, 1856
170807, 1857
170885, 1858
170930, 1859
171010, 1860
171099, 1861
171160, 1862
171236, 1863
171332, 1864
171418, 1865
171482, 1866
171550, 1867
171650, 1868
171716, 1869
171808, 1870
171928, 1871
171981, 1872
172050, 1873
172151, 1874
172304, 1875
172390, 1876
172525, 1877
172577, 1878
172653, 1879
172716, 1880
172814, 1881
172895, 1882
172961, 1883
173086, 1884
173158, 1885
173298, 1886
173367, 1887
173452, 1888
173586, 1889
173667, 1890
173831, 1891
173883, 1892
173958, 1893
174042, 1894
174143, 1895
174239, 1896
174371, 1897
174453, 1898
174533, 1899
174625, 1900
174726, 1901
174850, 1902
174933, 1903
175113, 1904
175176, 1905
175337, 1906
175439, 1907
175534, 1908
175627, 1909
175730, 1910
175812, 1911
175945, 1912
176009, 1913
176119, 1914
