85425, 1
85461, 2
85482, 3
85524, 4
85565, 5
85580, 6
85631, 7
85664, 8
85726, 9
85743, 10
85785, 11
85802, 12
85854, 13
85882, 14
85923, 15
85939, 16
85979, 17
86021, 18
86035, 19
86077, 20
86117, 21
86146, 22
86174, 23
86216, 24
86258, 25
86273, 26
86314, 27
86355, 28
86383, 29
86412, 30
86454, 31
86468, 32
86524, 33
86537, 34
86592, 35
86606, 36
86650, 37
86691, 38
86704, 39
86760, 40
86787, 41
86814, 42
86854, 43
86870, 44
86924, 45
86940, 46
86980, 47
87021, 48
87035, 49
87089, 50
87104, 51
87148, 52
87178, 53
87219, 54
87247, 55
87288, 56
87304, 57
87345, 58
87384, 59
87412, 60
87458, 61
87509, 62
87523, 63
87578, 64
87592, 65
87635, 66
87664, 67
87704, 68
87733, 69
87763, 70
87802, 71
87831, 72
87871, 73
87899, 74
87927, 75
87969, 76
87997, 77
88037, 78
88066, 79
88096, 80
88136, 81
88165, 82
88207, 83
88236, 84
88264, 85
88306, 86
88321, 87
88373, 88
88390, 89
88442, 90
88457, 91
88498, 92
88540, 93
88568, 94
88597, 95
88639, 96
88667, 97
88707, 98
88736, 99
88764, 100
88805, 101
88834, 102
88862, 103
88904, 104
88932, 105
88973, 106
89002, 107
89044, 108
89057, 109
89099, 110
89168, 111
89182, 112
89197, 113
89238, 114
89266, 115
89307, 116
89322, 117
89364, 118
89405, 119
89433, 120
89475, 121
89491, 122
89530, 123
89570, 124
89600, 125
89641, 126
89655, 127
89698, 128
89729, 129
89766, 130
89810, 131
89824, 132
89866, 133
89907, 134
89937, 135
89963, 136
90004, 137
90031, 138
90073, 139
90089, 140
90130, 141
90169, 142
90200, 143
90240, 144
90268, 145
90299, 146
90338, 147
90368, 148
90407, 149
90437, 150
90463, 151
90505, 152
90534, 153
90561, 154
90603, 155
90632, 156
90674, 157
90702, 158
90743, 159
90757, 160
90799, 161
90851, 162
90884, 163
90927, 164
90953, 165
90993, 166
91008, 167
91051, 168
91089, 169
91119, 170
91157, 171
91185, 172
91216, 173
91256, 174
91283, 175
91313, 176
91354, 177
91382, 178
91423, 179
91452, 180
91492, 181
91523, 182
91551, 183
91593, 184
91619, 185
91657, 186
91686, 187
91716, 188
91755, 189
91784, 190
91827, 191
91840, 192
91882, 193
91924, 194
91953, 195
91991, 196
92021, 197
92049, 198
92091, 199
92119, 200
92148, 201
92189, 202
92218, 203
92258, 204
92273, 205
92328, 206
92357, 207
92383, 208
92426, 209
92453, 210
92482, 211
92551, 212
92566, 213
92605, 214
92634, 215
92665, 216
92703, 217
92731, 218
92773, 219
92802, 220
92830, 221
92872, 222
92899, 223
92928, 224
92969, 225
92999, 226
93041, 227
93068, 228
93095, 229
93137, 230
93165, 231
93206, 232
93234, 233
93262, 234
93303, 235
93332, 236
93374, 237
93402, 238
93431, 239
93471, 240
93500, 241
93529, 242
93581, 243
93595, 244
93638, 245
93666, 246
93709, 247
93737, 248
93780, 249
93794, 250
93834, 251
93875, 252
93890, 253
93931, 254
93971, 255
93998, 256
94028, 257
94068, 258
94098, 259
94138, 260
94167, 261
94196, 262
94252, 263
94266, 264
94305, 265
94334, 266
94376, 267
94404, 268
94433, 269
94474, 270
94502, 271
94544, 272
94558, 273
94598, 274
94641, 275
94669, 276
94711, 277
94740, 278
94767, 279
94808, 280
94837, 281
94865, 282
94905, 283
94934, 284
94976, 285
95003, 286
95032, 287
95073, 288
95101, 289
95143, 290
95171, 291
95212, 292
95226, 293
95268, 294
95298, 295
95337, 296
95367, 297
95407, 298
95436, 299
95476, 300
95504, 301
95532, 302
95575, 303
95602, 304
95632, 305
95671, 306
95701, 307
95740, 308
95768, 309
95797, 310
95838, 311
95865, 312
95964, 313
95977, 314
95991, 315
96034, 316
96061, 317
96102, 318
96116, 319
96159, 320
96201, 321
96216, 322
96269, 323
96298, 324
96327, 325
96366, 326
96395, 327
96424, 328
96465, 329
96493, 330
96535, 331
96563, 332
96605, 333
96619, 334
96660, 335
96702, 336
96731, 337
96758, 338
96799, 339
96828, 340
96858, 341
96897, 342
96926, 343
96966, 344
96995, 345
97023, 346
97064, 347
97092, 348
97133, 349
97148, 350
97191, 351
97230, 352
97260, 353
97301, 354
97329, 355
97358, 356
97400, 357
97427, 358
97469, 359
97496, 360
97535, 361
97563, 362
97593, 363
97639, 364
97677, 365
97706, 366
97746, 367
97774, 368
97816, 369
97844, 370
97871, 371
97912, 372
97940, 373
97981, 374
98010, 375
98038, 376
98079, 377
98107, 378
98149, 379
98177, 380
98205, 381
98246, 382
98274, 383
98303, 384
98343, 385
98373, 386
98414, 387
98442, 388
98484, 389
98498, 390
98540, 391
98578, 392
98607, 393
98648, 394
98677, 395
98708, 396
98746, 397
98774, 398
98818, 399
98831, 400
98873, 401
98915, 402
98943, 403
98973, 404
99012, 405
99040, 406
99082, 407
99110, 408
99137, 409
99179, 410
99208, 411
99237, 412
99276, 413
99305, 414
99344, 415
99373, 416
99404, 417
99444, 418
99486, 419
99541, 420
99557, 421
99600, 422
99639, 423
99668, 424
99707, 425
99736, 426
99764, 427
99805, 428
99834, 429
99874, 430
99902, 431
99944, 432
99973, 433
100000, 434
100041, 435
100071, 436
100100, 437
100140, 438
100169, 439
100208, 440
100237, 441
100278, 442
100293, 443
100334, 444
100376, 445
100404, 446
100445, 447
100460, 448
100501, 449
100544, 450
100573, 451
100601, 452
100641, 453
100669, 454
100711, 455
100725, 456
100780, 457
100795, 458
100836, 459
100878, 460
100892, 461
100934, 462
100975, 463
101003, 464
101043, 465
101072, 466
101101, 467
101141, 468
101169, 469
101211, 470
101241, 471
101268, 472
101366, 473
101380, 474
101406, 475
101435, 476
101477, 477
101504, 478
101533, 479
101574, 480
101616, 481
101630, 482
101672, 483
101714, 484
101729, 485
101769, 486
101810, 487
101824, 488
101867, 489
101907, 490
101937, 491
101977, 492
102004, 493
102047, 494
102061, 495
102105, 496
102144, 497
102173, 498
102201, 499
102243, 500
102271, 501
102302, 502
102340, 503
102368, 504
102410, 505
102439, 506
102467, 507
102508, 508
102538, 509
102576, 510
102605, 511
102635, 512
102676, 513
102704, 514
102745, 515
102773, 516
102803, 517
102842, 518
102870, 519
102900, 520
102939, 521
102968, 522
103007, 523
103050, 524
103064, 525
103106, 526
103135, 527
103177, 528
103205, 529
103246, 530
103261, 531
103303, 532
103343, 533
103370, 534
103400, 535
103439, 536
103467, 537
103508, 538
103538, 539
103567, 540
103607, 541
103637, 542
103674, 543
103702, 544
103745, 545
103773, 546
103803, 547
103843, 548
103870, 549
103911, 550
103939, 551
103969, 552
104008, 553
104037, 554
104067, 555
104105, 556
104135, 557
104177, 558
104206, 559
104235, 560
104275, 561
104302, 562
104332, 563
104370, 564
104401, 565
104441, 566
104468, 567
104511, 568
104539, 569
104570, 570
104609, 571
104638, 572
104665, 573
104706, 574
104735, 575
104777, 576
104791, 577
104845, 578
104860, 579
104902, 580
104942, 581
104970, 582
105012, 583
105041, 584
105070, 585
105099, 586
105139, 587
105179, 588
105208, 589
105236, 590
105292, 591
105317, 592
105360, 593
105374, 594
105416, 595
105457, 596
105486, 597
105513, 598
105555, 599
105583, 600
105625, 601
105640, 602
105693, 603
105707, 604
105749, 605
105790, 606
105804, 607
105859, 608
105873, 609
105917, 610
105946, 611
105986, 612
106017, 613
106056, 614
106085, 615
106126, 616
106154, 617
106182, 618
106224, 619
106238, 620
106292, 621
106320, 622
106348, 623
106389, 624
106417, 625
106459, 626
106473, 627
106516, 628
106556, 629
106586, 630
106615, 631
106656, 632
106683, 633
106724, 634
106740, 635
106779, 636
106820, 637
106849, 638
106878, 639
106918, 640
106946, 641
106989, 642
107018, 643
107048, 644
107087, 645
107114, 646
107143, 647
107182, 648
107213, 649
107253, 650
107282, 651
107322, 652
107421, 653
107433, 654
107462, 655
107492, 656
107532, 657
107561, 658
107588, 659
107630, 660
107657, 661
107700, 662
107729, 663
107769, 664
107783, 665
107826, 666
107867, 667
107881, 668
107923, 669
107955, 670
107995, 671
108023, 672
108062, 673
108091, 674
108132, 675
108160, 676
108201, 677
108216, 678
108258, 679
108300, 680
108326, 681
108369, 682
108384, 683
108427, 684
108466, 685
108495, 686
108525, 687
108561, 688
108605, 689
108631, 690
108660, 691
108702, 692
108728, 693
108759, 694
108798, 695
108827, 696
108871, 697
108899, 698
108925, 699
108966, 700
109006, 701
109020, 702
109091, 703
109107, 704
109134, 705
109160, 706
109202, 707
109229, 708
109272, 709
109297, 710
109326, 711
109369, 712
109383, 713
109424, 714
109467, 715
109482, 716
109537, 717
109553, 718
109591, 719
109634, 720
109661, 721
109690, 722
109731, 723
109762, 724
109801, 725
109816, 726
109871, 727
109898, 728
109915, 729
109969, 730
109994, 731
110036, 732
110051, 733
110095, 734
110124, 735
110162, 736
110193, 737
110232, 738
110262, 739
110305, 740
110332, 741
110360, 742
110387, 743
110427, 744
110468, 745
110495, 746
110527, 747
110597, 748
110620, 749
110646, 750
110675, 751
110716, 752
110746, 753
110776, 754
110817, 755
110858, 756
110897, 757
110915, 758
110956, 759
110984, 760
111024, 761
111053, 762
111083, 763
111121, 764
111148, 765
111192, 766
111220, 767
111264, 768
111288, 769
111320, 770
111359, 771
111386, 772
111428, 773
111445, 774
111485, 775
111524, 776
111541, 777
111596, 778
111623, 779
111664, 780
111678, 781
111722, 782
111752, 783
111791, 784
111806, 785
111863, 786
111889, 787
111916, 788
111957, 789
111993, 790
112014, 791
112052, 792
112092, 793
112106, 794
112172, 795
112190, 796
112226, 797
112254, 798
112292, 799
112322, 800
112363, 801
112389, 802
112428, 803
112458, 804
112486, 805
112528, 806
112555, 807
112600, 808
112625, 809
112653, 810
112683, 811
112724, 812
112765, 813
112780, 814
112823, 815
112863, 816
112881, 817
112923, 818
112960, 819
112988, 820
113029, 821
113059, 822
113090, 823
113114, 824
113154, 825
113193, 826
113232, 827
113247, 828
113300, 829
113317, 830
113355, 831
113394, 832
113435, 833
113454, 834
113495, 835
113522, 836
113558, 837
113601, 838
113679, 839
113725, 840
113752, 841
113781, 842
113811, 843
113851, 844
113877, 845
113921, 846
113948, 847
113980, 848
114008, 849
114054, 850
114082, 851
114118, 852
114148, 853
114188, 854
114213, 855
114253, 856
114294, 857
114309, 858
114347, 859
114387, 860
114414, 861
114452, 862
114492, 863
114519, 864
114544, 865
114590, 866
114617, 867
114655, 868
114684, 869
114717, 870
114754, 871
114783, 872
114813, 873
114842, 874
114905, 875
114934, 876
114961, 877
114992, 878
115021, 879
115050, 880
115087, 881
115132, 882
115158, 883
115185, 884
115232, 885
115262, 886
115290, 887
115313, 888
115364, 889
115392, 890
115415, 891
115463, 892
115485, 893
115529, 894
115559, 895
115583, 896
115632, 897
115666, 898
115702, 899
115733, 900
115759, 901
115799, 902
115828, 903
115854, 904
115911, 905
115938, 906
115993, 907
116020, 908
116050, 909
116079, 910
116120, 911
116150, 912
116177, 913
116231, 914
116257, 915
116283, 916
116323, 917
116354, 918
116377, 919
116428, 920
116458, 921
116485, 922
116522, 923
116553, 924
116592, 925
116621, 926
116653, 927
116695, 928
116736, 929
116770, 930
116810, 931
116836, 932
116887, 933
116929, 934
116983, 935
117027, 936
117065, 937
117104, 938
117134, 939
117176, 940
117213, 941
117244, 942
117279, 943
117308, 944
117335, 945
117384, 946
117414, 947
117441, 948
117465, 949
117504, 950
117549, 951
117572, 952
117599, 953
117649, 954
117680, 955
117708, 956
117735, 957
117792, 958
117832, 959
117866, 960
117897, 961
117931, 962
117988, 963
118014, 964
118043, 965
118079, 966
118112, 967
118141, 968
118181, 969
118208, 970
118241, 971
118280, 972
118316, 973
118342, 974
118394, 975
118432, 976
118463, 977
118490, 978
118528, 979
118555, 980
118583, 981
118643, 982
118683, 983
118717, 984
118742, 985
118782, 986
118818, 987
118847, 988
118883, 989
118931, 990
119001, 991
119032, 992
119075, 993
119117, 994
119153, 995
119194, 996
119221, 997
119252, 998
119299, 999
119326, 1000
119356, 1001
119392, 1002
119422, 1003
119462, 1004
119499, 1005
119523, 1006
119582, 1007
119609, 1008
119643, 1009
119667, 1010
119709, 1011
119739, 1012
119786, 1013
119855, 1014
119888, 1015
119923, 1016
119952, 1017
119989, 1018
120017, 1019
120052, 1020
120089, 1021
120125, 1022
120151, 1023
120190, 1024
120232, 1025
120275, 1026
120309, 1027
120348, 1028
120383, 1029
120419, 1030
120472, 1031
120503, 1032
120536, 1033
120563, 1034
120623, 1035
120660, 1036
120686, 1037
120730, 1038
120758, 1039
120799, 1040
120839, 1041
120884, 1042
120918, 1043
120944, 1044
121012, 1045
121047, 1046
121084, 1047
121113, 1048
121151, 1049
121184, 1050
121219, 1051
121246, 1052
121281, 1053
121308, 1054
121347, 1055
121376, 1056
121440, 1057
121466, 1058
121508, 1059
121547, 1060
121582, 1061
121611, 1062
121662, 1063
121709, 1064
121744, 1065
121801, 1066
121838, 1067
121867, 1068
121908, 1069
121952, 1070
121985, 1071
122014, 1072
122054, 1073
122094, 1074
122134, 1075
122179, 1076
122213, 1077
122250, 1078
122319, 1079
122351, 1080
122387, 1081
122415, 1082
122450, 1083
122482, 1084
122509, 1085
122563, 1086
122599, 1087
122638, 1088
122675, 1089
122711, 1090
122756, 1091
122794, 1092
122835, 1093
122870, 1094
122902, 1095
122938, 1096
122976, 1097
123015, 1098
123089, 1099
123136, 1100
123184, 1101
123221, 1102
123263, 1103
123307, 1104
123361, 1105
123403, 1106
123444, 1107
123490, 1108
123528, 1109
123563, 1110
123603, 1111
123660, 1112
123704, 1113
123738, 1114
123783, 1115
123825, 1116
123924, 1117
123975, 1118
124010, 1119
124060, 1120
124099, 1121
124145, 1122
124187, 1123
124228, 1124
124261, 1125
124288, 1126
124327, 1127
124362, 1128
124421, 1129
124471, 1130
124523, 1131
124570, 1132
124614, 1133
124686, 1134
124727, 1135
124764, 1136
124805, 1137
124843, 1138
124886, 1139
124928, 1140
124968, 1141
125013, 1142
125050, 1143
125087, 1144
125128, 1145
125159, 1146
125205, 1147
125237, 1148
125267, 1149
125345, 1150
125374, 1151
125412, 1152
125438, 1153
125494, 1154
125535, 1155
125580, 1156
125620, 1157
125671, 1158
125701, 1159
125751, 1160
125789, 1161
125817, 1162
125869, 1163
125915, 1164
125951, 1165
125996, 1166
126038, 1167
126079, 1168
126137, 1169
126185, 1170
126237, 1171
126277, 1172
126316, 1173
126369, 1174
126411, 1175
126454, 1176
126493, 1177
126532, 1178
126579, 1179
126626, 1180
126669, 1181
126706, 1182
126757, 1183
126797, 1184
126837, 1185
126926, 1186
126966, 1187
127012, 1188
127046, 1189
127102, 1190
127139, 1191
127177, 1192
127218, 1193
127255, 1194
127295, 1195
127338, 1196
127377, 1197
127426, 1198
127472, 1199
127517, 1200
127554, 1201
127598, 1202
127656, 1203
127685, 1204
127729, 1205
127764, 1206
127812, 1207
127850, 1208
127895, 1209
127938, 1210
127985, 1211
128023, 1212
128063, 1213
128104, 1214
128147, 1215
128198, 1216
128251, 1217
128298, 1218
128338, 1219
128429, 1220
128482, 1221
128526, 1222
128565, 1223
128605, 1224
128647, 1225
128699, 1226
128750, 1227
128794, 1228
128836, 1229
128889, 1230
128934, 1231
128984, 1232
129029, 1233
129091, 1234
129138, 1235
129183, 1236
129233, 1237
129281, 1238
129328, 1239
129375, 1240
129417, 1241
129453, 1242
129492, 1243
129542, 1244
129592, 1245
129642, 1246
129686, 1247
129754, 1248
129808, 1249
129848, 1250
129890, 1251
129933, 1252
129979, 1253
130021, 1254
130071, 1255
130116, 1256
130153, 1257
130198, 1258
130246, 1259
130287, 1260
130359, 1261
130407, 1262
130453, 1263
130512, 1264
130555, 1265
130602, 1266
130649, 1267
130685, 1268
130724, 1269
130769, 1270
130812, 1271
130855, 1272
130904, 1273
130942, 1274
130984, 1275
131057, 1276
131101, 1277
131146, 1278
131182, 1279
131224, 1280
131273, 1281
131316, 1282
131367, 1283
131406, 1284
131452, 1285
131495, 1286
131539, 1287
131597, 1288
131636, 1289
131717, 1290
131760, 1291
131810, 1292
131857, 1293
131903, 1294
131937, 1295
131980, 1296
132031, 1297
132072, 1298
132110, 1299
132156, 1300
132194, 1301
132233, 1302
132275, 1303
132339, 1304
132382, 1305
132424, 1306
132475, 1307
132518, 1308
132550, 1309
132604, 1310
132657, 1311
132701, 1312
132748, 1313
132794, 1314
132833, 1315
132876, 1316
132960, 1317
132997, 1318
133027, 1319
133070, 1320
133108, 1321
133142, 1322
133174, 1323
133215, 1324
133242, 1325
133284, 1326
133314, 1327
133352, 1328
133383, 1329
133415, 1330
133451, 1331
133484, 1332
133515, 1333
133584, 1334
133633, 1335
133679, 1336
133716, 1337
133770, 1338
133813, 1339
133862, 1340
133908, 1341
133948, 1342
133988, 1343
134042, 1344
134083, 1345
134118, 1346
134153, 1347
134233, 1348
134279, 1349
134313, 1350
134354, 1351
134398, 1352
134444, 1353
134485, 1354
134531, 1355
134573, 1356
134611, 1357
134654, 1358
134697, 1359
134739, 1360
134776, 1361
134816, 1362
134854, 1363
134948, 1364
134993, 1365
135035, 1366
135083, 1367
135132, 1368
135180, 1369
135220, 1370
135261, 1371
135303, 1372
135341, 1373
135381, 1374
135418, 1375
135460, 1376
135507, 1377
135581, 1378
135618, 1379
135669, 1380
135700, 1381
135746, 1382
135781, 1383
135812, 1384
135852, 1385
135900, 1386
135944, 1387
135983, 1388
136031, 1389
136077, 1390
136153, 1391
136191, 1392
136232, 1393
136277, 1394
136311, 1395
136348, 1396
136399, 1397
136445, 1398
136486, 1399
136527, 1400
136565, 1401
136605, 1402
136647, 1403
136694, 1404
136759, 1405
136808, 1406
136856, 1407
136903, 1408
136952, 1409
136998, 1410
137042, 1411
137078, 1412
137129, 1413
137177, 1414
137216, 1415
137258, 1416
137335, 1417
137383, 1418
137422, 1419
137464, 1420
137505, 1421
137558, 1422
137593, 1423
137635, 1424
137676, 1425
137737, 1426
137800, 1427
137844, 1428
137890, 1429
137977, 1430
138018, 1431
138057, 1432
138105, 1433
138161, 1434
138208, 1435
138246, 1436
138296, 1437
138335, 1438
138372, 1439
138412, 1440
138454, 1441
138519, 1442
138571, 1443
138619, 1444
138668, 1445
138704, 1446
138742, 1447
138782, 1448
138826, 1449
138886, 1450
138932, 1451
138974, 1452
139044, 1453
139087, 1454
139141, 1455
139192, 1456
139237, 1457
139283, 1458
139324, 1459
139375, 1460
139412, 1461
139455, 1462
139498, 1463
139541, 1464
139619, 1465
139659, 1466
139710, 1467
139755, 1468
139801, 1469
139850, 1470
139890, 1471
139937, 1472
139977, 1473
140019, 1474
140060, 1475
140099, 1476
140155, 1477
140232, 1478
140277, 1479
140318, 1480
140358, 1481
140400, 1482
140440, 1483
140493, 1484
140535, 1485
140579, 1486
140625, 1487
140664, 1488
140761, 1489
140805, 1490
140843, 1491
140884, 1492
140935, 1493
140979, 1494
141025, 1495
141079, 1496
141119, 1497
141178, 1498
141223, 1499
141291, 1500
141332, 1501
141372, 1502
141418, 1503
141467, 1504
141507, 1505
141548, 1506
141592, 1507
141634, 1508
141678, 1509
141714, 1510
141764, 1511
141833, 1512
141873, 1513
141915, 1514
141965, 1515
142022, 1516
142069, 1517
142114, 1518
142154, 1519
142198, 1520
142240, 1521
142281, 1522
142360, 1523
142405, 1524
142449, 1525
142492, 1526
142536, 1527
142580, 1528
142621, 1529
142669, 1530
142709, 1531
142752, 1532
142796, 1533
142860, 1534
142910, 1535
142945, 1536
142985, 1537
143030, 1538
143069, 1539
143118, 1540
143168, 1541
143215, 1542
143257, 1543
143303, 1544
143375, 1545
143449, 1546
143487, 1547
143526, 1548
143570, 1549
143610, 1550
143651, 1551
143690, 1552
143729, 1553
143781, 1554
143828, 1555
143897, 1556
143943, 1557
143997, 1558
144036, 1559
144079, 1560
144124, 1561
144161, 1562
144204, 1563
144240, 1564
144281, 1565
144323, 1566
144391, 1567
144427, 1568
144472, 1569
144520, 1570
144566, 1571
144606, 1572
144643, 1573
144694, 1574
144735, 1575
144778, 1576
144832, 1577
144884, 1578
144958, 1579
145000, 1580
145035, 1581
145068, 1582
145101, 1583
145139, 1584
145182, 1585
145224, 1586
145276, 1587
145326, 1588
145380, 1589
145421, 1590
145489, 1591
145537, 1592
145590, 1593
145628, 1594
145670, 1595
145712, 1596
145758, 1597
145797, 1598
145835, 1599
145877, 1600
145919, 1601
146017, 1602
146064, 1603
146104, 1604
146150, 1605
146193, 1606
146240, 1607
146275, 1608
146319, 1609
146365, 1610
146410, 1611
146455, 1612
146516, 1613
146565, 1614
146609, 1615
146649, 1616
146694, 1617
146743, 1618
146788, 1619
146830, 1620
146881, 1621
146929, 1622
147000, 1623
147042, 1624
147080, 1625
147122, 1626
147166, 1627
147203, 1628
147246, 1629
147292, 1630
147338, 1631
147383, 1632
147452, 1633
147496, 1634
147554, 1635
147604, 1636
147653, 1637
147700, 1638
147748, 1639
147788, 1640
147824, 1641
147867, 1642
147910, 1643
147993, 1644
148039, 1645
148078, 1646
148117, 1647
148170, 1648
148208, 1649
148244, 1650
148288, 1651
148326, 1652
148369, 1653
148470, 1654
148511, 1655
148553, 1656
148596, 1657
148640, 1658
148682, 1659
148727, 1660
148767, 1661
148816, 1662
148855, 1663
148922, 1664
148953, 1665
148994, 1666
149037, 1667
149074, 1668
149119, 1669
149158, 1670
149198, 1671
149248, 1672
149291, 1673
149340, 1674
149413, 1675
149462, 1676
149508, 1677
149552, 1678
149600, 1679
149641, 1680
149682, 1681
149727, 1682
149768, 1683
149816, 1684
149887, 1685
149936, 1686
149978, 1687
150016, 1688
150052, 1689
150088, 1690
150128, 1691
150172, 1692
150217, 1693
150247, 1694
150325, 1695
150369, 1696
150412, 1697
150460, 1698
150503, 1699
150554, 1700
150596, 1701
150647, 1702
150691, 1703
150738, 1704
150844, 1705
150892, 1706
150937, 1707
150980, 1708
151023, 1709
151067, 1710
151112, 1711
151158, 1712
151201, 1713
151241, 1714
151319, 1715
151371, 1716
151413, 1717
151452, 1718
151494, 1719
151531, 1720
151580, 1721
151619, 1722
151663, 1723
151728, 1724
151773, 1725
151817, 1726
151879, 1727
151919, 1728
151969, 1729
152009, 1730
152050, 1731
152101, 1732
152141, 1733
152202, 1734
152252, 1735
152297, 1736
152348, 1737
152393, 1738
152438, 1739
152480, 1740
152515, 1741
152563, 1742
152610, 1743
152676, 1744
152720, 1745
152764, 1746
152813, 1747
152850, 1748
152889, 1749
152934, 1750
152975, 1751
153023, 1752
153065, 1753
153139, 1754
153173, 1755
153216, 1756
153256, 1757
153303, 1758
153347, 1759
153392, 1760
153439, 1761
153476, 1762
153542, 1763
153588, 1764
153636, 1765
153678, 1766
153721, 1767
153772, 1768
153815, 1769
153861, 1770
153909, 1771
153964, 1772
154002, 1773
154037, 1774
154084, 1775
154137, 1776
154175, 1777
154214, 1778
154260, 1779
154310, 1780
154368, 1781
154404, 1782
154459, 1783
154504, 1784
154543, 1785
154586, 1786
154626, 1787
154672, 1788
154720, 1789
154759, 1790
154809, 1791
154880, 1792
154924, 1793
154962, 1794
155001, 1795
155045, 1796
155087, 1797
155129, 1798
155165, 1799
155205, 1800
155249, 1801
155305, 1802
155337, 1803
155376, 1804
155423, 1805
155476, 1806
155524, 1807
155568, 1808
155599, 1809
155648, 1810
155680, 1811
155780, 1812
155821, 1813
155877, 1814
155923, 1815
155970, 1816
156011, 1817
156059, 1818
156094, 1819
156152, 1820
156217, 1821
156269, 1822
156315, 1823
156354, 1824
156396, 1825
156437, 1826
156478, 1827
156516, 1828
156578, 1829
156624, 1830
156660, 1831
156703, 1832
156747, 1833
156786, 1834
156824, 1835
156869, 1836
156919, 1837
156960, 1838
157017, 1839
157062, 1840
157104, 1841
157153, 1842
157210, 1843
157262, 1844
157308, 1845
157346, 1846
157389, 1847
157447, 1848
157487, 1849
157539, 1850
157582, 1851
157623, 1852
157662, 1853
157703, 1854
157752, 1855
157796, 1856
157887, 1857
157938, 1858
157972, 1859
158021, 1860
158071, 1861
158109, 1862
158148, 1863
158188, 1864
158228, 1865
158296, 1866
158337, 1867
158372, 1868
158409, 1869
158452, 1870
158495, 1871
158538, 1872
158579, 1873
158652, 1874
158690, 1875
158741, 1876
158781, 1877
158817, 1878
158858, 1879
158907, 1880
158957, 1881
159000, 1882
159040, 1883
159117, 1884
159162, 1885
159201, 1886
159239, 1887
159280, 1888
159323, 1889
159377, 1890
159428, 1891
159489, 1892
159529, 1893
159568, 1894
159610, 1895
159649, 1896
159688, 1897
159741, 1898
159782, 1899
159871, 1900
159920, 1901
159958, 1902
160000, 1903
160038, 1904
160078, 1905
160118, 1906
160162, 1907
160216, 1908
160260, 1909
160304, 1910
160350, 1911
160392, 1912
160433, 1913
160493, 1914
160562, 1915
160601, 1916
160642, 1917
160680, 1918
160716, 1919
160755, 1920
160798, 1921
160839, 1922
160877, 1923
160944, 1924
160990, 1925
161034, 1926
161073, 1927
161109, 1928
161159, 1929
161195, 1930
161236, 1931
161314, 1932
161354, 1933
161402, 1934
161443, 1935
161479, 1936
161519, 1937
161556, 1938
161603, 1939
161642, 1940
161758, 1941
161797, 1942
161839, 1943
161877, 1944
161923, 1945
161964, 1946
162012, 1947
162081, 1948
162128, 1949
162167, 1950
162214, 1951
162263, 1952
162303, 1953
162347, 1954
162408, 1955
162451, 1956
162492, 1957
162530, 1958
162567, 1959
162614, 1960
162668, 1961
162744, 1962
162778, 1963
162817, 1964
162857, 1965
162896, 1966
162936, 1967
162980, 1968
163019, 1969
163117, 1970
163158, 1971
163203, 1972
163244, 1973
163278, 1974
163324, 1975
163377, 1976
163440, 1977
163485, 1978
163530, 1979
163568, 1980
163614, 1981
163660, 1982
163698, 1983
163769, 1984
163815, 1985
163866, 1986
163915, 1987
163957, 1988
163999, 1989
164045, 1990
164108, 1991
164156, 1992
164196, 1993
164245, 1994
164282, 1995
164326, 1996
164363, 1997
164402, 1998
164467, 1999
164510, 2000
164552, 2001
164588, 2002
164635, 2003
164679, 2004
164727, 2005
164805, 2006
164849, 2007
164904, 2008
164949, 2009
164988, 2010
165034, 2011
165076, 2012
165138, 2013
165180, 2014
165230, 2015
165275, 2016
165318, 2017
165368, 2018
165436, 2019
165475, 2020
165508, 2021
165552, 2022
165600, 2023
165643, 2024
165688, 2025
165724, 2026
165794, 2027
165856, 2028
165907, 2029
165951, 2030
165989, 2031
166027, 2032
166069, 2033
166130, 2034
166167, 2035
166206, 2036
166259, 2037
166299, 2038
166344, 2039
166389, 2040
166478, 2041
166523, 2042
166567, 2043
166612, 2044
166652, 2045
166702, 2046
166745, 2047
166800, 2048
166843, 2049
166885, 2050
166928, 2051
166967, 2052
167007, 2053
167063, 2054
167096, 2055
167145, 2056
167185, 2057
167225, 2058
167267, 2059
167311, 2060
167352, 2061
167411, 2062
167459, 2063
167496, 2064
167537, 2065
167580, 2066
167613, 2067
167652, 2068
167710, 2069
167749, 2070
167787, 2071
167825, 2072
167871, 2073
167909, 2074
167947, 2075
168031, 2076
168070, 2077
168102, 2078
168141, 2079
168173, 2080
168214, 2081
168240, 2082
168273, 2083
168336, 2084
168365, 2085
168416, 2086
168455, 2087
168493, 2088
168534, 2089
168581, 2090
168620, 2091
168657, 2092
168696, 2093
168732, 2094
168770, 2095
168806, 2096
168861, 2097
168894, 2098
168928, 2099
168957, 2100
168994, 2101
169035, 2102
169075, 2103
169139, 2104
169168, 2105
169221, 2106
169258, 2107
169287, 2108
169330, 2109
169362, 2110
169443, 2111
169477, 2112
169519, 2113
169552, 2114
169581, 2115
169618, 2116
169654, 2117
169711, 2118
169740, 2119
169777, 2120
169815, 2121
169854, 2122
169888, 2123
169943, 2124
169981, 2125
170009, 2126
170061, 2127
170090, 2128
170125, 2129
170153, 2130
170214, 2131
170244, 2132
170283, 2133
170318, 2134
170343, 2135
170386, 2136
170469, 2137
170494, 2138
170522, 2139
170574, 2140
170609, 2141
170655, 2142
170691, 2143
170743, 2144
170779, 2145
170808, 2146
170847, 2147
170882, 2148
170918, 2149
170952, 2150
171001, 2151
171040, 2152
171078, 2153
171107, 2154
171143, 2155
171172, 2156
171224, 2157
171278, 2158
171309, 2159
171335, 2160
171382, 2161
171414, 2162
171477, 2163
171505, 2164
171545, 2165
171575, 2166
171611, 2167
171645, 2168
171735, 2169
171761, 2170
171799, 2171
171829, 2172
171881, 2173
171927, 2174
171983, 2175
172026, 2176
172054, 2177
172090, 2178
172138, 2179
172187, 2180
172228, 2181
172270, 2182
172307, 2183
172346, 2184
172406, 2185
172440, 2186
172481, 2187
172528, 2188
172571, 2189
172655, 2190
172698, 2191
172740, 2192
172775, 2193
172810, 2194
172875, 2195
172922, 2196
172962, 2197
173001, 2198
173067, 2199
173116, 2200
173150, 2201
173189, 2202
173231, 2203
173296, 2204
173343, 2205
173379, 2206
173415, 2207
173462, 2208
173565, 2209
173605, 2210
173643, 2211
173683, 2212
173742, 2213
173776, 2214
173822, 2215
173874, 2216
173913, 2217
173978, 2218
174019, 2219
174056, 2220
174093, 2221
174127, 2222
174191, 2223
174230, 2224
174267, 2225
174306, 2226
174362, 2227
174418, 2228
174456, 2229
174499, 2230
174548, 2231
174620, 2232
174663, 2233
174701, 2234
174750, 2235
174804, 2236
174838, 2237
174879, 2238
174917, 2239
174959, 2240
175015, 2241
175049, 2242
175087, 2243
175130, 2244
175178, 2245
175251, 2246
175288, 2247
175325, 2248
175369, 2249
175450, 2250
175486, 2251
175523, 2252
175574, 2253
175648, 2254
175687, 2255
175735, 2256
175770, 2257
175822, 2258
175865, 2259
175900, 2260
175940, 2261
176003, 2262
176055, 2263
176100, 2264
176146, 2265
176231, 2266
176274, 2267
176320, 2268
176350, 2269
176423, 2270
176462, 2271
176501, 2272
176561, 2273
176602, 2274
176652, 2275
176692, 2276
176736, 2277
176797, 2278
176840, 2279
176878, 2280
176969, 2281
177011, 2282
177058, 2283
177102, 2284
177162, 2285
177211, 2286
177252, 2287
177299, 2288
177361, 2289
177407, 2290
177451, 2291
177518, 2292
177569, 2293
177607, 2294
177648, 2295
177740, 2296
177783, 2297
177829, 2298
177889, 2299
177933, 2300
177981, 2301
178019, 2302
178090, 2303
178140, 2304
178185, 2305
178248, 2306
178295, 2307
178333, 2308
178374, 2309
178465, 2310
178511, 2311
178563, 2312
178627, 2313
178671, 2314
178714, 2315
178768, 2316
178807, 2317
178850, 2318
178891, 2319
178955, 2320
178999, 2321
179037, 2322
179131, 2323
179170, 2324
179216, 2325
179280, 2326
179327, 2327
179371, 2328
179410, 2329
179490, 2330
179528, 2331
179567, 2332
179622, 2333
179666, 2334
179706, 2335
179816, 2336
179857, 2337
179900, 2338
179960, 2339
179997, 2340
180033, 2341
180074, 2342
180129, 2343
180181, 2344
180242, 2345
180289, 2346
180327, 2347
180423, 2348
180475, 2349
180518, 2350
180581, 2351
180620, 2352
180670, 2353
180734, 2354
180774, 2355
180839, 2356
180882, 2357
180932, 2358
181032, 2359
181077, 2360
181124, 2361
181188, 2362
181229, 2363
181272, 2364
181330, 2365
181382, 2366
181456, 2367
181496, 2368
181535, 2369
181615, 2370
181660, 2371
181697, 2372
181755, 2373
181808, 2374
181868, 2375
181921, 2376
181974, 2377
182046, 2378
182092, 2379
182137, 2380
182222, 2381
182267, 2382
182307, 2383
182374, 2384
182416, 2385
182471, 2386
182537, 2387
182580, 2388
182640, 2389
182693, 2390
182732, 2391
182829, 2392
182881, 2393
182943, 2394
182977, 2395
183014, 2396
183071, 2397
183106, 2398
183170, 2399
183231, 2400
183276, 2401
183362, 2402
183395, 2403
183434, 2404
183486, 2405
183534, 2406
183606, 2407
183651, 2408
183695, 2409
183755, 2410
183807, 2411
183845, 2412
183913, 2413
183957, 2414
184010, 2415
184048, 2416
184087, 2417
184142, 2418
184180, 2419
184221, 2420
184271, 2421
184317, 2422
184420, 2423
184455, 2424
184538, 2425
184584, 2426
184624, 2427
184680, 2428
184737, 2429
184795, 2430
184830, 2431
184915, 2432
184973, 2433
185022, 2434
185064, 2435
185135, 2436
185185, 2437
185240, 2438
185275, 2439
185357, 2440
185400, 2441
185458, 2442
185506, 2443
185580, 2444
185625, 2445
185695, 2446
185731, 2447
185764, 2448
185843, 2449
185889, 2450
185952, 2451
185994, 2452
186053, 2453
186089, 2454
186147, 2455
186184, 2456
186220, 2457
186300, 2458
186334, 2459
186394, 2460
186433, 2461
186505, 2462
186566, 2463
186609, 2464
186643, 2465
186725, 2466
186766, 2467
186822, 2468
186861, 2469
186928, 2470
186967, 2471
187028, 2472
187067, 2473
187151, 2474
187185, 2475
187240, 2476
187273, 2477
187330, 2478
187373, 2479
187435, 2480
187515, 2481
187579, 2482
187649, 2483
187707, 2484
187746, 2485
187839, 2486
187887, 2487
187943, 2488
187993, 2489
188037, 2490
188140, 2491
188196, 2492
188248, 2493
188306, 2494
188365, 2495
188422, 2496
188489, 2497
188556, 2498
188597, 2499
188653, 2500
188719, 2501
188806, 2502
188841, 2503
188909, 2504
188975, 2505
189017, 2506
189134, 2507
189174, 2508
189238, 2509
189339, 2510
189371, 2511
189432, 2512
189491, 2513
189536, 2514
189642, 2515
189702, 2516
189766, 2517
189806, 2518
189871, 2519
189969, 2520
190023, 2521
190099, 2522
190136, 2523
190226, 2524
190267, 2525
190348, 2526
190394, 2527
190479, 2528
190523, 2529
190615, 2530
190670, 2531
190765, 2532
190819, 2533
190886, 2534
190947, 2535
190984, 2536
191086, 2537
191150, 2538
191211, 2539
191296, 2540
191328, 2541
191419, 2542
191473, 2543
191576, 2544
191626, 2545
191686, 2546
191770, 2547
191884, 2548
191998, 2549
192065, 2550
192125, 2551
192214, 2552
192280, 2553
192342, 2554
192439, 2555
192495, 2556
192551, 2557
192636, 2558
192699, 2559
192755, 2560
192835, 2561
192916, 2562
192978, 2563
193069, 2564
193126, 2565
193183, 2566
193261, 2567
193333, 2568
193401, 2569
193505, 2570
193549, 2571
193612, 2572
193708, 2573
193761, 2574
193860, 2575
193917, 2576
193983, 2577
194064, 2578
194137, 2579
194223, 2580
194281, 2581
194339, 2582
194457, 2583
194514, 2584
194602, 2585
194724, 2586
194772, 2587
194840, 2588
194947, 2589
195034, 2590
195137, 2591
195244, 2592
195302, 2593
195391, 2594
195466, 2595
195554, 2596
195625, 2597
195729, 2598
195770, 2599
195851, 2600
195928, 2601
196037, 2602
196105, 2603
196239, 2604
196326, 2605
196418, 2606
196472, 2607
196604, 2608
196683, 2609
196755, 2610
196887, 2611
196968, 2612
197045, 2613
197213, 2614
197282, 2615
197386, 2616
197506, 2617
197659, 2618
197762, 2619
197866, 2620
197961, 2621
198054, 2622
198101, 2623
198202, 2624
198334, 2625
