90309, 1
90328, 2
90366, 3
90394, 4
90434, 5
90461, 6
90503, 7
90518, 8
90571, 9
90600, 10
90629, 11
90669, 12
90698, 13
90739, 14
90754, 15
90796, 16
90838, 17
90851, 18
90907, 19
90921, 20
90974, 21
90989, 22
91031, 23
91060, 24
91101, 25
91130, 26
91158, 27
91201, 28
91240, 29
91255, 30
91295, 31
91337, 32
91353, 33
91405, 34
91420, 35
91463, 36
91493, 37
91533, 38
91560, 39
91631, 40
91645, 41
91672, 42
91702, 43
91741, 44
91769, 45
91810, 46
91839, 47
91879, 48
91908, 49
91936, 50
91978, 51
92007, 52
92035, 53
92076, 54
92091, 55
92144, 56
92172, 57
92199, 58
92241, 59
92270, 60
92311, 61
92338, 62
92367, 63
92398, 64
92437, 65
92479, 66
92492, 67
92535, 68
92577, 69
92606, 70
92633, 71
92675, 72
92703, 73
92745, 74
92773, 75
92802, 76
92843, 77
92871, 78
92912, 79
92926, 80
92969, 81
93009, 82
93038, 83
93069, 84
93107, 85
93136, 86
93177, 87
93204, 88
93245, 89
93275, 90
93302, 91
93344, 92
93388, 93
93399, 94
93439, 95
93482, 96
93510, 97
93539, 98
93581, 99
93622, 100
93637, 101
93677, 102
93706, 103
93746, 104
93775, 105
93817, 106
93843, 107
93872, 108
93914, 109
93942, 110
93983, 111
94012, 112
94039, 113
94080, 114
94122, 115
94136, 116
94177, 117
94220, 118
94248, 119
94275, 120
94315, 121
94344, 122
94372, 123
94414, 124
94443, 125
94472, 126
94512, 127
94539, 128
94581, 129
94610, 130
94651, 131
94666, 132
94706, 133
94748, 134
94777, 135
94806, 136
94847, 137
94875, 138
94916, 139
94944, 140
94985, 141
94999, 142
95042, 143
95072, 144
95111, 145
95153, 146
95167, 147
95264, 148
95291, 149
95305, 150
95359, 151
95389, 152
95418, 153
95446, 154
95487, 155
95515, 156
95546, 157
95585, 158
95614, 159
95655, 160
95683, 161
95724, 162
95753, 163
95781, 164
95822, 165
95851, 166
95881, 167
95919, 168
95949, 169
95988, 170
96016, 171
96057, 172
96072, 173
96113, 174
96157, 175
96182, 176
96224, 177
96252, 178
96294, 179
96308, 180
96350, 181
96378, 182
96421, 183
96449, 184
96490, 185
96518, 186
96560, 187
96574, 188
96616, 189
96657, 190
96672, 191
96712, 192
96754, 193
96781, 194
96823, 195
96852, 196
96880, 197
96921, 198
96949, 199
96979, 200
97020, 201
97062, 202
97076, 203
97115, 204
97188, 205
97198, 206
97228, 207
97257, 208
97296, 209
97326, 210
97368, 211
97396, 212
97424, 213
97465, 214
97494, 215
97535, 216
97549, 217
97605, 218
97618, 219
97660, 220
97702, 221
97717, 222
97759, 223
97801, 224
97828, 225
97857, 226
97897, 227
97938, 228
97952, 229
97994, 230
98035, 231
98063, 232
98091, 233
98133, 234
98161, 235
98191, 236
98231, 237
98260, 238
98300, 239
98329, 240
98369, 241
98398, 242
98427, 243
98467, 244
98495, 245
98537, 246
98565, 247
98591, 248
98632, 249
98661, 250
98703, 251
98717, 252
98759, 253
98801, 254
98815, 255
98858, 256
98898, 257
98931, 258
98970, 259
99011, 260
99038, 261
99079, 262
99107, 263
99136, 264
99176, 265
99204, 266
99245, 267
99274, 268
99300, 269
99342, 270
99372, 271
99412, 272
99440, 273
99482, 274
99496, 275
99537, 276
99580, 277
99594, 278
99647, 279
99662, 280
99704, 281
99745, 282
99774, 283
99804, 284
99844, 285
99872, 286
99901, 287
99941, 288
99970, 289
100011, 290
100039, 291
100070, 292
100109, 293
100137, 294
100178, 295
100206, 296
100247, 297
100276, 298
100305, 299
100344, 300
100373, 301
100416, 302
100430, 303
100471, 304
100511, 305
100540, 306
100572, 307
100610, 308
100637, 309
100679, 310
100707, 311
100736, 312
100777, 313
100805, 314
100847, 315
100875, 316
100956, 317
100972, 318
101001, 319
101043, 320
101058, 321
101096, 322
101138, 323
101166, 324
101207, 325
101222, 326
101277, 327
101291, 328
101332, 329
101374, 330
101401, 331
101444, 332
101459, 333
101499, 334
101541, 335
101570, 336
101611, 337
101640, 338
101667, 339
101709, 340
101738, 341
101767, 342
101807, 343
101835, 344
101865, 345
101904, 346
101932, 347
101974, 348
102001, 349
102043, 350
102071, 351
102101, 352
102141, 353
102170, 354
102197, 355
102239, 356
102268, 357
102310, 358
102324, 359
102364, 360
102405, 361
102434, 362
102475, 363
102502, 364
102542, 365
102572, 366
102601, 367
102642, 368
102670, 369
102712, 370
102725, 371
102768, 372
102808, 373
102872, 374
102893, 375
102918, 376
102958, 377
102987, 378
103018, 379
103056, 380
103085, 381
103125, 382
103150, 383
103190, 384
103230, 385
103244, 386
103284, 387
103324, 388
103352, 389
103381, 390
103420, 391
103462, 392
103477, 393
103518, 394
103560, 395
103589, 396
103631, 397
103646, 398
103686, 399
103726, 400
103755, 401
103784, 402
103825, 403
103853, 404
103894, 405
103921, 406
103950, 407
103992, 408
104020, 409
104062, 410
104076, 411
104118, 412
104159, 413
104187, 414
104217, 415
104259, 416
104285, 417
104326, 418
104354, 419
104383, 420
104425, 421
104453, 422
104481, 423
104520, 424
104563, 425
104577, 426
104619, 427
104660, 428
104690, 429
104744, 430
104772, 431
104814, 432
104843, 433
104883, 434
104911, 435
104938, 436
104981, 437
105008, 438
105049, 439
105064, 440
105118, 441
105146, 442
105175, 443
105218, 444
105246, 445
105273, 446
105314, 447
105343, 448
105373, 449
105412, 450
105440, 451
105482, 452
105509, 453
105550, 454
105580, 455
105608, 456
105648, 457
105677, 458
105718, 459
105732, 460
105789, 461
105803, 462
105844, 463
105885, 464
105900, 465
105941, 466
105983, 467
106000, 468
106052, 469
106079, 470
106108, 471
106149, 472
106178, 473
106206, 474
106249, 475
106277, 476
106317, 477
106345, 478
106374, 479
106416, 480
106444, 481
106485, 482
106500, 483
106541, 484
106583, 485
106610, 486
106641, 487
106680, 488
106764, 489
106779, 490
106818, 491
106833, 492
106875, 493
106905, 494
106944, 495
106972, 496
107013, 497
107041, 498
107072, 499
107111, 500
107141, 501
107183, 502
107197, 503
107238, 504
107278, 505
107306, 506
107337, 507
107376, 508
107405, 509
107444, 510
107475, 511
107504, 512
107543, 513
107571, 514
107614, 515
107642, 516
107684, 517
107698, 518
107740, 519
107781, 520
107809, 521
107837, 522
107879, 523
107908, 524
107947, 525
107962, 526
108003, 527
108045, 528
108073, 529
108115, 530
108143, 531
108172, 532
108213, 533
108241, 534
108281, 535
108309, 536
108339, 537
108368, 538
108408, 539
108446, 540
108462, 541
108516, 542
108546, 543
108575, 544
108617, 545
108631, 546
108672, 547
108741, 548
108755, 549
108783, 550
108812, 551
108841, 552
108880, 553
108909, 554
108950, 555
108976, 556
109007, 557
109047, 558
109075, 559
109117, 560
109145, 561
109175, 562
109216, 563
109244, 564
109272, 565
109311, 566
109342, 567
109380, 568
109408, 569
109451, 570
109479, 571
109510, 572
109549, 573
109577, 574
109617, 575
109646, 576
109687, 577
109702, 578
109745, 579
109785, 580
109813, 581
109842, 582
109883, 583
109898, 584
109951, 585
109967, 586
110019, 587
110033, 588
110076, 589
110118, 590
110147, 591
110189, 592
110203, 593
110246, 594
110286, 595
110314, 596
110343, 597
110384, 598
110412, 599
110454, 600
110468, 601
110523, 602
110537, 603
110579, 604
110620, 605
110647, 606
110677, 607
110758, 608
110774, 609
110802, 610
110831, 611
110863, 612
110902, 613
110927, 614
110969, 615
110997, 616
111038, 617
111052, 618
111095, 619
111134, 620
111164, 621
111203, 622
111231, 623
111262, 624
111302, 625
111332, 626
111371, 627
111400, 628
111428, 629
111469, 630
111497, 631
111539, 632
111566, 633
111608, 634
111623, 635
111664, 636
111695, 637
111734, 638
111762, 639
111802, 640
111831, 641
111872, 642
111885, 643
111929, 644
111967, 645
111997, 646
112039, 647
112067, 648
112097, 649
112137, 650
112152, 651
112205, 652
112220, 653
112261, 654
112303, 655
112329, 656
112371, 657
112387, 658
112439, 659
112456, 660
112509, 661
112525, 662
112566, 663
112596, 664
112635, 665
112664, 666
112707, 667
112722, 668
112765, 669
112804, 670
112832, 671
112873, 672
112887, 673
112930, 674
112972, 675
113002, 676
113083, 677
113100, 678
113115, 679
113155, 680
113193, 681
113224, 682
113263, 683
113278, 684
113319, 685
113361, 686
113389, 687
113429, 688
113456, 689
113498, 690
113516, 691
113554, 692
113596, 693
113624, 694
113655, 695
113695, 696
113721, 697
113763, 698
113791, 699
113820, 700
113861, 701
113890, 702
113929, 703
113959, 704
113989, 705
114028, 706
114054, 707
114098, 708
114114, 709
114167, 710
114183, 711
114223, 712
114265, 713
114281, 714
114321, 715
114364, 716
114381, 717
114420, 718
114461, 719
114489, 720
114530, 721
114546, 722
114588, 723
114627, 724
114654, 725
114697, 726
114754, 727
114796, 728
114810, 729
114863, 730
114878, 731
114934, 732
114949, 733
114989, 734
115030, 735
115046, 736
115087, 737
115126, 738
115157, 739
115198, 740
115216, 741
115255, 742
115294, 743
115323, 744
115352, 745
115395, 746
115421, 747
115451, 748
115488, 749
115530, 750
115550, 751
115587, 752
115627, 753
115658, 754
115698, 755
115714, 756
115756, 757
115797, 758
115823, 759
115853, 760
115892, 761
115922, 762
115962, 763
115990, 764
116031, 765
116046, 766
116089, 767
116130, 768
116146, 769
116187, 770
116226, 771
116256, 772
116298, 773
116326, 774
116353, 775
116393, 776
116461, 777
116479, 778
116508, 779
116549, 780
116590, 781
116619, 782
116646, 783
116686, 784
116714, 785
116744, 786
116780, 787
116820, 788
116835, 789
116885, 790
116912, 791
116956, 792
116982, 793
117009, 794
117050, 795
117077, 796
117118, 797
117145, 798
117188, 799
117204, 800
117244, 801
117285, 802
117316, 803
117342, 804
117384, 805
117414, 806
117452, 807
117480, 808
117521, 809
117547, 810
117590, 811
117606, 812
117646, 813
117690, 814
117717, 815
117734, 816
117785, 817
117821, 818
117837, 819
117881, 820
117924, 821
117949, 822
117980, 823
118019, 824
118036, 825
118086, 826
118101, 827
118182, 828
118210, 829
118228, 830
118251, 831
118292, 832
118318, 833
118360, 834
118376, 835
118430, 836
118456, 837
118483, 838
118525, 839
118543, 840
118594, 841
118612, 842
118669, 843
118696, 844
118717, 845
118764, 846
118791, 847
118829, 848
118857, 849
118897, 850
118926, 851
118950, 852
118992, 853
119023, 854
119047, 855
119092, 856
119124, 857
119154, 858
119195, 859
119221, 860
119254, 861
119301, 862
119327, 863
119357, 864
119385, 865
119427, 866
119459, 867
119480, 868
119535, 869
119561, 870
119661, 871
119684, 872
119710, 873
119746, 874
119778, 875
119813, 876
119853, 877
119882, 878
119905, 879
119935, 880
119986, 881
120011, 882
120052, 883
120081, 884
120104, 885
120147, 886
120175, 887
120213, 888
120250, 889
120279, 890
120304, 891
120349, 892
120380, 893
120408, 894
120454, 895
120482, 896
120503, 897
120557, 898
120586, 899
120613, 900
120653, 901
120683, 902
120707, 903
120749, 904
120778, 905
120856, 906
120879, 907
120900, 908
120952, 909
120983, 910
121007, 911
121036, 912
121071, 913
121101, 914
121156, 915
121194, 916
121222, 917
121245, 918
121283, 919
121324, 920
121351, 921
121379, 922
121418, 923
121450, 924
121479, 925
121516, 926
121546, 927
121575, 928
121614, 929
121639, 930
121686, 931
121714, 932
121759, 933
121789, 934
121824, 935
121853, 936
121916, 937
121948, 938
121987, 939
122023, 940
122049, 941
122107, 942
122141, 943
122168, 944
122196, 945
122222, 946
122256, 947
122298, 948
122327, 949
122357, 950
122385, 951
122437, 952
122466, 953
122505, 954
122536, 955
122563, 956
122590, 957
122632, 958
122669, 959
122698, 960
122726, 961
122765, 962
122811, 963
122840, 964
122885, 965
122960, 966
122987, 967
123010, 968
123060, 969
123095, 970
123133, 971
123160, 972
123189, 973
123222, 974
123251, 975
123292, 976
123321, 977
123359, 978
123397, 979
123426, 980
123472, 981
123505, 982
123529, 983
123578, 984
123610, 985
123642, 986
123673, 987
123712, 988
123740, 989
123772, 990
123814, 991
123851, 992
123876, 993
123925, 994
123988, 995
124016, 996
124049, 997
124098, 998
124125, 999
124156, 1000
124201, 1001
124239, 1002
124273, 1003
124309, 1004
124341, 1005
124364, 1006
124426, 1007
124457, 1008
124483, 1009
124525, 1010
124552, 1011
124586, 1012
124621, 1013
124667, 1014
124701, 1015
124727, 1016
124768, 1017
124805, 1018
124850, 1019
124883, 1020
124968, 1021
124992, 1022
125047, 1023
125073, 1024
125102, 1025
125145, 1026
125185, 1027
125221, 1028
125254, 1029
125285, 1030
125331, 1031
125363, 1032
125406, 1033
125444, 1034
125483, 1035
125514, 1036
125544, 1037
125571, 1038
125624, 1039
125652, 1040
125692, 1041
125719, 1042
125745, 1043
125776, 1044
125852, 1045
125884, 1046
125926, 1047
125964, 1048
125996, 1049
126031, 1050
126060, 1051
126117, 1052
126155, 1053
126197, 1054
126239, 1055
126270, 1056
126303, 1057
126340, 1058
126376, 1059
126401, 1060
126442, 1061
126473, 1062
126503, 1063
126543, 1064
126580, 1065
126610, 1066
126678, 1067
126715, 1068
126751, 1069
126793, 1070
126821, 1071
126867, 1072
126908, 1073
126945, 1074
126979, 1075
127016, 1076
127049, 1077
127083, 1078
127113, 1079
127145, 1080
127182, 1081
127209, 1082
127263, 1083
127294, 1084
127325, 1085
127356, 1086
127405, 1087
127443, 1088
127476, 1089
127549, 1090
127590, 1091
127622, 1092
127653, 1093
127698, 1094
127729, 1095
127785, 1096
127834, 1097
127874, 1098
127920, 1099
127971, 1100
128005, 1101
128045, 1102
128081, 1103
128135, 1104
128179, 1105
128224, 1106
128271, 1107
128314, 1108
128353, 1109
128422, 1110
128470, 1111
128516, 1112
128567, 1113
128607, 1114
128657, 1115
128700, 1116
128737, 1117
128775, 1118
128804, 1119
128852, 1120
128886, 1121
128923, 1122
128969, 1123
129019, 1124
129062, 1125
129104, 1126
129151, 1127
129191, 1128
129236, 1129
129291, 1130
129361, 1131
129400, 1132
129450, 1133
129485, 1134
129533, 1135
129579, 1136
129622, 1137
129661, 1138
129705, 1139
129756, 1140
129803, 1141
129849, 1142
129888, 1143
129924, 1144
129973, 1145
130018, 1146
130067, 1147
130113, 1148
130215, 1149
130249, 1150
130282, 1151
130320, 1152
130352, 1153
130393, 1154
130429, 1155
130469, 1156
130500, 1157
130542, 1158
130571, 1159
130605, 1160
130644, 1161
130677, 1162
130709, 1163
130742, 1164
130789, 1165
130816, 1166
130855, 1167
130895, 1168
130921, 1169
130975, 1170
131049, 1171
131089, 1172
131115, 1173
131176, 1174
131215, 1175
131255, 1176
131299, 1177
131335, 1178
131382, 1179
131425, 1180
131462, 1181
131491, 1182
131530, 1183
131570, 1184
131611, 1185
131655, 1186
131695, 1187
131743, 1188
131783, 1189
131826, 1190
131909, 1191
131947, 1192
131985, 1193
132019, 1194
132068, 1195
132103, 1196
132142, 1197
132183, 1198
132222, 1199
132262, 1200
132304, 1201
132340, 1202
132384, 1203
132420, 1204
132463, 1205
132501, 1206
132555, 1207
132589, 1208
132656, 1209
132700, 1210
132743, 1211
132794, 1212
132842, 1213
132878, 1214
132919, 1215
132959, 1216
133012, 1217
133050, 1218
133089, 1219
133135, 1220
133185, 1221
133234, 1222
133287, 1223
133329, 1224
133378, 1225
133443, 1226
133483, 1227
133525, 1228
133565, 1229
133615, 1230
133657, 1231
133716, 1232
133756, 1233
133796, 1234
133836, 1235
133879, 1236
133925, 1237
133966, 1238
134009, 1239
134064, 1240
134118, 1241
134161, 1242
134227, 1243
134264, 1244
134312, 1245
134359, 1246
134418, 1247
134460, 1248
134500, 1249
134539, 1250
134583, 1251
134633, 1252
134674, 1253
134714, 1254
134756, 1255
134802, 1256
134859, 1257
134900, 1258
135011, 1259
135053, 1260
135109, 1261
135162, 1262
135220, 1263
135265, 1264
135309, 1265
135354, 1266
135392, 1267
135437, 1268
135477, 1269
135531, 1270
135573, 1271
135612, 1272
135692, 1273
135732, 1274
135797, 1275
135842, 1276
135879, 1277
135922, 1278
135965, 1279
136018, 1280
136058, 1281
136104, 1282
136150, 1283
136199, 1284
136254, 1285
136309, 1286
136353, 1287
136423, 1288
136474, 1289
136513, 1290
136557, 1291
136602, 1292
136647, 1293
136693, 1294
136740, 1295
136784, 1296
136831, 1297
136884, 1298
136926, 1299
136972, 1300
137008, 1301
137055, 1302
137142, 1303
137184, 1304
137219, 1305
137261, 1306
137308, 1307
137362, 1308
137407, 1309
137457, 1310
137501, 1311
137539, 1312
137584, 1313
137615, 1314
137657, 1315
137710, 1316
137754, 1317
137831, 1318
137877, 1319
137911, 1320
137951, 1321
137990, 1322
138035, 1323
138070, 1324
138105, 1325
138143, 1326
138175, 1327
138206, 1328
138238, 1329
138262, 1330
138325, 1331
138360, 1332
138395, 1333
138442, 1334
138491, 1335
138594, 1336
138632, 1337
138679, 1338
138719, 1339
138758, 1340
138797, 1341
138840, 1342
138889, 1343
138930, 1344
138973, 1345
139023, 1346
139061, 1347
139113, 1348
139153, 1349
139193, 1350
139264, 1351
139302, 1352
139352, 1353
139393, 1354
139441, 1355
139476, 1356
139513, 1357
139554, 1358
139604, 1359
139646, 1360
139690, 1361
139727, 1362
139772, 1363
139816, 1364
139858, 1365
139929, 1366
139971, 1367
140012, 1368
140055, 1369
140102, 1370
140143, 1371
140186, 1372
140229, 1373
140262, 1374
140306, 1375
140347, 1376
140383, 1377
140425, 1378
140455, 1379
140507, 1380
140553, 1381
140621, 1382
140663, 1383
140714, 1384
140748, 1385
140791, 1386
140832, 1387
140876, 1388
140950, 1389
140996, 1390
141041, 1391
141085, 1392
141122, 1393
141160, 1394
141198, 1395
141237, 1396
141285, 1397
141364, 1398
141402, 1399
141438, 1400
141473, 1401
141514, 1402
141560, 1403
141615, 1404
141659, 1405
141711, 1406
141756, 1407
141797, 1408
141834, 1409
141871, 1410
141912, 1411
141950, 1412
142058, 1413
142103, 1414
142156, 1415
142205, 1416
142252, 1417
142303, 1418
142363, 1419
142409, 1420
142448, 1421
142487, 1422
142524, 1423
142559, 1424
142600, 1425
142668, 1426
142716, 1427
142768, 1428
142822, 1429
142868, 1430
142908, 1431
142947, 1432
142991, 1433
143035, 1434
143082, 1435
143132, 1436
143183, 1437
143228, 1438
143288, 1439
143333, 1440
143375, 1441
143417, 1442
143463, 1443
143511, 1444
143563, 1445
143608, 1446
143646, 1447
143683, 1448
143730, 1449
143783, 1450
143832, 1451
143916, 1452
143959, 1453
144009, 1454
144055, 1455
144102, 1456
144150, 1457
144201, 1458
144249, 1459
144288, 1460
144337, 1461
144377, 1462
144421, 1463
144460, 1464
144499, 1465
144567, 1466
144615, 1467
144662, 1468
144712, 1469
144759, 1470
144807, 1471
144848, 1472
144882, 1473
144929, 1474
144978, 1475
145020, 1476
145063, 1477
145112, 1478
145221, 1479
145267, 1480
145312, 1481
145364, 1482
145406, 1483
145445, 1484
145491, 1485
145540, 1486
145579, 1487
145617, 1488
145663, 1489
145703, 1490
145757, 1491
145801, 1492
145845, 1493
145921, 1494
145964, 1495
146008, 1496
146047, 1497
146095, 1498
146143, 1499
146192, 1500
146243, 1501
146283, 1502
146325, 1503
146367, 1504
146417, 1505
146496, 1506
146543, 1507
146589, 1508
146639, 1509
146687, 1510
146728, 1511
146766, 1512
146816, 1513
146862, 1514
146916, 1515
146956, 1516
147002, 1517
147050, 1518
147125, 1519
147207, 1520
147250, 1521
147291, 1522
147338, 1523
147384, 1524
147426, 1525
147471, 1526
147507, 1527
147543, 1528
147592, 1529
147640, 1530
147679, 1531
147719, 1532
147769, 1533
147847, 1534
147885, 1535
147939, 1536
147991, 1537
148038, 1538
148090, 1539
148136, 1540
148184, 1541
148230, 1542
148277, 1543
148319, 1544
148356, 1545
148414, 1546
148535, 1547
148582, 1548
148625, 1549
148666, 1550
148713, 1551
148758, 1552
148794, 1553
148837, 1554
148887, 1555
148927, 1556
148969, 1557
149013, 1558
149090, 1559
149127, 1560
149171, 1561
149227, 1562
149276, 1563
149316, 1564
149356, 1565
149400, 1566
149443, 1567
149488, 1568
149528, 1569
149575, 1570
149628, 1571
149704, 1572
149754, 1573
149798, 1574
149846, 1575
149889, 1576
149949, 1577
149994, 1578
150033, 1579
150085, 1580
150131, 1581
150181, 1582
150230, 1583
150295, 1584
150333, 1585
150377, 1586
150421, 1587
150462, 1588
150510, 1589
150549, 1590
150595, 1591
150632, 1592
150669, 1593
150709, 1594
150752, 1595
150787, 1596
150836, 1597
150909, 1598
150956, 1599
150995, 1600
151047, 1601
151094, 1602
151141, 1603
151188, 1604
151229, 1605
151280, 1606
151326, 1607
151370, 1608
151423, 1609
151473, 1610
151584, 1611
151622, 1612
151661, 1613
151705, 1614
151755, 1615
151799, 1616
151846, 1617
151887, 1618
151924, 1619
151976, 1620
152015, 1621
152055, 1622
152162, 1623
152215, 1624
152260, 1625
152303, 1626
152344, 1627
152398, 1628
152447, 1629
152483, 1630
152524, 1631
152573, 1632
152620, 1633
152663, 1634
152741, 1635
152781, 1636
152824, 1637
152865, 1638
152910, 1639
152956, 1640
153003, 1641
153041, 1642
153087, 1643
153130, 1644
153168, 1645
153212, 1646
153287, 1647
153337, 1648
153395, 1649
153439, 1650
153477, 1651
153520, 1652
153565, 1653
153609, 1654
153661, 1655
153707, 1656
153752, 1657
153790, 1658
153870, 1659
153907, 1660
153953, 1661
154009, 1662
154060, 1663
154110, 1664
154155, 1665
154205, 1666
154252, 1667
154291, 1668
154329, 1669
154367, 1670
154416, 1671
154518, 1672
154561, 1673
154600, 1674
154642, 1675
154691, 1676
154735, 1677
154791, 1678
154840, 1679
154888, 1680
154938, 1681
154976, 1682
155042, 1683
155078, 1684
155119, 1685
155158, 1686
155204, 1687
155254, 1688
155293, 1689
155342, 1690
155383, 1691
155431, 1692
155475, 1693
155504, 1694
155543, 1695
155610, 1696
155644, 1697
155689, 1698
155728, 1699
155787, 1700
155825, 1701
155857, 1702
155894, 1703
155935, 1704
155978, 1705
156030, 1706
156083, 1707
156136, 1708
156208, 1709
156263, 1710
156314, 1711
156357, 1712
156395, 1713
156434, 1714
156476, 1715
156514, 1716
156552, 1717
156595, 1718
156645, 1719
156717, 1720
156765, 1721
156819, 1722
156860, 1723
156892, 1724
156935, 1725
156974, 1726
157016, 1727
157061, 1728
157111, 1729
157159, 1730
157206, 1731
157308, 1732
157355, 1733
157405, 1734
157443, 1735
157485, 1736
157536, 1737
157582, 1738
157631, 1739
157677, 1740
157721, 1741
157764, 1742
157861, 1743
157910, 1744
157949, 1745
157989, 1746
158033, 1747
158098, 1748
158148, 1749
158198, 1750
158249, 1751
158305, 1752
158354, 1753
158436, 1754
158482, 1755
158523, 1756
158569, 1757
158614, 1758
158654, 1759
158693, 1760
158744, 1761
158790, 1762
158835, 1763
158893, 1764
158925, 1765
158963, 1766
159005, 1767
159053, 1768
159108, 1769
159155, 1770
159206, 1771
159252, 1772
159297, 1773
159337, 1774
159378, 1775
159432, 1776
159508, 1777
159556, 1778
159593, 1779
159642, 1780
159680, 1781
159709, 1782
159747, 1783
159783, 1784
159829, 1785
159884, 1786
159932, 1787
159997, 1788
160096, 1789
160153, 1790
160189, 1791
160232, 1792
160271, 1793
160314, 1794
160358, 1795
160396, 1796
160434, 1797
160480, 1798
160538, 1799
160612, 1800
160650, 1801
160685, 1802
160726, 1803
160772, 1804
160809, 1805
160855, 1806
160903, 1807
160958, 1808
161025, 1809
161072, 1810
161120, 1811
161171, 1812
161225, 1813
161279, 1814
161320, 1815
161373, 1816
161423, 1817
161470, 1818
161500, 1819
161579, 1820
161634, 1821
161677, 1822
161726, 1823
161780, 1824
161831, 1825
161881, 1826
161931, 1827
161972, 1828
162017, 1829
162080, 1830
162120, 1831
162170, 1832
162208, 1833
162259, 1834
162303, 1835
162359, 1836
162408, 1837
162451, 1838
162511, 1839
162624, 1840
162665, 1841
162721, 1842
162769, 1843
162809, 1844
162849, 1845
162894, 1846
162946, 1847
162993, 1848
163050, 1849
163116, 1850
163165, 1851
163204, 1852
163243, 1853
163296, 1854
163332, 1855
163377, 1856
163423, 1857
163473, 1858
163523, 1859
163608, 1860
163663, 1861
163710, 1862
163752, 1863
163797, 1864
163854, 1865
163899, 1866
163938, 1867
163979, 1868
164030, 1869
164096, 1870
164134, 1871
164170, 1872
164211, 1873
164261, 1874
164313, 1875
164366, 1876
164418, 1877
164473, 1878
164517, 1879
164589, 1880
164626, 1881
164670, 1882
164716, 1883
164761, 1884
164800, 1885
164840, 1886
164883, 1887
164929, 1888
164961, 1889
165000, 1890
165095, 1891
165137, 1892
165178, 1893
165224, 1894
165264, 1895
165313, 1896
165371, 1897
165409, 1898
165452, 1899
165492, 1900
165599, 1901
165645, 1902
165697, 1903
165746, 1904
165798, 1905
165844, 1906
165884, 1907
165940, 1908
165975, 1909
166039, 1910
166086, 1911
166135, 1912
166185, 1913
166223, 1914
166269, 1915
166322, 1916
166376, 1917
166432, 1918
166489, 1919
166561, 1920
166605, 1921
166649, 1922
166688, 1923
166727, 1924
166769, 1925
166813, 1926
166875, 1927
166918, 1928
167006, 1929
167059, 1930
167115, 1931
167154, 1932
167191, 1933
167234, 1934
167281, 1935
167326, 1936
167367, 1937
167475, 1938
167528, 1939
167570, 1940
167611, 1941
167647, 1942
167688, 1943
167730, 1944
167785, 1945
167833, 1946
167901, 1947
167937, 1948
167982, 1949
168029, 1950
168081, 1951
168124, 1952
168174, 1953
168226, 1954
168272, 1955
168353, 1956
168399, 1957
168456, 1958
168504, 1959
168547, 1960
168588, 1961
168628, 1962
168682, 1963
168756, 1964
168802, 1965
168856, 1966
168906, 1967
168938, 1968
168978, 1969
169022, 1970
169073, 1971
169119, 1972
169162, 1973
169227, 1974
169270, 1975
169308, 1976
169352, 1977
169396, 1978
169447, 1979
169501, 1980
169554, 1981
169598, 1982
169697, 1983
169741, 1984
169797, 1985
169841, 1986
169882, 1987
169922, 1988
169970, 1989
170014, 1990
170075, 1991
170123, 1992
170170, 1993
170214, 1994
170253, 1995
170297, 1996
170335, 1997
170380, 1998
170461, 1999
170502, 2000
170558, 2001
170603, 2002
170643, 2003
170685, 2004
170735, 2005
170787, 2006
170835, 2007
170914, 2008
170969, 2009
171022, 2010
171068, 2011
171115, 2012
171164, 2013
171202, 2014
171241, 2015
171281, 2016
171361, 2017
171407, 2018
171448, 2019
171496, 2020
171541, 2021
171585, 2022
171627, 2023
171664, 2024
171702, 2025
171740, 2026
171830, 2027
171871, 2028
171910, 2029
171958, 2030
172005, 2031
172049, 2032
172092, 2033
172128, 2034
172205, 2035
172247, 2036
172283, 2037
172329, 2038
172379, 2039
172434, 2040
172481, 2041
172514, 2042
172555, 2043
172616, 2044
172668, 2045
172713, 2046
172759, 2047
172796, 2048
172840, 2049
172878, 2050
172920, 2051
172958, 2052
173024, 2053
173067, 2054
173103, 2055
173157, 2056
173205, 2057
173253, 2058
173298, 2059
173336, 2060
173398, 2061
173440, 2062
173477, 2063
173517, 2064
173554, 2065
173595, 2066
173633, 2067
173668, 2068
173715, 2069
173825, 2070
173872, 2071
173908, 2072
173956, 2073
174001, 2074
174038, 2075
174073, 2076
174113, 2077
174183, 2078
174231, 2079
174259, 2080
174306, 2081
174335, 2082
174366, 2083
174406, 2084
174446, 2085
174484, 2086
174560, 2087
174594, 2088
174628, 2089
174671, 2090
174699, 2091
174736, 2092
174766, 2093
174807, 2094
174846, 2095
174884, 2096
174937, 2097
174991, 2098
175023, 2099
175058, 2100
175095, 2101
175126, 2102
175167, 2103
175204, 2104
175257, 2105
175299, 2106
175337, 2107
175370, 2108
175399, 2109
175428, 2110
175465, 2111
175504, 2112
175543, 2113
175589, 2114
175704, 2115
175736, 2116
175771, 2117
175823, 2118
175856, 2119
175891, 2120
175927, 2121
175960, 2122
176024, 2123
176062, 2124
176100, 2125
176134, 2126
176174, 2127
176208, 2128
176243, 2129
176279, 2130
176346, 2131
176377, 2132
176412, 2133
176441, 2134
176479, 2135
176519, 2136
176564, 2137
176599, 2138
176668, 2139
176698, 2140
176734, 2141
176770, 2142
176798, 2143
176835, 2144
176869, 2145
176911, 2146
176954, 2147
177023, 2148
177062, 2149
177101, 2150
177138, 2151
177166, 2152
177217, 2153
177247, 2154
177295, 2155
177408, 2156
177445, 2157
177481, 2158
177516, 2159
177553, 2160
177582, 2161
177618, 2162
177648, 2163
177728, 2164
177757, 2165
177796, 2166
177826, 2167
177864, 2168
177892, 2169
177932, 2170
177969, 2171
178005, 2172
178067, 2173
178102, 2174
178138, 2175
178181, 2176
178219, 2177
178253, 2178
178292, 2179
178366, 2180
178414, 2181
178463, 2182
178514, 2183
178567, 2184
178623, 2185
178674, 2186
178755, 2187
178792, 2188
178831, 2189
178886, 2190
178930, 2191
178973, 2192
179035, 2193
179123, 2194
179177, 2195
179216, 2196
179251, 2197
179293, 2198
179337, 2199
179406, 2200
179448, 2201
179485, 2202
179528, 2203
179569, 2204
179610, 2205
179649, 2206
179711, 2207
179749, 2208
179788, 2209
179838, 2210
179886, 2211
179929, 2212
179971, 2213
180046, 2214
180093, 2215
180135, 2216
180172, 2217
180210, 2218
180246, 2219
180298, 2220
180368, 2221
180415, 2222
180460, 2223
180501, 2224
180546, 2225
180604, 2226
180678, 2227
180771, 2228
180809, 2229
180852, 2230
180898, 2231
180937, 2232
181003, 2233
181043, 2234
181082, 2235
181125, 2236
181163, 2237
181207, 2238
181255, 2239
181323, 2240
181375, 2241
181420, 2242
181464, 2243
181512, 2244
181556, 2245
181634, 2246
181688, 2247
181733, 2248
181783, 2249
181841, 2250
181918, 2251
181957, 2252
181997, 2253
182043, 2254
182082, 2255
182123, 2256
182225, 2257
182272, 2258
182332, 2259
182385, 2260
182436, 2261
182510, 2262
182553, 2263
182595, 2264
182636, 2265
182680, 2266
182728, 2267
182791, 2268
182832, 2269
182888, 2270
182931, 2271
182979, 2272
183051, 2273
183106, 2274
183152, 2275
183205, 2276
183244, 2277
183280, 2278
183379, 2279
183415, 2280
183469, 2281
183516, 2282
183565, 2283
183638, 2284
183690, 2285
183736, 2286
183781, 2287
183830, 2288
183884, 2289
183963, 2290
184014, 2291
184060, 2292
184109, 2293
184157, 2294
184215, 2295
184252, 2296
184299, 2297
184337, 2298
184387, 2299
184438, 2300
184533, 2301
184571, 2302
184610, 2303
184649, 2304
184695, 2305
184760, 2306
184811, 2307
184855, 2308
184912, 2309
184961, 2310
185003, 2311
185088, 2312
185136, 2313
185181, 2314
185220, 2315
185262, 2316
185325, 2317
185371, 2318
185423, 2319
185468, 2320
185513, 2321
185579, 2322
185629, 2323
185684, 2324
185722, 2325
185768, 2326
185878, 2327
185927, 2328
185976, 2329
186016, 2330
186053, 2331
186120, 2332
186165, 2333
186217, 2334
186271, 2335
186320, 2336
186383, 2337
186435, 2338
186474, 2339
186522, 2340
186571, 2341
186640, 2342
186691, 2343
186736, 2344
186792, 2345
186893, 2346
186935, 2347
186989, 2348
187040, 2349
187089, 2350
187155, 2351
187199, 2352
187235, 2353
187276, 2354
187329, 2355
187369, 2356
187422, 2357
187478, 2358
187534, 2359
187613, 2360
187656, 2361
187690, 2362
187738, 2363
187788, 2364
187875, 2365
187923, 2366
187965, 2367
188007, 2368
188076, 2369
188120, 2370
188163, 2371
188200, 2372
188249, 2373
188312, 2374
188355, 2375
188395, 2376
188435, 2377
188473, 2378
188535, 2379
188575, 2380
188611, 2381
188651, 2382
188687, 2383
188717, 2384
188827, 2385
188879, 2386
188923, 2387
188965, 2388
189010, 2389
189078, 2390
189131, 2391
189163, 2392
189200, 2393
189269, 2394
189306, 2395
189341, 2396
189381, 2397
189419, 2398
189489, 2399
189527, 2400
189562, 2401
189610, 2402
189706, 2403
189745, 2404
189778, 2405
189818, 2406
189869, 2407
189919, 2408
189993, 2409
190039, 2410
190087, 2411
190135, 2412
190196, 2413
190227, 2414
190276, 2415
190323, 2416
190364, 2417
190434, 2418
190474, 2419
190518, 2420
190566, 2421
190653, 2422
190696, 2423
190742, 2424
190781, 2425
190829, 2426
190939, 2427
190988, 2428
191037, 2429
191098, 2430
191148, 2431
191190, 2432
191242, 2433
191307, 2434
191352, 2435
191394, 2436
191436, 2437
191512, 2438
191549, 2439
191582, 2440
191621, 2441
191735, 2442
191782, 2443
191823, 2444
191899, 2445
191941, 2446
191986, 2447
192029, 2448
192095, 2449
192137, 2450
192182, 2451
192227, 2452
192272, 2453
192360, 2454
192403, 2455
192441, 2456
192547, 2457
192585, 2458
192623, 2459
192668, 2460
192747, 2461
192795, 2462
192841, 2463
192886, 2464
192949, 2465
192989, 2466
193039, 2467
193104, 2468
193145, 2469
193189, 2470
193234, 2471
193383, 2472
193434, 2473
193474, 2474
193539, 2475
193577, 2476
193613, 2477
193649, 2478
193678, 2479
193744, 2480
193781, 2481
193819, 2482
193865, 2483
193950, 2484
194006, 2485
194081, 2486
194176, 2487
194218, 2488
194265, 2489
194331, 2490
194374, 2491
194426, 2492
194487, 2493
194531, 2494
194569, 2495
194609, 2496
194675, 2497
194724, 2498
194782, 2499
194887, 2500
194939, 2501
194982, 2502
195012, 2503
195088, 2504
195131, 2505
195166, 2506
195225, 2507
195260, 2508
195309, 2509
195377, 2510
195408, 2511
195458, 2512
195505, 2513
195608, 2514
195657, 2515
195700, 2516
195767, 2517
195813, 2518
195855, 2519
195922, 2520
195978, 2521
196027, 2522
196111, 2523
196151, 2524
196187, 2525
196270, 2526
196306, 2527
196351, 2528
196414, 2529
196461, 2530
196506, 2531
196569, 2532
196607, 2533
196644, 2534
196686, 2535
196753, 2536
196795, 2537
196834, 2538
196929, 2539
196963, 2540
197011, 2541
197073, 2542
197115, 2543
197155, 2544
197218, 2545
197278, 2546
197324, 2547
197395, 2548
197447, 2549
197518, 2550
197602, 2551
197641, 2552
197709, 2553
197746, 2554
197786, 2555
197852, 2556
197902, 2557
197958, 2558
198030, 2559
198069, 2560
198167, 2561
198214, 2562
198253, 2563
198319, 2564
198362, 2565
198441, 2566
198476, 2567
198561, 2568
198610, 2569
198658, 2570
198764, 2571
198816, 2572
198867, 2573
198947, 2574
198995, 2575
199059, 2576
199099, 2577
199135, 2578
199190, 2579
199231, 2580
199275, 2581
199393, 2582
199436, 2583
199476, 2584
199545, 2585
199585, 2586
199640, 2587
199674, 2588
199734, 2589
199775, 2590
199813, 2591
199909, 2592
199954, 2593
200036, 2594
200077, 2595
200147, 2596
200229, 2597
200266, 2598
200304, 2599
200405, 2600
200451, 2601
200529, 2602
200573, 2603
200639, 2604
200680, 2605
200753, 2606
200795, 2607
200875, 2608
200939, 2609
201019, 2610
201077, 2611
201125, 2612
201194, 2613
201246, 2614
201315, 2615
201365, 2616
201458, 2617
201506, 2618
201581, 2619
201627, 2620
201691, 2621
201751, 2622
201794, 2623
201893, 2624
201937, 2625
201976, 2626
202046, 2627
202085, 2628
202166, 2629
202205, 2630
202333, 2631
202404, 2632
202440, 2633
202481, 2634
202546, 2635
202647, 2636
202693, 2637
202763, 2638
202805, 2639
202869, 2640
202933, 2641
203005, 2642
203078, 2643
203131, 2644
203202, 2645
203247, 2646
203349, 2647
203488, 2648
203540, 2649
203604, 2650
203680, 2651
203759, 2652
203836, 2653
203893, 2654
203930, 2655
204013, 2656
204055, 2657
204143, 2658
204215, 2659
204271, 2660
204327, 2661
204410, 2662
204460, 2663
204504, 2664
204563, 2665
204627, 2666
204668, 2667
204726, 2668
204770, 2669
204830, 2670
204874, 2671
204939, 2672
205035, 2673
205064, 2674
205135, 2675
205242, 2676
205286, 2677
205347, 2678
205416, 2679
205522, 2680
205590, 2681
205634, 2682
205697, 2683
205787, 2684
205820, 2685
205885, 2686
205952, 2687
206048, 2688
206124, 2689
206193, 2690
206237, 2691
206361, 2692
206401, 2693
206461, 2694
206525, 2695
206573, 2696
206648, 2697
206757, 2698
206812, 2699
206924, 2700
206970, 2701
207045, 2702
207126, 2703
207168, 2704
207258, 2705
207332, 2706
207399, 2707
207488, 2708
207533, 2709
207606, 2710
207679, 2711
207746, 2712
207853, 2713
207917, 2714
208006, 2715
208058, 2716
208152, 2717
208223, 2718
208295, 2719
208413, 2720
208498, 2721
208550, 2722
208590, 2723
208711, 2724
208770, 2725
208833, 2726
208919, 2727
208984, 2728
209045, 2729
209145, 2730
209218, 2731
209285, 2732
209383, 2733
209436, 2734
209508, 2735
209606, 2736
209660, 2737
209751, 2738
209836, 2739
209878, 2740
209985, 2741
210023, 2742
210140, 2743
210217, 2744
210344, 2745
210448, 2746
210513, 2747
210598, 2748
210728, 2749
210804, 2750
210893, 2751
210962, 2752
211020, 2753
211130, 2754
211242, 2755
211389, 2756
211473, 2757
211540, 2758
211660, 2759
211759, 2760
211922, 2761
211961, 2762
212018, 2763
212080, 2764
212208, 2765
212267, 2766
212333, 2767
212518, 2768
212592, 2769
212680, 2770
212751, 2771
212873, 2772
212951, 2773
213075, 2774
213174, 2775
213251, 2776
213340, 2777
213396, 2778
213566, 2779
213673, 2780
213773, 2781
213872, 2782
213929, 2783
214080, 2784
214193, 2785
214327, 2786
214458, 2787
214538, 2788
214669, 2789
214776, 2790
214841, 2791
214966, 2792
215112, 2793
215214, 2794
215361, 2795
215463, 2796
215555, 2797
215651, 2798
215732, 2799
215853, 2800
215939, 2801
216044, 2802
216184, 2803
216276, 2804
216345, 2805
216487, 2806
216546, 2807
216729, 2808
216835, 2809
216945, 2810
217053, 2811
217186, 2812
217362, 2813
217455, 2814
217577, 2815
217718, 2816
217893, 2817
218017, 2818
218078, 2819
218226, 2820
218320, 2821
218522, 2822
218676, 2823
218765, 2824
218953, 2825
219082, 2826
219241, 2827
219330, 2828
219404, 2829
219610, 2830
219768, 2831
219983, 2832
220102, 2833
220255, 2834
220382, 2835
220491, 2836
220661, 2837
220806, 2838
220941, 2839
221044, 2840
221216, 2841
221281, 2842
221434, 2843
221559, 2844
221747, 2845
221868, 2846
222029, 2847
222146, 2848
222230, 2849
222382, 2850
222533, 2851
222659, 2852
222715, 2853
222873, 2854
223041, 2855
223181, 2856
