85116, 1
85152, 2
85173, 3
85217, 4
85257, 5
85284, 6
85325, 7
85351, 8
85393, 9
85420, 10
85461, 11
85476, 12
85518, 13
85559, 14
85587, 15
85617, 16
85656, 17
85686, 18
85725, 19
85758, 20
85782, 21
85822, 22
85851, 23
85894, 24
85921, 25
85963, 26
85978, 27
86019, 28
86061, 29
86077, 30
86117, 31
86159, 32
86186, 33
86228, 34
86243, 35
86298, 36
86312, 37
86356, 38
86395, 39
86410, 40
86451, 41
86494, 42
86507, 43
86562, 44
86589, 45
86618, 46
86659, 47
86675, 48
86716, 49
86756, 50
86980, 51
87188, 52
87228, 53
87271, 54
87302, 55
87327, 56
87369, 57
87469, 58
87588, 59
87631, 60
87660, 61
87702, 62
87743, 63
87786, 64
87827, 65
87870, 66
87898, 67
87938, 68
87982, 69
88022, 70
88051, 71
88065, 72
88106, 73
88136, 74
88177, 75
88192, 76
88234, 77
88275, 78
88291, 79
88330, 80
88372, 81
88429, 82
88467, 83
88498, 84
88537, 85
88567, 86
88608, 87
88624, 88
88664, 89
88706, 90
88749, 91
88779, 92
88803, 93
88844, 94
88874, 95
88915, 96
88943, 97
88972, 98
89012, 99
89040, 100
89083, 101
89098, 102
89138, 103
89179, 104
89196, 105
89235, 106
89277, 107
89304, 108
89347, 109
89374, 110
89402, 111
89445, 112
89473, 113
89512, 114
89555, 115
89583, 116
89599, 117
89638, 118
89680, 119
89721, 120
89749, 121
89778, 122
89821, 123
89851, 124
89890, 125
89918, 126
89947, 127
89987, 128
90017, 129
90057, 130
90072, 131
90143, 132
90158, 133
90196, 134
90224, 135
90250, 136
90293, 137
90309, 138
90348, 139
90392, 140
90407, 141
90449, 142
90490, 143
90519, 144
90559, 145
90587, 146
90628, 147
90657, 148
90687, 149
90726, 150
90755, 151
90797, 152
90822, 153
90849, 154
90891, 155
90919, 156
90962, 157
90990, 158
91033, 159
91058, 160
91088, 161
91115, 162
91157, 163
91198, 164
91214, 165
91269, 166
91295, 167
91312, 168
91352, 169
91395, 170
91437, 171
91462, 172
91490, 173
91518, 174
91560, 175
91602, 176
91616, 177
91659, 178
91686, 179
91728, 180
91770, 181
91786, 182
91868, 183
91894, 184
91910, 185
91949, 186
91992, 187
92020, 188
92048, 189
92076, 190
92120, 191
92176, 192
92201, 193
92255, 194
92273, 195
92298, 196
92338, 197
92366, 198
92409, 199
92435, 200
92466, 201
92506, 202
92534, 203
92562, 204
92604, 205
92646, 206
92689, 207
92715, 208
92772, 209
92798, 210
92841, 211
92883, 212
92899, 213
92938, 214
92968, 215
93008, 216
93035, 217
93065, 218
93105, 219
93147, 220
93175, 221
93216, 222
93244, 223
93271, 224
93314, 225
93330, 226
93368, 227
93411, 228
93441, 229
93481, 230
93509, 231
93550, 232
93577, 233
93609, 234
93648, 235
93694, 236
93717, 237
93758, 238
93784, 239
93826, 240
93869, 241
93898, 242
93926, 243
93969, 244
93995, 245
94037, 246
94064, 247
94093, 248
94123, 249
94177, 250
94204, 251
94232, 252
94274, 253
94289, 254
94330, 255
94386, 256
94412, 257
94427, 258
94470, 259
94496, 260
94539, 261
94556, 262
94594, 263
94635, 264
94664, 265
94693, 266
94735, 267
94762, 268
94792, 269
94845, 270
94872, 271
94887, 272
94941, 273
94958, 274
94997, 275
95040, 276
95056, 277
95095, 278
95137, 279
95180, 280
95208, 281
95233, 282
95276, 283
95307, 284
95350, 285
95399, 286
95441, 287
95457, 288
95497, 289
95528, 290
95568, 291
95595, 292
95637, 293
95664, 294
95692, 295
95735, 296
95763, 297
95791, 298
95832, 299
95863, 300
95902, 301
95945, 302
95960, 303
96000, 304
96030, 305
96069, 306
96096, 307
96128, 308
96167, 309
96209, 310
96238, 311
96294, 312
96319, 313
96336, 314
96375, 315
96403, 316
96446, 317
96463, 318
96501, 319
96543, 320
96571, 321
96613, 322
96629, 323
96670, 324
96710, 325
96739, 326
96766, 327
96809, 328
96837, 329
96879, 330
96920, 331
96948, 332
96963, 333
97004, 334
97033, 335
97075, 336
97100, 337
97142, 338
97170, 339
97212, 340
97297, 341
97311, 342
97353, 343
97394, 344
97409, 345
97450, 346
97481, 347
97519, 348
97547, 349
97588, 350
97631, 351
97648, 352
97686, 353
97728, 354
97756, 355
97782, 356
97824, 357
97867, 358
97896, 359
97938, 360
97964, 361
97992, 362
98033, 363
98048, 364
98090, 365
98132, 366
98159, 367
98201, 368
98216, 369
98259, 370
98299, 371
98315, 372
98354, 373
98397, 374
98425, 375
98467, 376
98484, 377
98522, 378
98563, 379
98592, 380
98633, 381
98676, 382
98693, 383
98731, 384
98759, 385
98803, 386
98827, 387
98870, 388
98886, 389
98940, 390
98966, 391
99036, 392
99051, 393
99080, 394
99120, 395
99147, 396
99175, 397
99218, 398
99259, 399
99275, 400
99315, 401
99358, 402
99386, 403
99415, 404
99469, 405
99497, 406
99512, 407
99553, 408
99595, 409
99622, 410
99663, 411
99690, 412
99731, 413
99747, 414
99802, 415
99829, 416
99859, 417
99884, 418
99927, 419
99969, 420
99985, 421
100025, 422
100067, 423
100094, 424
100135, 425
100164, 426
100205, 427
100234, 428
100276, 429
100291, 430
100332, 431
100373, 432
100388, 433
100429, 434
100471, 435
100502, 436
100527, 437
100582, 438
100610, 439
100637, 440
100653, 441
100694, 442
100734, 443
100764, 444
100804, 445
100861, 446
100876, 447
100905, 448
100948, 449
100988, 450
101014, 451
101056, 452
101084, 453
101126, 454
101153, 455
101169, 456
101209, 457
101253, 458
101278, 459
101322, 460
101347, 461
101375, 462
101418, 463
101449, 464
101487, 465
101529, 466
101555, 467
101583, 468
101626, 469
101653, 470
101681, 471
101710, 472
101752, 473
101794, 474
101808, 475
101849, 476
101892, 477
101918, 478
101948, 479
102003, 480
102018, 481
102059, 482
102087, 483
102127, 484
102169, 485
102184, 486
102227, 487
102252, 488
102294, 489
102321, 490
102364, 491
102390, 492
102433, 493
102462, 494
102489, 495
102532, 496
102574, 497
102589, 498
102645, 499
102685, 500
102711, 501
102738, 502
102791, 503
102809, 504
102865, 505
102880, 506
102920, 507
102962, 508
102976, 509
103031, 510
103047, 511
103100, 512
103115, 513
103156, 514
103198, 515
103216, 516
103266, 517
103282, 518
103311, 519
103365, 520
103379, 521
103421, 522
103463, 523
103491, 524
103519, 525
103560, 526
103587, 527
103630, 528
103658, 529
103686, 530
103728, 531
103757, 532
103797, 533
103814, 534
103852, 535
103894, 536
103937, 537
103951, 538
103994, 539
104022, 540
104061, 541
104077, 542
104131, 543
104147, 544
104201, 545
104216, 546
104259, 547
104284, 548
104327, 549
104368, 550
104384, 551
104424, 552
104466, 553
104491, 554
104520, 555
104561, 556
104590, 557
104632, 558
104660, 559
104676, 560
104743, 561
104772, 562
104815, 563
104854, 564
104883, 565
104924, 566
104952, 567
104995, 568
105011, 569
105052, 570
105094, 571
105121, 572
105149, 573
105190, 574
105205, 575
105259, 576
105274, 577
105316, 578
105357, 579
105385, 580
105413, 581
105456, 582
105497, 583
105524, 584
105550, 585
105579, 586
105635, 587
105663, 588
105691, 589
105733, 590
105759, 591
105801, 592
105819, 593
105857, 594
105886, 595
105927, 596
105956, 597
105996, 598
106039, 599
106053, 600
106095, 601
106125, 602
106164, 603
106190, 604
106220, 605
106259, 606
106302, 607
106331, 608
106376, 609
106398, 610
106440, 611
106456, 612
106498, 613
106539, 614
106554, 615
106595, 616
106637, 617
106683, 618
106706, 619
106734, 620
106778, 621
106817, 622
106834, 623
106873, 624
106915, 625
106943, 626
106985, 627
107013, 628
107054, 629
107095, 630
107111, 631
107152, 632
107195, 633
107235, 634
107251, 635
107291, 636
107321, 637
107346, 638
107390, 639
107432, 640
107459, 641
107487, 642
107529, 643
107570, 644
107598, 645
107639, 646
107682, 647
107709, 648
107751, 649
107779, 650
107822, 651
107848, 652
107876, 653
107917, 654
107946, 655
107989, 656
108015, 657
108057, 658
108083, 659
108112, 660
108167, 661
108194, 662
108210, 663
108254, 664
108291, 665
108334, 666
108361, 667
108405, 668
108431, 669
108462, 670
108503, 671
108544, 672
108584, 673
108613, 674
108656, 675
108696, 676
108726, 677
108808, 678
108850, 679
108864, 680
108904, 681
108950, 682
108979, 683
109018, 684
109045, 685
109087, 686
109117, 687
109141, 688
109182, 689
109225, 690
109252, 691
109293, 692
109323, 693
109350, 694
109393, 695
109420, 696
109464, 697
109492, 698
109532, 699
109574, 700
109603, 701
109630, 702
109674, 703
109698, 704
109742, 705
109769, 706
109795, 707
109836, 708
109866, 709
109895, 710
109937, 711
109965, 712
110019, 713
110048, 714
110075, 715
110105, 716
110131, 717
110173, 718
110201, 719
110228, 720
110270, 721
110325, 722
110356, 723
110396, 724
110424, 725
110450, 726
110507, 727
110533, 728
110550, 729
110593, 730
110632, 731
110673, 732
110702, 733
110718, 734
110760, 735
110812, 736
110840, 737
110871, 738
110896, 739
110922, 740
110966, 741
110993, 742
111036, 743
111064, 744
111092, 745
111119, 746
111166, 747
111226, 748
111256, 749
111285, 750
111327, 751
111353, 752
111397, 753
111426, 754
111467, 755
111495, 756
111521, 757
111564, 758
111593, 759
111622, 760
111663, 761
111702, 762
111742, 763
111771, 764
111799, 765
111844, 766
111918, 767
111938, 768
111968, 769
112005, 770
112044, 771
112084, 772
112111, 773
112138, 774
112180, 775
112206, 776
112260, 777
112286, 778
112327, 779
112355, 780
112385, 781
112412, 782
112468, 783
112496, 784
112523, 785
112565, 786
112581, 787
112621, 788
112665, 789
112692, 790
112722, 791
112746, 792
112791, 793
112815, 794
112857, 795
112889, 796
112926, 797
112968, 798
112997, 799
113028, 800
113066, 801
113109, 802
113137, 803
113154, 804
113196, 805
113235, 806
113262, 807
113304, 808
113349, 809
113374, 810
113403, 811
113444, 812
113469, 813
113548, 814
113566, 815
113606, 816
113631, 817
113657, 818
113700, 819
113723, 820
113779, 821
113807, 822
113833, 823
113859, 824
113903, 825
113943, 826
113973, 827
114000, 828
114041, 829
114069, 830
114100, 831
114141, 832
114182, 833
114208, 834
114263, 835
114299, 836
114333, 837
114363, 838
114392, 839
114447, 840
114485, 841
114511, 842
114543, 843
114569, 844
114611, 845
114641, 846
114672, 847
114709, 848
114737, 849
114779, 850
114836, 851
114867, 852
114904, 853
114996, 854
115021, 855
115047, 856
115092, 857
115130, 858
115168, 859
115197, 860
115223, 861
115263, 862
115312, 863
115337, 864
115361, 865
115400, 866
115440, 867
115464, 868
115506, 869
115532, 870
115587, 871
115614, 872
115644, 873
115677, 874
115711, 875
115739, 876
115783, 877
115824, 878
115853, 879
115879, 880
115933, 881
115966, 882
115993, 883
116028, 884
116055, 885
116082, 886
116122, 887
116152, 888
116223, 889
116253, 890
116293, 891
116338, 892
116381, 893
116418, 894
116457, 895
116493, 896
116526, 897
116553, 898
116584, 899
116615, 900
116663, 901
116689, 902
116715, 903
116770, 904
116797, 905
116832, 906
116864, 907
116908, 908
116945, 909
116985, 910
117013, 911
117042, 912
117095, 913
117134, 914
117172, 915
117201, 916
117236, 917
117315, 918
117350, 919
117374, 920
117426, 921
117458, 922
117483, 923
117523, 924
117549, 925
117592, 926
117639, 927
117676, 928
117718, 929
117768, 930
117808, 931
117842, 932
117876, 933
117923, 934
117970, 935
118012, 936
118048, 937
118088, 938
118128, 939
118166, 940
118203, 941
118242, 942
118283, 943
118321, 944
118368, 945
118446, 946
118479, 947
118505, 948
118547, 949
118596, 950
118625, 951
118654, 952
118689, 953
118736, 954
118771, 955
118801, 956
118832, 957
118871, 958
118913, 959
118972, 960
119012, 961
119045, 962
119085, 963
119115, 964
119156, 965
119198, 966
119232, 967
119273, 968
119302, 969
119337, 970
119378, 971
119413, 972
119493, 973
119530, 974
119570, 975
119614, 976
119642, 977
119695, 978
119734, 979
119793, 980
119827, 981
119855, 982
119883, 983
119938, 984
119972, 985
120012, 986
120054, 987
120097, 988
120139, 989
120182, 990
120223, 991
120275, 992
120312, 993
120344, 994
120386, 995
120440, 996
120474, 997
120554, 998
120604, 999
120653, 1000
120684, 1001
120724, 1002
120762, 1003
120803, 1004
120843, 1005
120880, 1006
120909, 1007
120948, 1008
121005, 1009
121042, 1010
121083, 1011
121132, 1012
121167, 1013
121197, 1014
121237, 1015
121282, 1016
121337, 1017
121378, 1018
121419, 1019
121530, 1020
121564, 1021
121604, 1022
121658, 1023
121697, 1024
121742, 1025
121781, 1026
121834, 1027
121871, 1028
121903, 1029
121936, 1030
121977, 1031
122024, 1032
122062, 1033
122103, 1034
122153, 1035
122191, 1036
122239, 1037
122281, 1038
122332, 1039
122373, 1040
122435, 1041
122471, 1042
122513, 1043
122551, 1044
122597, 1045
122634, 1046
122688, 1047
122727, 1048
122768, 1049
122812, 1050
122860, 1051
122898, 1052
122927, 1053
122967, 1054
123022, 1055
123063, 1056
123100, 1057
123142, 1058
123197, 1059
123234, 1060
123273, 1061
123315, 1062
123409, 1063
123456, 1064
123490, 1065
123545, 1066
123581, 1067
123612, 1068
123647, 1069
123692, 1070
123734, 1071
123772, 1072
123811, 1073
123868, 1074
123900, 1075
123945, 1076
123979, 1077
124031, 1078
124068, 1079
124103, 1080
124133, 1081
124177, 1082
124244, 1083
124276, 1084
124314, 1085
124372, 1086
124408, 1087
124452, 1088
124489, 1089
124545, 1090
124581, 1091
124625, 1092
124666, 1093
124727, 1094
124767, 1095
124818, 1096
124878, 1097
124931, 1098
124989, 1099
125040, 1100
125169, 1101
125223, 1102
125273, 1103
125329, 1104
125376, 1105
125436, 1106
125479, 1107
125529, 1108
125586, 1109
125627, 1110
125676, 1111
125714, 1112
125768, 1113
125798, 1114
125865, 1115
125916, 1116
125991, 1117
126079, 1118
126136, 1119
126185, 1120
126227, 1121
126277, 1122
126324, 1123
126371, 1124
126410, 1125
126476, 1126
126515, 1127
126549, 1128
126604, 1129
126663, 1130
126717, 1131
126768, 1132
126821, 1133
126899, 1134
126960, 1135
127016, 1136
127065, 1137
127115, 1138
127177, 1139
127216, 1140
127260, 1141
127297, 1142
127357, 1143
127395, 1144
127441, 1145
127485, 1146
127551, 1147
127595, 1148
127633, 1149
127685, 1150
127754, 1151
127794, 1152
127857, 1153
127903, 1154
127950, 1155
127999, 1156
128055, 1157
128109, 1158
128156, 1159
128220, 1160
128272, 1161
128313, 1162
128377, 1163
128420, 1164
128462, 1165
128504, 1166
128567, 1167
128648, 1168
128691, 1169
128749, 1170
128795, 1171
128846, 1172
128883, 1173
128941, 1174
128980, 1175
129037, 1176
129097, 1177
129150, 1178
129187, 1179
129233, 1180
129284, 1181
129327, 1182
129374, 1183
129423, 1184
129496, 1185
129607, 1186
129650, 1187
129695, 1188
129733, 1189
129771, 1190
129835, 1191
129884, 1192
129933, 1193
129998, 1194
130039, 1195
130077, 1196
130135, 1197
130200, 1198
130244, 1199
130333, 1200
130380, 1201
130428, 1202
130480, 1203
130514, 1204
130576, 1205
130621, 1206
130672, 1207
130720, 1208
130776, 1209
130827, 1210
130881, 1211
130923, 1212
130970, 1213
131017, 1214
131084, 1215
131135, 1216
131204, 1217
131272, 1218
131312, 1219
131361, 1220
131423, 1221
131475, 1222
131522, 1223
131579, 1224
131631, 1225
131695, 1226
131760, 1227
131820, 1228
131872, 1229
131933, 1230
132003, 1231
132042, 1232
132117, 1233
132164, 1234
132211, 1235
132267, 1236
132309, 1237
132360, 1238
132407, 1239
132477, 1240
132528, 1241
132578, 1242
132630, 1243
132682, 1244
132724, 1245
132834, 1246
132899, 1247
132972, 1248
133019, 1249
133054, 1250
133111, 1251
133155, 1252
133208, 1253
133260, 1254
133334, 1255
133388, 1256
133430, 1257
133491, 1258
133546, 1259
133650, 1260
133723, 1261
133779, 1262
133847, 1263
133900, 1264
133945, 1265
134022, 1266
134071, 1267
134119, 1268
134176, 1269
134231, 1270
134290, 1271
134373, 1272
134415, 1273
134459, 1274
134519, 1275
134573, 1276
134627, 1277
134700, 1278
134752, 1279
134798, 1280
134853, 1281
134905, 1282
134952, 1283
135007, 1284
135050, 1285
135113, 1286
135160, 1287
135212, 1288
135252, 1289
135291, 1290
135352, 1291
135412, 1292
135462, 1293
135512, 1294
135567, 1295
135610, 1296
135668, 1297
135715, 1298
135782, 1299
135829, 1300
135905, 1301
135956, 1302
135998, 1303
136038, 1304
136096, 1305
136140, 1306
136190, 1307
136240, 1308
136289, 1309
136335, 1310
136382, 1311
136420, 1312
136475, 1313
136522, 1314
136579, 1315
136650, 1316
136701, 1317
136742, 1318
136783, 1319
136828, 1320
136868, 1321
136904, 1322
136945, 1323
136998, 1324
137041, 1325
137076, 1326
137118, 1327
137170, 1328
137217, 1329
137251, 1330
137278, 1331
137334, 1332
137372, 1333
137455, 1334
137499, 1335
137566, 1336
137613, 1337
137669, 1338
137728, 1339
137777, 1340
137825, 1341
137880, 1342
137934, 1343
137986, 1344
138040, 1345
138085, 1346
138160, 1347
138207, 1348
138271, 1349
138320, 1350
138363, 1351
138415, 1352
138466, 1353
138517, 1354
138558, 1355
138617, 1356
138670, 1357
138714, 1358
138767, 1359
138807, 1360
138875, 1361
138917, 1362
138982, 1363
139028, 1364
139072, 1365
139129, 1366
139180, 1367
139226, 1368
139268, 1369
139313, 1370
139362, 1371
139406, 1372
139473, 1373
139516, 1374
139563, 1375
139648, 1376
139683, 1377
139723, 1378
139768, 1379
139812, 1380
139857, 1381
139898, 1382
139950, 1383
139996, 1384
140051, 1385
140092, 1386
140157, 1387
140194, 1388
140233, 1389
140278, 1390
140357, 1391
140406, 1392
140448, 1393
140519, 1394
140578, 1395
140623, 1396
140680, 1397
140734, 1398
140783, 1399
140838, 1400
140880, 1401
140938, 1402
140998, 1403
141099, 1404
141150, 1405
141213, 1406
141265, 1407
141314, 1408
141371, 1409
141432, 1410
141476, 1411
141537, 1412
141581, 1413
141630, 1414
141694, 1415
141761, 1416
141806, 1417
141869, 1418
141921, 1419
141971, 1420
142029, 1421
142069, 1422
142113, 1423
142159, 1424
142219, 1425
142273, 1426
142324, 1427
142422, 1428
142468, 1429
142514, 1430
142577, 1431
142623, 1432
142683, 1433
142752, 1434
142792, 1435
142836, 1436
142896, 1437
142944, 1438
142995, 1439
143084, 1440
143130, 1441
143191, 1442
143246, 1443
143300, 1444
143347, 1445
143407, 1446
143454, 1447
143503, 1448
143577, 1449
143631, 1450
143672, 1451
143747, 1452
143788, 1453
143848, 1454
143912, 1455
143961, 1456
144007, 1457
144064, 1458
144103, 1459
144144, 1460
144181, 1461
144242, 1462
144298, 1463
144343, 1464
144444, 1465
144490, 1466
144531, 1467
144588, 1468
144637, 1469
144686, 1470
144738, 1471
144803, 1472
144846, 1473
144884, 1474
144944, 1475
144998, 1476
145079, 1477
145146, 1478
145201, 1479
145247, 1480
145312, 1481
145366, 1482
145419, 1483
145474, 1484
145517, 1485
145569, 1486
145619, 1487
145689, 1488
145774, 1489
145830, 1490
145876, 1491
145932, 1492
145998, 1493
146055, 1494
146103, 1495
146151, 1496
146182, 1497
146233, 1498
146285, 1499
146356, 1500
146430, 1501
146487, 1502
146547, 1503
146587, 1504
146637, 1505
146702, 1506
146754, 1507
146801, 1508
146861, 1509
146905, 1510
146960, 1511
147043, 1512
147098, 1513
147150, 1514
147197, 1515
147259, 1516
147311, 1517
147363, 1518
147414, 1519
147463, 1520
147515, 1521
147560, 1522
147613, 1523
147653, 1524
147757, 1525
147817, 1526
147870, 1527
147922, 1528
147974, 1529
148024, 1530
148061, 1531
148120, 1532
148159, 1533
148196, 1534
148247, 1535
148310, 1536
148360, 1537
148434, 1538
148490, 1539
148530, 1540
148570, 1541
148622, 1542
148670, 1543
148729, 1544
148777, 1545
148841, 1546
148882, 1547
148935, 1548
148998, 1549
149065, 1550
149112, 1551
149162, 1552
149207, 1553
149257, 1554
149297, 1555
149372, 1556
149423, 1557
149471, 1558
149538, 1559
149583, 1560
149625, 1561
149723, 1562
149763, 1563
149807, 1564
149875, 1565
149918, 1566
149969, 1567
150028, 1568
150072, 1569
150129, 1570
150201, 1571
150253, 1572
150330, 1573
150391, 1574
150455, 1575
150499, 1576
150549, 1577
150589, 1578
150640, 1579
150683, 1580
150742, 1581
150796, 1582
150853, 1583
150990, 1584
151036, 1585
151087, 1586
151129, 1587
151178, 1588
151229, 1589
151289, 1590
151352, 1591
151401, 1592
151450, 1593
151488, 1594
151534, 1595
151608, 1596
151670, 1597
151711, 1598
151766, 1599
151820, 1600
151879, 1601
151922, 1602
151983, 1603
152032, 1604
152076, 1605
152127, 1606
152199, 1607
152250, 1608
152302, 1609
152344, 1610
152404, 1611
152449, 1612
152508, 1613
152560, 1614
152623, 1615
152701, 1616
152757, 1617
152833, 1618
152902, 1619
152949, 1620
153004, 1621
153065, 1622
153123, 1623
153172, 1624
153219, 1625
153259, 1626
153302, 1627
153346, 1628
153414, 1629
153456, 1630
153519, 1631
153567, 1632
153628, 1633
153677, 1634
153726, 1635
153793, 1636
153833, 1637
153874, 1638
153934, 1639
153990, 1640
154039, 1641
154154, 1642
154209, 1643
154267, 1644
154309, 1645
154353, 1646
154412, 1647
154458, 1648
154500, 1649
154558, 1650
154602, 1651
154641, 1652
154690, 1653
154783, 1654
154836, 1655
154885, 1656
154961, 1657
155013, 1658
155060, 1659
155109, 1660
155157, 1661
155210, 1662
155252, 1663
155396, 1664
155440, 1665
155509, 1666
155567, 1667
155609, 1668
155679, 1669
155722, 1670
155774, 1671
155831, 1672
155881, 1673
155930, 1674
156014, 1675
156062, 1676
156110, 1677
156176, 1678
156215, 1679
156267, 1680
156323, 1681
156372, 1682
156417, 1683
156469, 1684
156522, 1685
156572, 1686
156653, 1687
156699, 1688
156751, 1689
156809, 1690
156851, 1691
156896, 1692
156958, 1693
156988, 1694
157045, 1695
157097, 1696
157161, 1697
157258, 1698
157309, 1699
157378, 1700
157426, 1701
157469, 1702
157534, 1703
157590, 1704
157632, 1705
157695, 1706
157727, 1707
157769, 1708
157846, 1709
157906, 1710
157952, 1711
158010, 1712
158069, 1713
158106, 1714
158145, 1715
158187, 1716
158240, 1717
158280, 1718
158333, 1719
158407, 1720
158465, 1721
158511, 1722
158558, 1723
158616, 1724
158657, 1725
158710, 1726
158768, 1727
158829, 1728
158884, 1729
158936, 1730
159025, 1731
159069, 1732
159113, 1733
159173, 1734
159217, 1735
159256, 1736
159301, 1737
159357, 1738
159398, 1739
159456, 1740
159509, 1741
159596, 1742
159654, 1743
159713, 1744
159773, 1745
159817, 1746
159869, 1747
159937, 1748
159989, 1749
160044, 1750
160106, 1751
160218, 1752
160270, 1753
160325, 1754
160375, 1755
160429, 1756
160476, 1757
160522, 1758
160581, 1759
160638, 1760
160713, 1761
160763, 1762
160821, 1763
160865, 1764
160917, 1765
160971, 1766
161023, 1767
161065, 1768
161130, 1769
161168, 1770
161205, 1771
161272, 1772
161329, 1773
161378, 1774
161425, 1775
161492, 1776
161532, 1777
161590, 1778
161646, 1779
161696, 1780
161739, 1781
161791, 1782
161880, 1783
161924, 1784
161990, 1785
162031, 1786
162074, 1787
162128, 1788
162179, 1789
162231, 1790
162283, 1791
162326, 1792
162382, 1793
162463, 1794
162527, 1795
162573, 1796
162630, 1797
162693, 1798
162744, 1799
162784, 1800
162835, 1801
162881, 1802
162927, 1803
162967, 1804
163073, 1805
163128, 1806
163176, 1807
163212, 1808
163251, 1809
163320, 1810
163374, 1811
163415, 1812
163469, 1813
163529, 1814
163602, 1815
163641, 1816
163717, 1817
163769, 1818
163803, 1819
163881, 1820
163929, 1821
163971, 1822
164036, 1823
164093, 1824
164162, 1825
164223, 1826
164273, 1827
164333, 1828
164393, 1829
164446, 1830
164494, 1831
164550, 1832
164589, 1833
164669, 1834
164710, 1835
164775, 1836
164822, 1837
164870, 1838
164925, 1839
164970, 1840
165020, 1841
165070, 1842
165144, 1843
165224, 1844
165267, 1845
165329, 1846
165387, 1847
165440, 1848
165488, 1849
165537, 1850
165578, 1851
165629, 1852
165689, 1853
165784, 1854
165838, 1855
165888, 1856
165928, 1857
165964, 1858
166023, 1859
166088, 1860
166135, 1861
166176, 1862
166232, 1863
166292, 1864
166346, 1865
166413, 1866
166465, 1867
166513, 1868
166575, 1869
166625, 1870
166666, 1871
166716, 1872
166765, 1873
166833, 1874
166878, 1875
166943, 1876
166984, 1877
167025, 1878
167081, 1879
167139, 1880
167185, 1881
167241, 1882
167313, 1883
167361, 1884
167415, 1885
167465, 1886
167513, 1887
167559, 1888
167613, 1889
167656, 1890
167695, 1891
167740, 1892
167810, 1893
167895, 1894
167940, 1895
167998, 1896
168038, 1897
168085, 1898
168146, 1899
168201, 1900
168251, 1901
168293, 1902
168398, 1903
168438, 1904
168490, 1905
168550, 1906
168596, 1907
168657, 1908
168715, 1909
168766, 1910
168810, 1911
168895, 1912
168940, 1913
168981, 1914
169036, 1915
169084, 1916
169139, 1917
169192, 1918
169246, 1919
169326, 1920
169376, 1921
169436, 1922
169486, 1923
169537, 1924
169588, 1925
169639, 1926
169683, 1927
169735, 1928
169801, 1929
169842, 1930
169909, 1931
169956, 1932
170002, 1933
170058, 1934
170109, 1935
170152, 1936
170222, 1937
170294, 1938
170347, 1939
170397, 1940
170442, 1941
170482, 1942
170532, 1943
170592, 1944
170638, 1945
170693, 1946
170832, 1947
170886, 1948
170951, 1949
170999, 1950
171053, 1951
171115, 1952
171175, 1953
171218, 1954
171313, 1955
171368, 1956
171411, 1957
171469, 1958
171521, 1959
171567, 1960
171616, 1961
171659, 1962
171708, 1963
171782, 1964
171840, 1965
171889, 1966
171934, 1967
171996, 1968
172048, 1969
172088, 1970
172157, 1971
172229, 1972
172274, 1973
172326, 1974
172371, 1975
172421, 1976
172464, 1977
172520, 1978
172561, 1979
172617, 1980
172683, 1981
172738, 1982
172784, 1983
172832, 1984
172896, 1985
172951, 1986
172995, 1987
173059, 1988
173150, 1989
173198, 1990
173255, 1991
173303, 1992
173354, 1993
173420, 1994
173477, 1995
173526, 1996
173590, 1997
173651, 1998
173697, 1999
173769, 2000
173811, 2001
173853, 2002
173903, 2003
173945, 2004
173988, 2005
174056, 2006
174113, 2007
174164, 2008
174207, 2009
174266, 2010
174312, 2011
174349, 2012
174404, 2013
174486, 2014
174525, 2015
174576, 2016
174638, 2017
174694, 2018
174741, 2019
174813, 2020
174858, 2021
174896, 2022
174973, 2023
175022, 2024
175072, 2025
175120, 2026
175162, 2027
175201, 2028
175242, 2029
175302, 2030
175351, 2031
175438, 2032
175488, 2033
175529, 2034
175574, 2035
175635, 2036
175676, 2037
175717, 2038
175768, 2039
175819, 2040
175886, 2041
175924, 2042
175987, 2043
176028, 2044
176064, 2045
176110, 2046
176173, 2047
176226, 2048
176292, 2049
176342, 2050
176392, 2051
176438, 2052
176492, 2053
176533, 2054
176579, 2055
176634, 2056
176724, 2057
176771, 2058
176813, 2059
176868, 2060
176926, 2061
176983, 2062
177029, 2063
177068, 2064
177138, 2065
177190, 2066
177259, 2067
177300, 2068
177346, 2069
177411, 2070
177455, 2071
177500, 2072
177591, 2073
177673, 2074
177732, 2075
177767, 2076
177825, 2077
177867, 2078
177926, 2079
177966, 2080
178001, 2081
178061, 2082
178107, 2083
178141, 2084
178177, 2085
178208, 2086
178252, 2087
178299, 2088
178337, 2089
178417, 2090
178463, 2091
178514, 2092
178552, 2093
178596, 2094
178637, 2095
178693, 2096
178728, 2097
178780, 2098
178844, 2099
178886, 2100
178932, 2101
178984, 2102
179034, 2103
179072, 2104
179113, 2105
179152, 2106
179225, 2107
179262, 2108
179303, 2109
179346, 2110
179397, 2111
179432, 2112
179463, 2113
179509, 2114
179559, 2115
179593, 2116
179680, 2117
179718, 2118
179772, 2119
179806, 2120
179848, 2121
179897, 2122
179961, 2123
179992, 2124
180044, 2125
180075, 2126
180116, 2127
180156, 2128
180184, 2129
180226, 2130
180267, 2131
180321, 2132
180366, 2133
180433, 2134
180479, 2135
180538, 2136
180579, 2137
180629, 2138
180675, 2139
180722, 2140
180763, 2141
180819, 2142
180868, 2143
180919, 2144
180957, 2145
181005, 2146
181050, 2147
181103, 2148
181151, 2149
181208, 2150
181260, 2151
181299, 2152
181339, 2153
181378, 2154
181434, 2155
181474, 2156
181516, 2157
181610, 2158
181651, 2159
181685, 2160
181714, 2161
181757, 2162
181792, 2163
181842, 2164
181882, 2165
181927, 2166
181997, 2167
182038, 2168
182064, 2169
182118, 2170
182147, 2171
182203, 2172
182250, 2173
182289, 2174
182355, 2175
182395, 2176
182440, 2177
182476, 2178
182519, 2179
182583, 2180
182626, 2181
182705, 2182
182753, 2183
182802, 2184
182845, 2185
182915, 2186
182976, 2187
183031, 2188
183153, 2189
183199, 2190
183260, 2191
183306, 2192
183357, 2193
183429, 2194
183491, 2195
183532, 2196
183582, 2197
183625, 2198
183671, 2199
183712, 2200
183774, 2201
183843, 2202
183892, 2203
183940, 2204
183982, 2205
184029, 2206
184077, 2207
184127, 2208
184165, 2209
184232, 2210
184275, 2211
184336, 2212
184383, 2213
184430, 2214
184486, 2215
184538, 2216
184624, 2217
184676, 2218
184722, 2219
184763, 2220
184821, 2221
184884, 2222
184931, 2223
185013, 2224
185060, 2225
185115, 2226
185177, 2227
185223, 2228
185307, 2229
185369, 2230
185403, 2231
185447, 2232
185497, 2233
185544, 2234
185582, 2235
185654, 2236
185722, 2237
185762, 2238
185809, 2239
185859, 2240
185899, 2241
185938, 2242
186007, 2243
186063, 2244
186112, 2245
186154, 2246
186207, 2247
186257, 2248
186305, 2249
186401, 2250
186467, 2251
186508, 2252
186574, 2253
186618, 2254
186670, 2255
186749, 2256
186801, 2257
186850, 2258
186907, 2259
186951, 2260
187001, 2261
187089, 2262
187126, 2263
187170, 2264
187226, 2265
187277, 2266
187355, 2267
187414, 2268
187456, 2269
187505, 2270
187559, 2271
187604, 2272
187651, 2273
187753, 2274
187814, 2275
187857, 2276
187912, 2277
187961, 2278
188002, 2279
188081, 2280
188135, 2281
188181, 2282
188234, 2283
188276, 2284
188313, 2285
188374, 2286
188428, 2287
188490, 2288
188541, 2289
188587, 2290
188642, 2291
188718, 2292
188766, 2293
188825, 2294
188882, 2295
188936, 2296
189021, 2297
189057, 2298
189110, 2299
189166, 2300
189219, 2301
189329, 2302
189385, 2303
189439, 2304
189497, 2305
189547, 2306
189618, 2307
189664, 2308
189712, 2309
189755, 2310
189817, 2311
189865, 2312
189931, 2313
189986, 2314
190041, 2315
190095, 2316
190141, 2317
190205, 2318
190275, 2319
190323, 2320
190379, 2321
190421, 2322
190462, 2323
190497, 2324
190592, 2325
190633, 2326
190688, 2327
190759, 2328
190805, 2329
190879, 2330
190932, 2331
190974, 2332
191017, 2333
191073, 2334
191147, 2335
191191, 2336
191256, 2337
191303, 2338
191349, 2339
191429, 2340
191478, 2341
191525, 2342
191583, 2343
191621, 2344
191656, 2345
191699, 2346
191812, 2347
191860, 2348
191916, 2349
191953, 2350
192023, 2351
192067, 2352
192121, 2353
192159, 2354
192206, 2355
192252, 2356
192336, 2357
192388, 2358
192433, 2359
192485, 2360
192521, 2361
192562, 2362
192630, 2363
192693, 2364
192739, 2365
192796, 2366
192849, 2367
192949, 2368
192995, 2369
193052, 2370
193098, 2371
193147, 2372
193226, 2373
193286, 2374
193338, 2375
193398, 2376
193445, 2377
193526, 2378
193582, 2379
193623, 2380
193675, 2381
193754, 2382
193820, 2383
193859, 2384
193910, 2385
193966, 2386
194049, 2387
194087, 2388
194154, 2389
194207, 2390
194262, 2391
194335, 2392
194376, 2393
194424, 2394
194482, 2395
194522, 2396
194587, 2397
194622, 2398
194681, 2399
194720, 2400
194763, 2401
194836, 2402
194890, 2403
194943, 2404
194975, 2405
195052, 2406
195129, 2407
195178, 2408
195224, 2409
195266, 2410
195336, 2411
195385, 2412
195436, 2413
195478, 2414
195510, 2415
195549, 2416
195625, 2417
195666, 2418
195722, 2419
195782, 2420
195835, 2421
195889, 2422
195952, 2423
196006, 2424
196045, 2425
196103, 2426
196199, 2427
196235, 2428
196293, 2429
196330, 2430
196375, 2431
196434, 2432
196496, 2433
196547, 2434
196595, 2435
196673, 2436
196722, 2437
196793, 2438
196846, 2439
196912, 2440
196959, 2441
197014, 2442
197056, 2443
197100, 2444
197204, 2445
197263, 2446
197315, 2447
197365, 2448
197433, 2449
197484, 2450
197541, 2451
197585, 2452
197650, 2453
197738, 2454
197777, 2455
197823, 2456
197871, 2457
197928, 2458
197982, 2459
198048, 2460
198095, 2461
198188, 2462
198234, 2463
198279, 2464
198326, 2465
198382, 2466
198447, 2467
198493, 2468
198553, 2469
198593, 2470
198661, 2471
198708, 2472
198772, 2473
198810, 2474
198851, 2475
198905, 2476
198957, 2477
199004, 2478
199050, 2479
199164, 2480
199216, 2481
199266, 2482
199303, 2483
199364, 2484
199421, 2485
199498, 2486
199559, 2487
199638, 2488
199699, 2489
199750, 2490
199785, 2491
199841, 2492
199902, 2493
199953, 2494
200012, 2495
200059, 2496
200161, 2497
200235, 2498
200283, 2499
200336, 2500
200407, 2501
200447, 2502
200489, 2503
200541, 2504
200610, 2505
200668, 2506
200747, 2507
200792, 2508
200860, 2509
200928, 2510
200975, 2511
201023, 2512
201129, 2513
201189, 2514
201253, 2515
201318, 2516
201362, 2517
201428, 2518
201474, 2519
201555, 2520
201623, 2521
201677, 2522
201761, 2523
201807, 2524
201849, 2525
201923, 2526
202013, 2527
202052, 2528
202109, 2529
202175, 2530
202234, 2531
202291, 2532
202340, 2533
202408, 2534
202464, 2535
202515, 2536
202571, 2537
202667, 2538
202712, 2539
202767, 2540
202872, 2541
202921, 2542
202977, 2543
203044, 2544
203087, 2545
203157, 2546
203210, 2547
203265, 2548
203331, 2549
203375, 2550
203447, 2551
203513, 2552
203566, 2553
203620, 2554
203751, 2555
203789, 2556
203865, 2557
203939, 2558
203984, 2559
204043, 2560
204118, 2561
204168, 2562
204216, 2563
204263, 2564
204329, 2565
204381, 2566
204426, 2567
204508, 2568
204550, 2569
204612, 2570
204686, 2571
204746, 2572
204808, 2573
204862, 2574
204939, 2575
204995, 2576
205045, 2577
205127, 2578
205193, 2579
205230, 2580
205277, 2581
205393, 2582
205423, 2583
205466, 2584
205532, 2585
205581, 2586
205643, 2587
205736, 2588
205789, 2589
205856, 2590
205923, 2591
205978, 2592
206100, 2593
206147, 2594
206196, 2595
206263, 2596
206316, 2597
206369, 2598
206414, 2599
206474, 2600
206527, 2601
206582, 2602
206650, 2603
206715, 2604
206821, 2605
206864, 2606
206928, 2607
207003, 2608
207057, 2609
207134, 2610
207204, 2611
207250, 2612
207315, 2613
207379, 2614
207417, 2615
207475, 2616
207569, 2617
207620, 2618
207708, 2619
207768, 2620
207817, 2621
207894, 2622
207963, 2623
208015, 2624
208073, 2625
208150, 2626
208200, 2627
208300, 2628
208351, 2629
208397, 2630
208479, 2631
208535, 2632
208593, 2633
208690, 2634
208736, 2635
208809, 2636
208849, 2637
208904, 2638
209037, 2639
209085, 2640
209155, 2641
209195, 2642
209236, 2643
209326, 2644
209378, 2645
209422, 2646
209497, 2647
209537, 2648
209577, 2649
209686, 2650
209733, 2651
209794, 2652
209875, 2653
209921, 2654
209992, 2655
210028, 2656
210069, 2657
210176, 2658
210219, 2659
210293, 2660
210367, 2661
210419, 2662
210506, 2663
210555, 2664
210653, 2665
210709, 2666
210762, 2667
210838, 2668
210882, 2669
210950, 2670
211020, 2671
211097, 2672
211142, 2673
211200, 2674
211297, 2675
211346, 2676
211436, 2677
211494, 2678
211561, 2679
211613, 2680
211661, 2681
211733, 2682
211785, 2683
211877, 2684
211935, 2685
211994, 2686
212057, 2687
212114, 2688
212187, 2689
212233, 2690
212299, 2691
212379, 2692
212490, 2693
212544, 2694
212605, 2695
212675, 2696
212724, 2697
212808, 2698
212849, 2699
212911, 2700
212970, 2701
213012, 2702
213116, 2703
213205, 2704
213252, 2705
213316, 2706
213409, 2707
213507, 2708
213577, 2709
213614, 2710
213685, 2711
213736, 2712
213819, 2713
213880, 2714
213923, 2715
213992, 2716
214059, 2717
214165, 2718
214210, 2719
214278, 2720
214357, 2721
214425, 2722
214487, 2723
214557, 2724
214595, 2725
214702, 2726
214750, 2727
214827, 2728
214884, 2729
214951, 2730
214994, 2731
215104, 2732
215162, 2733
215251, 2734
215300, 2735
215392, 2736
215435, 2737
215526, 2738
215566, 2739
215611, 2740
215663, 2741
215709, 2742
215779, 2743
215816, 2744
215881, 2745
215937, 2746
216034, 2747
216115, 2748
216164, 2749
216244, 2750
216289, 2751
216399, 2752
216454, 2753
216522, 2754
216590, 2755
216636, 2756
216758, 2757
216818, 2758
216904, 2759
216977, 2760
217021, 2761
217127, 2762
217177, 2763
217247, 2764
217337, 2765
217383, 2766
217489, 2767
217536, 2768
217691, 2769
217736, 2770
217787, 2771
217848, 2772
217892, 2773
218000, 2774
218052, 2775
218154, 2776
218215, 2777
218280, 2778
218326, 2779
218434, 2780
218507, 2781
218580, 2782
218645, 2783
218736, 2784
218830, 2785
218896, 2786
218964, 2787
219048, 2788
219122, 2789
219191, 2790
219266, 2791
219359, 2792
219423, 2793
219470, 2794
219545, 2795
219620, 2796
219680, 2797
219815, 2798
219862, 2799
219942, 2800
220017, 2801
220092, 2802
220203, 2803
220263, 2804
220353, 2805
220466, 2806
220523, 2807
220613, 2808
220704, 2809
220751, 2810
220875, 2811
220956, 2812
221029, 2813
221123, 2814
221194, 2815
221244, 2816
221309, 2817
221428, 2818
221519, 2819
221573, 2820
221683, 2821
221767, 2822
221859, 2823
221919, 2824
221999, 2825
222113, 2826
222216, 2827
222271, 2828
222332, 2829
222419, 2830
222512, 2831
222590, 2832
222713, 2833
222788, 2834
222844, 2835
222914, 2836
223021, 2837
223099, 2838
223200, 2839
223280, 2840
223330, 2841
223434, 2842
223539, 2843
223613, 2844
223679, 2845
223786, 2846
223830, 2847
223911, 2848
223978, 2849
224070, 2850
224172, 2851
224246, 2852
224366, 2853
224437, 2854
224510, 2855
224602, 2856
224662, 2857
224747, 2858
224789, 2859
224892, 2860
224949, 2861
225023, 2862
225139, 2863
225213, 2864
225320, 2865
225437, 2866
225537, 2867
225617, 2868
225756, 2869
225828, 2870
225911, 2871
226016, 2872
226112, 2873
226183, 2874
226348, 2875
226419, 2876
226529, 2877
226611, 2878
226754, 2879
226819, 2880
226881, 2881
227009, 2882
227098, 2883
227194, 2884
227278, 2885
227344, 2886
227531, 2887
227616, 2888
227715, 2889
227815, 2890
227923, 2891
228018, 2892
228086, 2893
228186, 2894
228249, 2895
228369, 2896
228445, 2897
228606, 2898
228655, 2899
228766, 2900
228874, 2901
228953, 2902
229064, 2903
229153, 2904
229242, 2905
229307, 2906
229422, 2907
229556, 2908
229692, 2909
229802, 2910
229909, 2911
229982, 2912
230082, 2913
230160, 2914
230221, 2915
230326, 2916
230376, 2917
230455, 2918
230617, 2919
230703, 2920
230848, 2921
230914, 2922
231048, 2923
231121, 2924
231254, 2925
231318, 2926
231444, 2927
231500, 2928
231620, 2929
231704, 2930
231830, 2931
231903, 2932
232022, 2933
232075, 2934
232247, 2935
232287, 2936
232354, 2937
232446, 2938
232590, 2939
232645, 2940
232738, 2941
232815, 2942
232939, 2943
233091, 2944
233206, 2945
233273, 2946
233385, 2947
233480, 2948
233612, 2949
233752, 2950
233822, 2951
233969, 2952
234027, 2953
234108, 2954
234221, 2955
234319, 2956
234399, 2957
234517, 2958
234624, 2959
234775, 2960
234886, 2961
234991, 2962
235089, 2963
235245, 2964
235292, 2965
235413, 2966
235499, 2967
235613, 2968
235743, 2969
235899, 2970
236058, 2971
236112, 2972
236258, 2973
236343, 2974
236501, 2975
236639, 2976
236783, 2977
236940, 2978
237111, 2979
237183, 2980
237241, 2981
237349, 2982
237459, 2983
237619, 2984
237698, 2985
237925, 2986
238052, 2987
238182, 2988
238317, 2989
238383, 2990
238559, 2991
238757, 2992
238895, 2993
239080, 2994
239226, 2995
239324, 2996
239498, 2997
239824, 2998
239976, 2999
240109, 3000
240214, 3001
240311, 3002
240491, 3003
240555, 3004
240681, 3005
240771, 3006
240960, 3007
241109, 3008
241263, 3009
241377, 3010
241530, 3011
241619, 3012
241748, 3013
241922, 3014
242054, 3015
242215, 3016
242495, 3017
242646, 3018
242783, 3019
242940, 3020
243159, 3021
243240, 3022
243436, 3023
243554, 3024
243706, 3025
243836, 3026
244008, 3027
244207, 3028
244334, 3029
244457, 3030
244596, 3031
244782, 3032
244948, 3033
245093, 3034
245251, 3035
245397, 3036
245501, 3037
245684, 3038
245760, 3039
245886, 3040
245976, 3041
246207, 3042
246341, 3043
246416, 3044
246537, 3045
246626, 3046
246732, 3047
246904, 3048
246967, 3049
247184, 3050
247308, 3051
247517, 3052
