86508, 1
86544, 2
86567, 3
86607, 4
86635, 5
86675, 6
86702, 7
86743, 8
86771, 9
86802, 10
86842, 11
86883, 12
86899, 13
86938, 14
86967, 15
87010, 16
87068, 17
87093, 18
87107, 19
87149, 20
87163, 21
87207, 22
87245, 23
87275, 24
87315, 25
87331, 26
87373, 27
87412, 28
87442, 29
87471, 30
87512, 31
87542, 32
87581, 33
87610, 34
87639, 35
87679, 36
87707, 37
87751, 38
87776, 39
87804, 40
87846, 41
87874, 42
87914, 43
87943, 44
87984, 45
87999, 46
88040, 47
88069, 48
88109, 49
88140, 50
88179, 51
88209, 52
88237, 53
88277, 54
88306, 55
88347, 56
88361, 57
88403, 58
88443, 59
88485, 60
88500, 61
88542, 62
88583, 63
88612, 64
88654, 65
88708, 66
88725, 67
88766, 68
88782, 69
88834, 70
88850, 71
88902, 72
88917, 73
88958, 74
89000, 75
89027, 76
89056, 77
89096, 78
89127, 79
89153, 80
89194, 81
89211, 82
89263, 83
89292, 84
89320, 85
89362, 86
89392, 87
89434, 88
89462, 89
89492, 90
89528, 91
89557, 92
89598, 93
89613, 94
89669, 95
89684, 96
89724, 97
89766, 98
89795, 99
89822, 100
89853, 101
89893, 102
89934, 103
89949, 104
89990, 105
90020, 106
90060, 107
90088, 108
90129, 109
90157, 110
90199, 111
90214, 112
90255, 113
90296, 114
90325, 115
90369, 116
90409, 117
90451, 118
90477, 119
90517, 120
90534, 121
90574, 122
90615, 123
90632, 124
90684, 125
90699, 126
90740, 127
90771, 128
90809, 129
90839, 130
90879, 131
90908, 132
90938, 133
90977, 134
91020, 135
91034, 136
91075, 137
91118, 138
91132, 139
91173, 140
91216, 141
91232, 142
91272, 143
91310, 144
91340, 145
91383, 146
91397, 147
91441, 148
91479, 149
91508, 150
91537, 151
91577, 152
91607, 153
91647, 154
91662, 155
91716, 156
91731, 157
91786, 158
91801, 159
91843, 160
91884, 161
91899, 162
91952, 163
91994, 164
92009, 165
92052, 166
92091, 167
92120, 168
92150, 169
92189, 170
92220, 171
92258, 172
92300, 173
92327, 174
92354, 175
92383, 176
92424, 177
92453, 178
92494, 179
92524, 180
92549, 181
92592, 182
92620, 183
92661, 184
92691, 185
92720, 186
92761, 187
92790, 188
92818, 189
92858, 190
92886, 191
92929, 192
92957, 193
92984, 194
93026, 195
93066, 196
93081, 197
93123, 198
93164, 199
93178, 200
93233, 201
93248, 202
93291, 203
93331, 204
93358, 205
93386, 206
93427, 207
93442, 208
93485, 209
93524, 210
93567, 211
93581, 212
93622, 213
93664, 214
93680, 215
93722, 216
93763, 217
93791, 218
93833, 219
93847, 220
93920, 221
93942, 222
93957, 223
94012, 224
94027, 225
94068, 226
94108, 227
94139, 228
94179, 229
94206, 230
94235, 231
94276, 232
94291, 233
94345, 234
94361, 235
94402, 236
94445, 237
94460, 238
94499, 239
94541, 240
94570, 241
94600, 242
94638, 243
94669, 244
94708, 245
94737, 246
94778, 247
94794, 248
94847, 249
94862, 250
94905, 251
94934, 252
94972, 253
95001, 254
95041, 255
95069, 256
95112, 257
95127, 258
95168, 259
95210, 260
95237, 261
95265, 262
95308, 263
95337, 264
95366, 265
95406, 266
95433, 267
95476, 268
95503, 269
95545, 270
95560, 271
95601, 272
95630, 273
95669, 274
95715, 275
95753, 276
95782, 277
95824, 278
95838, 279
95879, 280
95920, 281
95948, 282
95991, 283
96005, 284
96060, 285
96075, 286
96117, 287
96158, 288
96173, 289
96215, 290
96255, 291
96283, 292
96312, 293
96351, 294
96380, 295
96423, 296
96438, 297
96492, 298
96507, 299
96550, 300
96587, 301
96615, 302
96657, 303
96672, 304
96714, 305
96755, 306
96784, 307
96812, 308
96854, 309
96869, 310
96924, 311
96938, 312
96982, 313
97020, 314
97035, 315
97091, 316
97107, 317
97149, 318
97188, 319
97215, 320
97243, 321
97285, 322
97327, 323
97342, 324
97383, 325
97423, 326
97438, 327
97495, 328
97509, 329
97551, 330
97593, 331
97608, 332
97648, 333
97689, 334
97706, 335
97746, 336
97787, 337
97815, 338
97856, 339
97871, 340
97912, 341
97953, 342
97983, 343
98011, 344
98051, 345
98080, 346
98122, 347
98150, 348
98180, 349
98220, 350
98247, 351
98288, 352
98317, 353
98346, 354
98387, 355
98415, 356
98445, 357
98484, 358
98514, 359
98555, 360
98582, 361
98623, 362
98637, 363
98679, 364
98721, 365
98735, 366
98791, 367
98807, 368
98846, 369
98887, 370
98902, 371
98943, 372
98983, 373
99025, 374
99040, 375
99082, 376
99113, 377
99151, 378
99179, 379
99222, 380
99236, 381
99280, 382
99319, 383
99348, 384
99388, 385
99417, 386
99470, 387
99491, 388
99544, 389
99585, 390
99615, 391
99630, 392
99683, 393
99709, 394
99750, 395
99777, 396
99807, 397
99846, 398
99888, 399
99903, 400
99945, 401
99984, 402
99998, 403
100039, 404
100081, 405
100098, 406
100151, 407
100167, 408
100222, 409
100237, 410
100279, 411
100319, 412
100348, 413
100374, 414
100416, 415
100444, 416
100472, 417
100512, 418
100543, 419
100583, 420
100611, 421
100641, 422
100681, 423
100697, 424
100751, 425
100766, 426
100809, 427
100850, 428
100876, 429
100918, 430
100945, 431
100988, 432
101015, 433
101043, 434
101072, 435
101111, 436
101140, 437
101172, 438
101225, 439
101253, 440
101292, 441
101322, 442
101363, 443
101377, 444
101421, 445
101461, 446
101488, 447
101514, 448
101555, 449
101573, 450
101626, 451
101641, 452
101683, 453
101722, 454
101753, 455
101792, 456
101808, 457
101851, 458
101890, 459
101905, 460
101946, 461
101988, 462
102017, 463
102059, 464
102074, 465
102115, 466
102156, 467
102184, 468
102213, 469
102254, 470
102283, 471
102313, 472
102352, 473
102381, 474
102423, 475
102451, 476
102493, 477
102508, 478
102549, 479
102590, 480
102632, 481
102648, 482
102687, 483
102728, 484
102745, 485
102784, 486
102827, 487
102850, 488
102881, 489
102919, 490
102963, 491
102990, 492
103017, 493
103048, 494
103110, 495
103127, 496
103155, 497
103196, 498
103235, 499
103250, 500
103289, 501
103328, 502
103354, 503
103396, 504
103424, 505
103454, 506
103492, 507
103523, 508
103561, 509
103591, 510
103631, 511
103659, 512
103690, 513
103729, 514
103758, 515
103799, 516
103814, 517
103856, 518
103897, 519
103913, 520
103954, 521
103994, 522
104022, 523
104064, 524
104094, 525
104133, 526
104149, 527
104192, 528
104215, 529
104256, 530
104286, 531
104327, 532
104358, 533
104397, 534
104426, 535
104466, 536
104482, 537
104527, 538
104563, 539
104592, 540
104634, 541
104649, 542
104691, 543
104732, 544
104748, 545
104790, 546
104830, 547
104858, 548
104886, 549
104945, 550
104981, 551
105070, 552
105099, 553
105129, 554
105166, 555
105181, 556
105234, 557
105248, 558
105291, 559
105329, 560
105371, 561
105385, 562
105426, 563
105455, 564
105484, 565
105526, 566
105567, 567
105582, 568
105624, 569
105665, 570
105690, 571
105718, 572
105760, 573
105791, 574
105829, 575
105845, 576
105889, 577
105927, 578
105956, 579
105997, 580
106026, 581
106056, 582
106096, 583
106123, 584
106165, 585
106180, 586
106222, 587
106262, 588
106290, 589
106321, 590
106361, 591
106390, 592
106432, 593
106461, 594
106492, 595
106530, 596
106558, 597
106599, 598
106613, 599
106655, 600
106695, 601
106724, 602
106766, 603
106781, 604
106822, 605
106863, 606
106905, 607
106921, 608
106959, 609
107002, 610
107016, 611
107085, 612
107101, 613
107127, 614
107169, 615
107184, 616
107237, 617
107252, 618
107293, 619
107324, 620
107362, 621
107405, 622
107419, 623
107461, 624
107502, 625
107531, 626
107560, 627
107601, 628
107629, 629
107671, 630
107685, 631
107727, 632
107768, 633
107782, 634
107825, 635
107865, 636
107894, 637
107934, 638
107976, 639
107992, 640
108032, 641
108061, 642
108102, 643
108117, 644
108160, 645
108197, 646
108226, 647
108269, 648
108284, 649
108326, 650
108367, 651
108393, 652
108435, 653
108450, 654
108505, 655
108520, 656
108562, 657
108602, 658
108629, 659
108658, 660
108699, 661
108729, 662
108768, 663
108783, 664
108825, 665
108867, 666
108895, 667
108937, 668
108953, 669
109008, 670
109035, 671
109064, 672
109110, 673
109129, 674
109174, 675
109215, 676
109241, 677
109259, 678
109313, 679
109329, 680
109382, 681
109412, 682
109440, 683
109477, 684
109505, 685
109538, 686
109577, 687
109606, 688
109635, 689
109671, 690
109714, 691
109743, 692
109773, 693
109799, 694
109854, 695
109883, 696
109910, 697
109938, 698
109979, 699
110009, 700
110036, 701
110079, 702
110106, 703
110148, 704
110176, 705
110205, 706
110245, 707
110272, 708
110302, 709
110343, 710
110384, 711
110412, 712
110438, 713
110481, 714
110566, 715
110594, 716
110622, 717
110664, 718
110690, 719
110731, 720
110761, 721
110803, 722
110831, 723
110859, 724
110887, 725
110927, 726
110970, 727
110996, 728
111024, 729
111067, 730
111084, 731
111124, 732
111164, 733
111193, 734
111236, 735
111264, 736
111292, 737
111332, 738
111360, 739
111387, 740
111428, 741
111459, 742
111497, 743
111528, 744
111568, 745
111597, 746
111624, 747
111667, 748
111695, 749
111737, 750
111753, 751
111792, 752
111835, 753
111850, 754
111891, 755
111932, 756
111963, 757
112028, 758
112057, 759
112084, 760
112112, 761
112142, 762
112182, 763
112224, 764
112250, 765
112278, 766
112321, 767
112347, 768
112374, 769
112415, 770
112445, 771
112486, 772
112517, 773
112543, 774
112584, 775
112613, 776
112639, 777
112682, 778
112708, 779
112749, 780
112792, 781
112822, 782
112851, 783
112877, 784
112903, 785
112945, 786
112988, 787
113016, 788
113042, 789
113086, 790
113113, 791
113157, 792
113183, 793
113210, 794
113282, 795
113307, 796
113335, 797
113377, 798
113404, 799
113432, 800
113474, 801
113500, 802
113542, 803
113571, 804
113615, 805
113642, 806
113679, 807
113705, 808
113746, 809
113768, 810
113811, 811
113837, 812
113879, 813
113906, 814
113948, 815
113975, 816
114004, 817
114031, 818
114072, 819
114112, 820
114140, 821
114184, 822
114210, 823
114240, 824
114270, 825
114321, 826
114349, 827
114379, 828
114405, 829
114446, 830
114479, 831
114504, 832
114570, 833
114597, 834
114625, 835
114656, 836
114694, 837
114717, 838
114760, 839
114790, 840
114813, 841
114865, 842
114896, 843
114926, 844
114952, 845
114992, 846
115019, 847
115049, 848
115088, 849
115130, 850
115158, 851
115186, 852
115227, 853
115256, 854
115286, 855
115322, 856
115352, 857
115394, 858
115423, 859
115450, 860
115505, 861
115534, 862
115612, 863
115639, 864
115663, 865
115704, 866
115731, 867
115772, 868
115800, 869
115829, 870
115868, 871
115911, 872
115941, 873
115969, 874
115993, 875
116035, 876
116063, 877
116121, 878
116149, 879
116175, 880
116202, 881
116244, 882
116267, 883
116307, 884
116346, 885
116373, 886
116400, 887
116441, 888
116467, 889
116512, 890
116601, 891
116667, 892
116707, 893
116746, 894
116786, 895
116816, 896
116853, 897
116883, 898
116907, 899
116956, 900
116984, 901
117011, 902
117053, 903
117095, 904
117122, 905
117152, 906
117191, 907
117220, 908
117246, 909
117286, 910
117327, 911
117352, 912
117385, 913
117414, 914
117465, 915
117493, 916
117524, 917
117593, 918
117619, 919
117656, 920
117684, 921
117726, 922
117763, 923
117803, 924
117830, 925
117879, 926
117912, 927
117954, 928
117994, 929
118031, 930
118072, 931
118109, 932
118164, 933
118208, 934
118251, 935
118290, 936
118335, 937
118405, 938
118435, 939
118471, 940
118500, 941
118540, 942
118577, 943
118608, 944
118648, 945
118677, 946
118704, 947
118745, 948
118778, 949
118818, 950
118843, 951
118889, 952
118925, 953
118970, 954
118997, 955
119027, 956
119072, 957
119115, 958
119156, 959
119197, 960
119235, 961
119311, 962
119340, 963
119379, 964
119422, 965
119459, 966
119504, 967
119542, 968
119578, 969
119626, 970
119670, 971
119708, 972
119744, 973
119772, 974
119811, 975
119854, 976
119889, 977
119920, 978
119958, 979
119990, 980
120029, 981
120070, 982
120161, 983
120206, 984
120243, 985
120284, 986
120324, 987
120362, 988
120402, 989
120442, 990
120480, 991
120521, 992
120558, 993
120589, 994
120629, 995
120664, 996
120702, 997
120751, 998
120792, 999
120861, 1000
120909, 1001
120946, 1002
120987, 1003
121028, 1004
121065, 1005
121103, 1006
121133, 1007
121184, 1008
121216, 1009
121253, 1010
121285, 1011
121319, 1012
121345, 1013
121383, 1014
121413, 1015
121455, 1016
121492, 1017
121524, 1018
121589, 1019
121618, 1020
121659, 1021
121701, 1022
121741, 1023
121767, 1024
121825, 1025
121864, 1026
121905, 1027
121941, 1028
121973, 1029
122009, 1030
122038, 1031
122076, 1032
122118, 1033
122159, 1034
122204, 1035
122242, 1036
122289, 1037
122366, 1038
122402, 1039
122448, 1040
122486, 1041
122529, 1042
122572, 1043
122612, 1044
122651, 1045
122685, 1046
122725, 1047
122769, 1048
122803, 1049
122837, 1050
122871, 1051
122913, 1052
122954, 1053
122994, 1054
123033, 1055
123102, 1056
123144, 1057
123187, 1058
123225, 1059
123269, 1060
123311, 1061
123354, 1062
123406, 1063
123443, 1064
123483, 1065
123527, 1066
123569, 1067
123623, 1068
123675, 1069
123718, 1070
123758, 1071
123799, 1072
123848, 1073
123911, 1074
123954, 1075
123987, 1076
124014, 1077
124043, 1078
124097, 1079
124139, 1080
124182, 1081
124222, 1082
124261, 1083
124302, 1084
124346, 1085
124388, 1086
124430, 1087
124471, 1088
124562, 1089
124600, 1090
124647, 1091
124698, 1092
124753, 1093
124803, 1094
124844, 1095
124895, 1096
124950, 1097
125000, 1098
125059, 1099
125116, 1100
125169, 1101
125238, 1102
125275, 1103
125329, 1104
125377, 1105
125428, 1106
125470, 1107
125518, 1108
125569, 1109
125628, 1110
125688, 1111
125738, 1112
125790, 1113
125860, 1114
125911, 1115
125964, 1116
126016, 1117
126055, 1118
126087, 1119
126130, 1120
126176, 1121
126223, 1122
126277, 1123
126336, 1124
126388, 1125
126469, 1126
126522, 1127
126583, 1128
126638, 1129
126682, 1130
126730, 1131
126784, 1132
126836, 1133
126878, 1134
126925, 1135
126985, 1136
127055, 1137
127110, 1138
127171, 1139
127250, 1140
127308, 1141
127366, 1142
127420, 1143
127468, 1144
127538, 1145
127590, 1146
127658, 1147
127707, 1148
127761, 1149
127811, 1150
127847, 1151
127898, 1152
127987, 1153
128044, 1154
128091, 1155
128143, 1156
128189, 1157
128238, 1158
128272, 1159
128328, 1160
128385, 1161
128428, 1162
128479, 1163
128509, 1164
128580, 1165
128622, 1166
128670, 1167
128728, 1168
128777, 1169
128844, 1170
128906, 1171
128976, 1172
129023, 1173
129090, 1174
129151, 1175
129227, 1176
129275, 1177
129325, 1178
129376, 1179
129433, 1180
129483, 1181
129523, 1182
129559, 1183
129604, 1184
129642, 1185
129676, 1186
129701, 1187
129749, 1188
129786, 1189
129853, 1190
129915, 1191
129974, 1192
130048, 1193
130100, 1194
130156, 1195
130207, 1196
130252, 1197
130304, 1198
130355, 1199
130407, 1200
130463, 1201
130533, 1202
130595, 1203
130637, 1204
130687, 1205
130727, 1206
130763, 1207
130816, 1208
130870, 1209
130921, 1210
130972, 1211
131027, 1212
131074, 1213
131141, 1214
131202, 1215
131248, 1216
131300, 1217
131355, 1218
131416, 1219
131469, 1220
131533, 1221
131585, 1222
131636, 1223
131690, 1224
131805, 1225
131856, 1226
131908, 1227
131973, 1228
132019, 1229
132068, 1230
132117, 1231
132168, 1232
132208, 1233
132249, 1234
132321, 1235
132370, 1236
132427, 1237
132481, 1238
132530, 1239
132585, 1240
132653, 1241
132708, 1242
132762, 1243
132811, 1244
132893, 1245
132961, 1246
133011, 1247
133068, 1248
133119, 1249
133167, 1250
133220, 1251
133272, 1252
133359, 1253
133424, 1254
133491, 1255
133554, 1256
133602, 1257
133657, 1258
133713, 1259
133771, 1260
133835, 1261
133890, 1262
133967, 1263
134028, 1264
134082, 1265
134147, 1266
134193, 1267
134242, 1268
134283, 1269
134339, 1270
134410, 1271
134508, 1272
134570, 1273
134633, 1274
134684, 1275
134737, 1276
134784, 1277
134825, 1278
134873, 1279
134922, 1280
134968, 1281
135072, 1282
135124, 1283
135185, 1284
135243, 1285
135293, 1286
135352, 1287
135419, 1288
135478, 1289
135569, 1290
135636, 1291
135693, 1292
135745, 1293
135795, 1294
135842, 1295
135888, 1296
135967, 1297
136027, 1298
136081, 1299
136125, 1300
136176, 1301
136220, 1302
136260, 1303
136299, 1304
136342, 1305
136390, 1306
136460, 1307
136511, 1308
136562, 1309
136613, 1310
136664, 1311
136720, 1312
136770, 1313
136819, 1314
136869, 1315
136924, 1316
137003, 1317
137042, 1318
137084, 1319
137134, 1320
137184, 1321
137225, 1322
137269, 1323
137315, 1324
137359, 1325
137413, 1326
137473, 1327
137508, 1328
137547, 1329
137589, 1330
137632, 1331
137671, 1332
137710, 1333
137746, 1334
137797, 1335
137849, 1336
137893, 1337
137998, 1338
138051, 1339
138115, 1340
138168, 1341
138226, 1342
138280, 1343
138341, 1344
138413, 1345
138468, 1346
138523, 1347
138571, 1348
138618, 1349
138677, 1350
138736, 1351
138810, 1352
138891, 1353
138935, 1354
138986, 1355
139035, 1356
139078, 1357
139134, 1358
139185, 1359
139241, 1360
139290, 1361
139363, 1362
139410, 1363
139464, 1364
139510, 1365
139555, 1366
139593, 1367
139634, 1368
139690, 1369
139774, 1370
139827, 1371
139880, 1372
139937, 1373
139986, 1374
140039, 1375
140086, 1376
140141, 1377
140185, 1378
140347, 1379
140407, 1380
140459, 1381
140504, 1382
140538, 1383
140580, 1384
140619, 1385
140658, 1386
140700, 1387
140753, 1388
140801, 1389
140851, 1390
140915, 1391
140964, 1392
141010, 1393
141060, 1394
141118, 1395
141193, 1396
141238, 1397
141291, 1398
141355, 1399
141414, 1400
141466, 1401
141520, 1402
141608, 1403
141657, 1404
141714, 1405
141760, 1406
141809, 1407
141859, 1408
141908, 1409
141959, 1410
142039, 1411
142100, 1412
142153, 1413
142203, 1414
142252, 1415
142307, 1416
142361, 1417
142471, 1418
142531, 1419
142596, 1420
142659, 1421
142716, 1422
142773, 1423
142848, 1424
142898, 1425
142947, 1426
142991, 1427
143043, 1428
143097, 1429
143143, 1430
143191, 1431
143264, 1432
143314, 1433
143367, 1434
143427, 1435
143482, 1436
143540, 1437
143598, 1438
143675, 1439
143727, 1440
143783, 1441
143823, 1442
143865, 1443
143919, 1444
143966, 1445
144056, 1446
144110, 1447
144157, 1448
144213, 1449
144277, 1450
144322, 1451
144357, 1452
144394, 1453
144483, 1454
144543, 1455
144587, 1456
144631, 1457
144689, 1458
144737, 1459
144798, 1460
144863, 1461
144899, 1462
144943, 1463
144994, 1464
145061, 1465
145124, 1466
145187, 1467
145273, 1468
145321, 1469
145378, 1470
145431, 1471
145485, 1472
145532, 1473
145594, 1474
145644, 1475
145689, 1476
145746, 1477
145811, 1478
145863, 1479
145912, 1480
145989, 1481
146057, 1482
146105, 1483
146162, 1484
146212, 1485
146261, 1486
146338, 1487
146418, 1488
146458, 1489
146512, 1490
146551, 1491
146594, 1492
146642, 1493
146693, 1494
146775, 1495
146826, 1496
146866, 1497
146916, 1498
146968, 1499
147019, 1500
147085, 1501
147126, 1502
147184, 1503
147238, 1504
147287, 1505
147342, 1506
147402, 1507
147482, 1508
147532, 1509
147578, 1510
147630, 1511
147676, 1512
147734, 1513
147857, 1514
147914, 1515
147966, 1516
148017, 1517
148070, 1518
148123, 1519
148234, 1520
148285, 1521
148339, 1522
148394, 1523
148449, 1524
148498, 1525
148588, 1526
148638, 1527
148669, 1528
148711, 1529
148757, 1530
148797, 1531
148852, 1532
148924, 1533
148978, 1534
149036, 1535
149075, 1536
149112, 1537
149153, 1538
149197, 1539
149274, 1540
149326, 1541
149374, 1542
149438, 1543
149506, 1544
149586, 1545
149640, 1546
149702, 1547
149754, 1548
149800, 1549
149885, 1550
149932, 1551
149976, 1552
150023, 1553
150064, 1554
150116, 1555
150159, 1556
150227, 1557
150264, 1558
150316, 1559
150357, 1560
150398, 1561
150438, 1562
150513, 1563
150572, 1564
150618, 1565
150673, 1566
150718, 1567
150775, 1568
150838, 1569
150889, 1570
150948, 1571
151004, 1572
151052, 1573
151094, 1574
151172, 1575
151227, 1576
151270, 1577
151323, 1578
151370, 1579
151410, 1580
151449, 1581
151483, 1582
151544, 1583
151595, 1584
151645, 1585
151686, 1586
151724, 1587
151763, 1588
151849, 1589
151900, 1590
151943, 1591
151991, 1592
152037, 1593
152111, 1594
152159, 1595
152219, 1596
152286, 1597
152382, 1598
152427, 1599
152465, 1600
152506, 1601
152542, 1602
152587, 1603
152654, 1604
152710, 1605
152764, 1606
152813, 1607
152888, 1608
152934, 1609
152995, 1610
153043, 1611
153091, 1612
153190, 1613
153253, 1614
153309, 1615
153363, 1616
153444, 1617
153499, 1618
153555, 1619
153604, 1620
153690, 1621
153744, 1622
153803, 1623
153863, 1624
153953, 1625
154002, 1626
154049, 1627
154104, 1628
154208, 1629
154263, 1630
154327, 1631
154383, 1632
154454, 1633
154509, 1634
154568, 1635
154635, 1636
154679, 1637
154734, 1638
154777, 1639
154830, 1640
154909, 1641
154965, 1642
155013, 1643
155127, 1644
155187, 1645
155253, 1646
155305, 1647
155359, 1648
155441, 1649
155504, 1650
155556, 1651
155606, 1652
155676, 1653
155729, 1654
155782, 1655
155838, 1656
155904, 1657
155957, 1658
156017, 1659
156066, 1660
156175, 1661
156226, 1662
156282, 1663
156346, 1664
156401, 1665
156456, 1666
156509, 1667
156588, 1668
156653, 1669
156698, 1670
156750, 1671
156811, 1672
156858, 1673
156908, 1674
156950, 1675
157029, 1676
157097, 1677
157148, 1678
157206, 1679
157280, 1680
157343, 1681
157393, 1682
157449, 1683
157528, 1684
157588, 1685
157636, 1686
157716, 1687
157770, 1688
157821, 1689
157916, 1690
157966, 1691
158020, 1692
158082, 1693
158155, 1694
158218, 1695
158277, 1696
158357, 1697
158412, 1698
158467, 1699
158520, 1700
158598, 1701
158653, 1702
158712, 1703
158828, 1704
158874, 1705
158948, 1706
159003, 1707
159052, 1708
159108, 1709
159184, 1710
159249, 1711
159330, 1712
159380, 1713
159433, 1714
159483, 1715
159581, 1716
159634, 1717
159691, 1718
159771, 1719
159820, 1720
159871, 1721
159948, 1722
160004, 1723
160049, 1724
160109, 1725
160191, 1726
160246, 1727
160315, 1728
160408, 1729
160458, 1730
160515, 1731
160598, 1732
160650, 1733
160696, 1734
160763, 1735
160814, 1736
160861, 1737
160937, 1738
160991, 1739
161047, 1740
161148, 1741
161210, 1742
161305, 1743
161362, 1744
161419, 1745
161486, 1746
161537, 1747
161588, 1748
161656, 1749
161712, 1750
161812, 1751
161850, 1752
161890, 1753
161925, 1754
161983, 1755
162034, 1756
162079, 1757
162134, 1758
162203, 1759
162253, 1760
162338, 1761
162395, 1762
162448, 1763
162517, 1764
162560, 1765
162614, 1766
162716, 1767
162774, 1768
162847, 1769
162897, 1770
162945, 1771
163011, 1772
163072, 1773
163160, 1774
163217, 1775
163346, 1776
163399, 1777
163460, 1778
163625, 1779
163666, 1780
163728, 1781
163759, 1782
163810, 1783
163884, 1784
163940, 1785
164059, 1786
164108, 1787
164163, 1788
164237, 1789
164292, 1790
164365, 1791
164428, 1792
164495, 1793
164567, 1794
164687, 1795
164736, 1796
164778, 1797
164837, 1798
164890, 1799
164952, 1800
165005, 1801
165077, 1802
165134, 1803
165195, 1804
165263, 1805
165349, 1806
165441, 1807
165498, 1808
165579, 1809
165640, 1810
165709, 1811
165768, 1812
165833, 1813
165919, 1814
165955, 1815
166003, 1816
166090, 1817
166139, 1818
166206, 1819
166265, 1820
166335, 1821
166386, 1822
166472, 1823
166550, 1824
166630, 1825
166671, 1826
166739, 1827
166775, 1828
166827, 1829
166871, 1830
166939, 1831
167031, 1832
167096, 1833
167159, 1834
167217, 1835
167289, 1836
167360, 1837
167413, 1838
167518, 1839
167582, 1840
167653, 1841
167704, 1842
167758, 1843
167823, 1844
167870, 1845
167972, 1846
168024, 1847
168100, 1848
168162, 1849
168262, 1850
168319, 1851
168437, 1852
168500, 1853
168582, 1854
168666, 1855
168718, 1856
168812, 1857
168875, 1858
168929, 1859
168990, 1860
169053, 1861
169129, 1862
169209, 1863
169351, 1864
169396, 1865
169454, 1866
169504, 1867
169588, 1868
169698, 1869
169792, 1870
169837, 1871
169964, 1872
170020, 1873
170087, 1874
170174, 1875
170242, 1876
170327, 1877
170401, 1878
170477, 1879
170547, 1880
170654, 1881
170744, 1882
170817, 1883
170905, 1884
170957, 1885
171002, 1886
171086, 1887
171186, 1888
171261, 1889
171332, 1890
171435, 1891
171500, 1892
171543, 1893
171612, 1894
171685, 1895
171800, 1896
171884, 1897
171959, 1898
172015, 1899
172178, 1900
172255, 1901
172348, 1902
172443, 1903
172550, 1904
172641, 1905
172725, 1906
172847, 1907
172904, 1908
173000, 1909
173075, 1910
173176, 1911
173229, 1912
173318, 1913
173377, 1914
173452, 1915
173538, 1916
173598, 1917
173705, 1918
173757, 1919
173835, 1920
173904, 1921
174002, 1922
174148, 1923
174297, 1924
174368, 1925
174430, 1926
174556, 1927
174629, 1928
174733, 1929
174849, 1930
174920, 1931
175044, 1932
175155, 1933
175255, 1934
175389, 1935
175484, 1936
175609, 1937
175671, 1938
175787, 1939
175912, 1940
175965, 1941
176042, 1942
176108, 1943
